step_time,reward,total_stopped,total_wait_time,episode,terminal_observation
5.0,0.0,0,0.0,,
10.0,0.0,0,0.0,,
15.0,-0.03,2,3.0,,
20.0,-0.35,8,38.0,,
25.0,-0.4,8,78.0,,
30.0,-0.49,10,127.0,,
35.0,-0.5,10,177.0,,
40.0,-0.5699999999999998,12,234.0,,
45.0,0.020000000000000018,10,232.0,,
50.0,-0.040000000000000036,13,236.0,,
55.0,0.1599999999999997,8,220.0,,
60.0,0.44000000000000017,10,176.0,,
65.0,0.06000000000000005,8,170.0,,
70.0,0.24,4,146.0,,
75.0,0.020000000000000018,5,144.0,,
80.0,-0.30000000000000004,6,174.0,,
85.0,-0.30000000000000004,6,204.0,,
90.0,-0.6000000000000001,14,264.0,,
95.0,-0.48999999999999977,10,313.0,,
100.0,-0.4700000000000002,13,360.0,,
105.0,0.0900000000000003,10,351.0,,
110.0,0.5,11,301.0,,
115.0,-0.4600000000000004,14,347.0,,
120.0,-0.2999999999999998,10,377.0,,
125.0,0.1299999999999999,10,364.0,,
130.0,-0.029999999999999805,10,367.0,,
135.0,-0.5200000000000005,12,419.0,,
140.0,-0.5999999999999996,12,479.0,,
145.0,-0.1200000000000001,9,491.0,,
150.0,-0.10999999999999943,11,502.0,,
155.0,0.09999999999999964,8,492.0,,
160.0,0.04999999999999982,14,487.0,,
165.0,-0.8799999999999999,18,575.0,,
170.0,-0.5700000000000003,16,632.0,,
175.0,-0.09999999999999964,12,642.0,,
180.0,-0.21999999999999975,12,664.0,,
185.0,2.7499999999999996,9,389.0,,
190.0,1.83,15,206.0,,
195.0,-0.6200000000000001,15,268.0,,
200.0,-0.4099999999999997,14,309.0,,
205.0,-0.6300000000000003,16,372.0,,
210.0,0.28000000000000025,11,344.0,,
215.0,0.9300000000000002,11,251.0,,
220.0,0.45999999999999996,10,205.0,,
225.0,0.8699999999999999,8,118.0,,
230.0,0.010000000000000009,10,117.0,,
235.0,-0.28,12,145.0,,
240.0,0.29000000000000004,6,116.0,,
245.0,0.21999999999999997,7,94.0,,
250.0,-0.3500000000000001,8,129.0,,
255.0,-0.41999999999999993,10,171.0,,
260.0,0.1399999999999999,6,157.0,,
265.0,0.15000000000000013,9,142.0,,
270.0,0.0,7,142.0,,
275.0,-0.16000000000000014,11,158.0,,
280.0,-0.15999999999999992,6,174.0,,
285.0,0.19999999999999996,5,154.0,,
290.0,-0.08999999999999986,7,163.0,,
295.0,-0.3500000000000001,7,198.0,,
300.0,-0.3500000000000001,7,233.0,,
305.0,-0.6600000000000001,15,299.0,,
310.0,-0.21999999999999975,10,321.0,,
315.0,-0.41000000000000014,14,362.0,,
320.0,0.10000000000000009,10,352.0,,
325.0,0.48,11,304.0,,
330.0,-0.43999999999999995,12,348.0,,
335.0,-0.2200000000000002,10,370.0,,
340.0,0.3600000000000003,8,334.0,,
345.0,-0.22999999999999998,10,357.0,,
350.0,-0.52,12,409.0,,
355.0,-0.6000000000000005,12,469.0,,
360.0,-0.6099999999999994,13,530.0,,
365.0,-0.6900000000000004,14,599.0,,
370.0,-0.009999999999999787,10,600.0,,
375.0,-0.019999999999999574,14,602.0,,
380.0,0.009999999999999787,14,601.0,,
385.0,0.33999999999999986,13,567.0,,
390.0,-0.5800000000000001,15,625.0,,
395.0,-0.3799999999999999,12,663.0,,
400.0,-0.03000000000000025,10,666.0,,
405.0,3.04,7,362.0,,
410.0,2.13,14,149.0,,
415.0,-0.44999999999999996,14,194.0,,
420.0,-0.18999999999999995,10,213.0,,
425.0,-0.3200000000000003,12,245.0,,
430.0,0.0900000000000003,8,236.0,,
435.0,0.04999999999999982,11,231.0,,
440.0,-0.71,15,302.0,,
445.0,-0.79,19,381.0,,
450.0,-0.69,19,450.0,,
455.0,-0.07000000000000028,12,457.0,,
460.0,1.0300000000000002,10,354.0,,
465.0,1.3199999999999998,14,222.0,,
470.0,-0.06999999999999984,14,229.0,,
475.0,0.03000000000000025,10,226.0,,
480.0,0.019999999999999574,9,224.0,,
485.0,-0.5299999999999998,15,277.0,,
490.0,0.06000000000000005,9,271.0,,
495.0,-0.08999999999999986,14,280.0,,
500.0,-0.010000000000000231,14,281.0,,
505.0,0.3500000000000001,12,246.0,,
510.0,-0.5100000000000002,16,297.0,,
515.0,-0.23999999999999977,10,321.0,,
520.0,0.20999999999999996,11,300.0,,
525.0,0.16999999999999993,11,283.0,,
530.0,-0.33999999999999986,13,317.0,,
535.0,-0.6200000000000001,13,379.0,,
540.0,-0.6500000000000004,13,444.0,,
545.0,-0.7299999999999995,15,517.0,,
550.0,0.22999999999999954,11,494.0,,
555.0,0.20000000000000018,15,474.0,,
560.0,0.08999999999999986,14,465.0,,
565.0,0.29000000000000004,14,436.0,,
570.0,-0.6099999999999994,17,497.0,,
575.0,-0.33999999999999986,12,531.0,,
580.0,0.20999999999999996,9,510.0,,
585.0,2.4099999999999997,7,269.0,,
590.0,0.73,17,196.0,,
595.0,-0.7000000000000002,19,266.0,,
600.0,-0.8999999999999999,22,356.0,,
605.0,-0.4700000000000002,17,403.0,,
610.0,0.2100000000000004,11,382.0,,
615.0,0.48,9,334.0,,
620.0,0.0,9,334.0,,
625.0,-0.3500000000000001,10,369.0,,
630.0,0.7999999999999998,9,289.0,,
635.0,1.61,8,128.0,,
640.0,-0.34999999999999987,9,163.0,,
645.0,-0.3700000000000001,10,200.0,,
650.0,-0.5699999999999998,12,257.0,,
655.0,0.19999999999999973,9,237.0,,
660.0,-0.04999999999999982,11,242.0,,
665.0,0.41000000000000014,11,201.0,,
670.0,0.7999999999999998,10,121.0,,
675.0,-0.08000000000000007,14,129.0,,
680.0,-0.21999999999999997,8,151.0,,
685.0,0.19999999999999996,5,131.0,,
690.0,-0.10999999999999988,7,142.0,,
695.0,-0.3400000000000001,7,176.0,,
700.0,-0.44000000000000017,11,220.0,,
705.0,0.1900000000000004,9,201.0,,
710.0,0.019999999999999796,11,199.0,,
715.0,-0.07999999999999985,11,207.0,,
720.0,-0.15000000000000036,11,222.0,,
725.0,-0.19999999999999973,9,242.0,,
730.0,0.3999999999999999,3,202.0,,
735.0,0.16999999999999993,6,185.0,,
740.0,-0.5099999999999998,11,236.0,,
745.0,-0.56,12,292.0,,
750.0,-0.6400000000000001,13,356.0,,
755.0,0.08000000000000007,8,348.0,,
760.0,-0.10999999999999988,14,359.0,,
765.0,-0.040000000000000036,10,363.0,,
770.0,-0.0900000000000003,13,372.0,,
775.0,-0.7799999999999998,18,450.0,,
780.0,-0.4400000000000004,14,494.0,,
785.0,0.1900000000000004,10,475.0,,
790.0,0.04999999999999982,10,470.0,,
795.0,-0.5,12,520.0,,
800.0,0.020000000000000462,9,518.0,,
805.0,-0.020000000000000462,13,520.0,,
810.0,-0.20999999999999996,12,541.0,,
815.0,-0.17999999999999972,12,559.0,,
820.0,-0.7199999999999998,16,631.0,,
825.0,-0.2400000000000002,11,655.0,,
830.0,0.2999999999999998,6,625.0,,
835.0,3.19,5,306.0,,
840.0,2.23,10,83.0,,
845.0,-0.29999999999999993,13,113.0,,
850.0,-0.06000000000000005,8,119.0,,
855.0,-0.1200000000000001,10,131.0,,
860.0,-0.43999999999999995,10,175.0,,
865.0,-0.5,10,225.0,,
870.0,-0.040000000000000036,10,229.0,,
875.0,-0.06999999999999984,11,236.0,,
880.0,0.2799999999999998,13,208.0,,
885.0,0.6800000000000002,12,140.0,,
890.0,-0.26,13,166.0,,
895.0,-0.09000000000000008,11,175.0,,
900.0,-0.3700000000000001,12,212.0,,
905.0,-0.6499999999999999,13,277.0,,
910.0,-0.06000000000000005,11,283.0,,
915.0,-0.44999999999999973,16,328.0,,
920.0,0.16999999999999993,12,311.0,,
925.0,0.73,11,238.0,,
930.0,-0.03000000000000025,15,241.0,,
935.0,-0.19999999999999973,9,261.0,,
940.0,0.5499999999999998,5,206.0,,
945.0,0.24,5,182.0,,
950.0,-0.22999999999999976,8,205.0,,
955.0,-0.5900000000000003,13,264.0,,
960.0,-0.04999999999999982,8,269.0,,
965.0,-0.3700000000000001,14,306.0,,
970.0,-0.020000000000000018,9,308.0,,
975.0,-0.029999999999999805,12,311.0,,
980.0,-0.6200000000000001,14,373.0,,
985.0,-0.25,10,398.0,,
990.0,0.25,9,373.0,,
995.0,0.029999999999999805,10,370.0,,
1000.0,-0.54,12,424.0,,
1005.0,-0.16999999999999993,8,441.0,,
1010.0,-0.20000000000000018,10,461.0,,
1015.0,0.020000000000000462,8,459.0,,
1020.0,-0.040000000000000036,9,463.0,,
1025.0,-0.28000000000000025,11,491.0,,
1030.0,-0.1899999999999995,10,510.0,,
1035.0,2.5399999999999996,10,256.0,,
1040.0,1.28,13,128.0,,
1045.0,-0.4099999999999999,11,169.0,,
1050.0,-0.050000000000000044,8,174.0,,
1055.0,-0.16999999999999993,8,191.0,,
1060.0,-0.4600000000000002,12,237.0,,
1065.0,0.20999999999999996,8,216.0,,
1070.0,0.41000000000000014,11,175.0,,
1075.0,0.3899999999999999,8,136.0,,
1080.0,0.5400000000000001,7,82.0,,
1085.0,0.06999999999999995,6,75.0,,
1090.0,0.27,3,48.0,,
1095.0,-0.010000000000000009,7,49.0,,
1100.0,-0.49,11,98.0,,
1105.0,-0.32000000000000006,9,130.0,,
1110.0,-0.3999999999999999,13,170.0,,
1115.0,0.08999999999999986,9,161.0,,
1120.0,0.32000000000000006,10,129.0,,
1125.0,-0.43999999999999995,13,173.0,,
1130.0,-0.22999999999999998,11,196.0,,
1135.0,0.4099999999999999,8,155.0,,
1140.0,0.050000000000000044,8,150.0,,
1145.0,-0.48,10,198.0,,
1150.0,-0.5,10,248.0,,
1155.0,-0.5800000000000001,12,306.0,,
1160.0,0.020000000000000018,10,304.0,,
1165.0,0.020000000000000018,11,302.0,,
1170.0,-0.020000000000000018,14,304.0,,
1175.0,0.29000000000000004,13,275.0,,
1180.0,-0.20000000000000018,11,295.0,,
1185.0,0.040000000000000036,8,291.0,,
1190.0,-0.1599999999999997,9,307.0,,
1195.0,1.5399999999999998,7,153.0,,
1200.0,0.14000000000000012,11,139.0,,
1205.0,-0.6100000000000001,13,200.0,,
1210.0,-0.4700000000000002,12,247.0,,
1215.0,-0.6299999999999999,14,310.0,,
1220.0,0.3799999999999999,9,272.0,,
1225.0,0.13000000000000034,13,259.0,,
1230.0,0.3799999999999999,10,221.0,,
1235.0,1.0,7,121.0,,
1240.0,-0.06000000000000005,16,127.0,,
1245.0,-0.27,11,154.0,,
1250.0,0.3900000000000001,7,115.0,,
1255.0,-0.020000000000000018,8,117.0,,
1260.0,-0.3500000000000001,8,152.0,,
1265.0,-0.45999999999999996,10,198.0,,
1270.0,0.19999999999999996,6,178.0,,
1275.0,0.08000000000000007,12,170.0,,
1280.0,0.0,8,170.0,,
1285.0,-0.08000000000000007,11,178.0,,
1290.0,-0.18999999999999995,9,197.0,,
1295.0,0.31000000000000005,5,166.0,,
1300.0,-0.15000000000000013,7,181.0,,
1305.0,-0.3500000000000001,7,216.0,,
1310.0,-0.3999999999999999,10,256.0,,
1315.0,-0.6999999999999997,15,326.0,,
1320.0,-0.1900000000000004,12,345.0,,
1325.0,-0.5,16,395.0,,
1330.0,0.1200000000000001,10,383.0,,
1335.0,0.5100000000000002,12,332.0,,
1340.0,-0.4200000000000004,14,374.0,,
1345.0,-0.21999999999999975,10,396.0,,
1350.0,0.21999999999999975,9,374.0,,
1355.0,0.0,10,374.0,,
1360.0,-0.5299999999999994,12,427.0,,
1365.0,-0.6000000000000005,12,487.0,,
1370.0,-0.6100000000000003,13,548.0,,
1375.0,-0.07999999999999918,10,556.0,,
1380.0,-0.11000000000000032,12,567.0,,
1385.0,0.019999999999999574,13,565.0,,
1390.0,0.1200000000000001,13,553.0,,
1395.0,-0.3700000000000001,14,590.0,,
1400.0,-0.14999999999999947,11,605.0,,
1405.0,2.88,6,317.0,,
1410.0,1.8099999999999998,13,136.0,,
1415.0,-0.5,11,186.0,,
1420.0,-0.26,12,212.0,,
1425.0,-0.45999999999999996,13,258.0,,
1430.0,-0.69,14,327.0,,
1435.0,-0.020000000000000018,10,329.0,,
1440.0,-0.16999999999999993,14,346.0,,
1445.0,0.43999999999999995,11,302.0,,
1450.0,1.35,7,167.0,,
1455.0,0.6399999999999999,12,103.0,,
1460.0,-0.29000000000000004,13,132.0,,
1465.0,0.18000000000000016,8,114.0,,
1470.0,-0.050000000000000044,10,119.0,,
1475.0,-0.5,10,169.0,,
1480.0,-0.5800000000000001,12,227.0,,
1485.0,0.029999999999999805,9,224.0,,
1490.0,-0.04999999999999982,12,229.0,,
1495.0,0.08999999999999986,9,220.0,,
1500.0,0.44000000000000017,10,176.0,,
1505.0,-0.050000000000000044,8,181.0,,
1510.0,0.24,5,157.0,,
1515.0,-0.06999999999999984,7,164.0,,
1520.0,-0.3500000000000001,7,199.0,,
1525.0,1.03,7,96.0,,
1530.0,-0.5900000000000001,15,155.0,,
1535.0,-0.5199999999999998,11,207.0,,
1540.0,-0.5300000000000002,13,260.0,,
1545.0,-0.25,10,285.0,,
1550.0,-0.3900000000000001,16,324.0,,
1555.0,0.3500000000000001,10,289.0,,
1560.0,1.32,9,157.0,,
1565.0,0.27,8,130.0,,
1570.0,0.15000000000000013,9,115.0,,
1575.0,-0.16000000000000014,11,131.0,,
1580.0,-0.53,11,184.0,,
1585.0,-0.5799999999999998,12,242.0,,
1590.0,-0.10000000000000009,10,252.0,,
1595.0,-0.08999999999999986,11,261.0,,
1600.0,0.29000000000000004,12,232.0,,
1605.0,0.7599999999999998,10,156.0,,
1610.0,0.22999999999999998,12,133.0,,
1615.0,-0.1399999999999999,9,147.0,,
1620.0,0.4099999999999999,5,106.0,,
1625.0,-0.11999999999999988,7,118.0,,
1630.0,-0.3500000000000001,7,153.0,,
1635.0,-0.42999999999999994,11,196.0,,
1640.0,0.22999999999999998,7,173.0,,
1645.0,-0.31999999999999984,11,205.0,,
1650.0,-0.3900000000000001,9,244.0,,
1655.0,-0.3500000000000001,9,279.0,,
1660.0,0.7000000000000002,10,209.0,,
1665.0,-0.6000000000000001,13,269.0,,
1670.0,-0.4500000000000002,13,314.0,,
1675.0,-0.6099999999999999,16,375.0,,
1680.0,-0.6399999999999997,15,439.0,,
1685.0,-0.7700000000000005,19,516.0,,
1690.0,0.5300000000000002,14,463.0,,
1695.0,1.58,10,305.0,,
1700.0,0.9299999999999997,12,212.0,,
1705.0,0.10000000000000009,10,202.0,,
1710.0,0.29000000000000004,10,173.0,,
1715.0,0.15999999999999992,10,157.0,,
1720.0,-0.47,12,204.0,,
1725.0,-0.6000000000000001,12,264.0,,
1730.0,-0.6599999999999997,14,330.0,,
1735.0,-0.06000000000000005,11,336.0,,
1740.0,-0.07000000000000028,12,343.0,,
1745.0,0.29000000000000004,11,314.0,,
1750.0,0.8700000000000001,10,227.0,,
1755.0,-0.04999999999999982,9,232.0,,
1760.0,-0.20000000000000018,11,252.0,,
1765.0,-0.5,13,302.0,,
1770.0,-0.6499999999999999,13,367.0,,
1775.0,-0.050000000000000266,12,372.0,,
1780.0,-0.7200000000000002,15,444.0,,
1785.0,0.23000000000000043,12,421.0,,
1790.0,0.79,9,342.0,,
1795.0,-0.16999999999999993,10,359.0,,
1800.0,-0.020000000000000018,9,361.0,,
1805.0,-0.43999999999999995,11,405.0,,
1810.0,-0.5899999999999999,13,464.0,,
1815.0,-0.75,18,539.0,,
1820.0,-0.040000000000000036,15,543.0,,
1825.0,0.8599999999999994,13,457.0,,
1830.0,-0.17999999999999972,11,475.0,,
1835.0,0.05999999999999961,9,469.0,,
1840.0,2.3200000000000003,7,237.0,,
1845.0,0.9700000000000002,12,140.0,,
1850.0,-0.42000000000000015,12,182.0,,
1855.0,-0.28,12,210.0,,
1860.0,-0.48999999999999977,14,259.0,,
1865.0,-0.3900000000000001,12,298.0,,
1870.0,-0.52,16,350.0,,
1875.0,0.2999999999999998,13,320.0,,
1880.0,1.0100000000000002,10,219.0,,
1885.0,0.54,11,165.0,,
1890.0,-0.28,14,193.0,,
1895.0,0.49,8,144.0,,
1900.0,0.15999999999999992,10,128.0,,
1905.0,-0.3599999999999999,10,164.0,,
1910.0,-0.53,12,217.0,,
1915.0,0.009999999999999787,8,216.0,,
1920.0,0.06000000000000005,11,210.0,,
1925.0,0.03000000000000025,10,207.0,,
1930.0,0.23999999999999977,13,183.0,,
1935.0,-0.2799999999999998,9,211.0,,
1940.0,-0.020000000000000018,9,213.0,,
1945.0,-0.33000000000000007,10,246.0,,
1950.0,-0.04999999999999982,10,251.0,,
1955.0,-0.3600000000000003,12,287.0,,
1960.0,-0.040000000000000036,13,291.0,,
1965.0,-0.06000000000000005,15,297.0,,
1970.0,-0.33999999999999986,13,331.0,,
1975.0,0.06000000000000005,11,325.0,,
1980.0,-0.2999999999999998,11,355.0,,
1985.0,-0.6400000000000006,13,419.0,,
1990.0,-0.02999999999999936,12,422.0,,
1995.0,-0.45999999999999996,16,468.0,,
2000.0,-0.5600000000000005,13,524.0,,
2005.0,-0.47999999999999954,14,572.0,,
2010.0,1.7899999999999996,12,393.0,,
2015.0,0.22999999999999998,17,370.0,,
2020.0,-0.6200000000000001,14,432.0,,
2025.0,-0.27999999999999936,12,460.0,,
2030.0,-0.6800000000000006,18,528.0,,
2035.0,-1.04,23,632.0,,
2040.0,0.41000000000000014,21,591.0,,
2045.0,1.5499999999999998,14,436.0,,
2050.0,-0.2699999999999996,12,463.0,,
2055.0,0.08000000000000007,12,455.0,,
2060.0,0.6599999999999997,11,389.0,,
2065.0,1.1300000000000003,10,276.0,,
2070.0,0.21999999999999975,18,254.0,,
2075.0,-0.41000000000000014,17,295.0,,
2080.0,0.15000000000000036,13,280.0,,
2085.0,0.10999999999999988,10,269.0,,
2090.0,-0.18000000000000016,12,287.0,,
2095.0,-0.04999999999999982,10,292.0,,
2100.0,-0.1499999999999999,14,307.0,,
2105.0,-0.6400000000000001,17,371.0,,
2110.0,-0.41999999999999993,14,413.0,,
2115.0,-0.5700000000000003,16,470.0,,
2120.0,0.16999999999999993,11,453.0,,
2125.0,0.81,12,372.0,,
2130.0,0.06000000000000005,13,366.0,,
2135.0,-0.39999999999999947,12,406.0,,
2140.0,-0.16000000000000014,12,422.0,,
2145.0,-0.3799999999999999,13,460.0,,
2150.0,-0.6200000000000001,15,522.0,,
2155.0,0.3099999999999996,9,491.0,,
2160.0,0.03000000000000025,13,488.0,,
2165.0,-0.5300000000000002,12,541.0,,
2170.0,-0.3799999999999999,11,579.0,,
2175.0,2.21,12,358.0,,
2180.0,0.6299999999999999,19,295.0,,
2185.0,-0.69,15,364.0,,
2190.0,-0.5100000000000002,15,415.0,,
2195.0,-0.2699999999999996,12,442.0,,
2200.0,-0.5,19,492.0,,
2205.0,0.41999999999999993,16,450.0,,
2210.0,1.79,12,271.0,,
2215.0,-0.31000000000000005,14,302.0,,
2220.0,0.040000000000000036,11,298.0,,
2225.0,-0.029999999999999805,14,301.0,,
2230.0,-0.5900000000000003,14,360.0,,
2235.0,-0.21999999999999975,12,382.0,,
2240.0,-0.3300000000000005,17,415.0,,
2245.0,0.5000000000000004,12,365.0,,
2250.0,1.1799999999999997,15,247.0,,
2255.0,0.5900000000000003,16,188.0,,
2260.0,-0.41999999999999993,15,230.0,,
2265.0,0.29000000000000004,10,201.0,,
2270.0,-0.17000000000000037,12,218.0,,
2275.0,-0.44999999999999973,12,263.0,,
2280.0,0.04999999999999982,10,258.0,,
2285.0,-0.06000000000000005,14,264.0,,
2290.0,0.1200000000000001,10,252.0,,
2295.0,0.33999999999999986,10,218.0,,
2300.0,0.10000000000000009,10,208.0,,
2305.0,0.22999999999999998,7,185.0,,
2310.0,0.0,7,185.0,,
2315.0,-0.3500000000000001,7,220.0,,
2320.0,-0.5599999999999996,14,276.0,,
2325.0,-0.56,11,332.0,,
2330.0,-0.5700000000000003,15,389.0,,
2335.0,0.050000000000000266,11,384.0,,
2340.0,0.6599999999999997,9,318.0,,
2345.0,-0.25,10,343.0,,
2350.0,-0.06999999999999984,9,350.0,,
2355.0,-0.41999999999999993,11,392.0,,
2360.0,1.71,10,221.0,,
2365.0,0.10999999999999988,17,210.0,,
2370.0,-0.6299999999999999,13,273.0,,
2375.0,-0.56,15,329.0,,
2380.0,-0.2799999999999998,12,357.0,,
2385.0,-0.38000000000000034,16,395.0,,
2390.0,0.38000000000000034,14,357.0,,
2395.0,0.98,15,259.0,,
2400.0,0.54,17,205.0,,
2405.0,-0.3600000000000003,15,241.0,,
2410.0,0.26000000000000023,10,215.0,,
2415.0,0.17999999999999994,11,197.0,,
2420.0,-0.44000000000000017,11,241.0,,
2425.0,-0.5800000000000001,12,299.0,,
2430.0,0.040000000000000036,11,295.0,,
2435.0,0.26000000000000023,13,269.0,,
2440.0,0.16000000000000014,10,253.0,,
2445.0,0.48999999999999977,10,204.0,,
2450.0,-0.1200000000000001,8,216.0,,
2455.0,0.14000000000000012,6,202.0,,
2460.0,-0.08000000000000007,7,210.0,,
2465.0,-0.52,14,262.0,,
2470.0,-0.5,10,312.0,,
2475.0,-0.52,15,364.0,,
2480.0,0.08000000000000007,10,356.0,,
2485.0,0.33000000000000007,12,323.0,,
2490.0,-0.29000000000000004,10,352.0,,
2495.0,0.040000000000000036,7,348.0,,
2500.0,-0.22999999999999998,10,371.0,,
2505.0,-0.4800000000000004,11,419.0,,
2510.0,-0.5899999999999999,14,478.0,,
2515.0,-0.5099999999999998,11,529.0,,
2520.0,-0.40000000000000036,12,569.0,,
2525.0,0.22000000000000064,10,547.0,,
2530.0,0.4500000000000002,10,502.0,,
2535.0,-0.10000000000000053,16,512.0,,
2540.0,-0.5999999999999996,15,572.0,,
2545.0,-0.0600000000000005,11,578.0,,
2550.0,2.5500000000000003,11,323.0,,
2555.0,1.3699999999999999,16,186.0,,
2560.0,-0.47999999999999976,15,234.0,,
2565.0,-0.08000000000000007,9,242.0,,
2570.0,-0.10999999999999988,12,253.0,,
2575.0,-0.020000000000000018,11,255.0,,
2580.0,-0.040000000000000036,15,259.0,,
2585.0,-0.41999999999999993,10,301.0,,
2590.0,-0.1200000000000001,9,313.0,,
2595.0,-0.3900000000000001,11,352.0,,
2600.0,0.7999999999999998,7,272.0,,
2605.0,1.7700000000000002,7,95.0,,
2610.0,-0.3400000000000001,10,129.0,,
2615.0,-0.30000000000000004,12,159.0,,
2620.0,-0.6199999999999999,13,221.0,,
2625.0,0.08000000000000007,8,213.0,,
2630.0,0.25,11,188.0,,
2635.0,-0.45999999999999996,12,234.0,,
2640.0,-0.6600000000000001,14,300.0,,
2645.0,-0.43999999999999995,14,344.0,,
2650.0,-0.14000000000000012,11,358.0,,
2655.0,-0.41000000000000014,13,399.0,,
2660.0,0.6900000000000004,9,330.0,,
2665.0,1.21,8,209.0,,
2670.0,-0.1200000000000001,8,221.0,,
2675.0,-0.22999999999999998,8,244.0,,
2680.0,-0.5800000000000001,15,302.0,,
2685.0,-0.33000000000000007,11,335.0,,
2690.0,-0.16999999999999993,15,352.0,,
2695.0,1.02,12,250.0,,
2700.0,-0.3599999999999999,16,286.0,,
2705.0,-0.4700000000000002,12,333.0,,
2710.0,-0.14000000000000012,10,347.0,,
2715.0,-0.6099999999999999,15,408.0,,
2720.0,-0.8499999999999996,19,493.0,,
2725.0,-1.0899999999999999,23,602.0,,
2730.0,-1.2200000000000006,26,724.0,,
2735.0,-1.3599999999999994,28,860.0,,
2740.0,-1.5600000000000005,33,1016.0,,
2745.0,-1.6600000000000001,34,1182.0,,
2750.0,-1.8499999999999996,40,1367.0,,
2755.0,0.05000000000000071,35,1362.0,,
2760.0,1.67,31,1195.0,,
2765.0,0.41999999999999993,23,1153.0,,
2770.0,1.209999999999999,22,1032.0,,
2775.0,1.0500000000000007,20,927.0,,
2780.0,-1.0199999999999996,19,1029.0,,
2785.0,-1.2100000000000009,27,1150.0,,
2790.0,0.27999999999999936,29,1122.0,,
2795.0,1.3600000000000012,26,986.0,,
2800.0,0.7299999999999986,26,913.0,,
2805.0,0.6000000000000014,26,853.0,,
2810.0,0.8899999999999997,24,764.0,,
2815.0,0.05999999999999961,19,758.0,,
2820.0,0.1900000000000004,17,739.0,,
2825.0,-0.6700000000000008,21,806.0,,
2830.0,-1.1600000000000001,27,922.0,,
2835.0,-0.09999999999999964,30,932.0,,
2840.0,0.870000000000001,27,845.0,,
2845.0,0.33000000000000007,22,812.0,,
2850.0,0.379999999999999,21,774.0,,
2855.0,0.1800000000000006,18,756.0,,
2860.0,-0.010000000000000675,21,757.0,,
2865.0,-0.8499999999999996,18,842.0,,
2870.0,-1.0299999999999994,25,945.0,,
2875.0,0.009999999999999787,25,944.0,,
2880.0,0.9000000000000004,23,854.0,,
2885.0,-0.5300000000000011,21,907.0,,
2890.0,0.13000000000000078,20,894.0,,
2895.0,-0.02000000000000135,21,896.0,,
2900.0,2.000000000000001,19,696.0,,
2905.0,0.5199999999999996,26,644.0,,
2910.0,-1.1499999999999995,29,759.0,,
2915.0,-1.3900000000000006,35,898.0,,
2920.0,-1.1500000000000004,33,1013.0,,
2925.0,-0.34999999999999964,26,1048.0,,
2930.0,0.15000000000000036,21,1033.0,,
2935.0,0.7300000000000004,19,960.0,,
2940.0,2.67,16,693.0,,
2945.0,-0.1900000000000004,12,712.0,,
2950.0,0.16999999999999993,17,695.0,,
2955.0,-0.16999999999999993,18,712.0,,
2960.0,-0.2400000000000002,17,736.0,,
2965.0,-0.6200000000000001,25,798.0,,
2970.0,-1.5599999999999987,34,954.0,,
2975.0,-0.05000000000000071,35,959.0,,
2980.0,1.4800000000000004,27,811.0,,
2985.0,1.8099999999999996,26,630.0,,
2990.0,-0.5700000000000003,23,687.0,,
2995.0,0.07000000000000028,22,680.0,,
3000.0,0.6899999999999995,17,611.0,,
3005.0,0.3600000000000003,17,575.0,,
3010.0,0.08999999999999986,18,566.0,,
3015.0,-0.35999999999999943,17,602.0,,
3020.0,-0.8100000000000005,22,683.0,,
3025.0,0.1200000000000001,24,671.0,,
3030.0,1.54,19,517.0,,
3035.0,0.05999999999999961,15,511.0,,
3040.0,0.010000000000000675,17,510.0,,
3045.0,-0.05000000000000071,18,515.0,,
3050.0,-0.3899999999999997,20,554.0,,
3055.0,-0.8399999999999999,20,638.0,,
3060.0,-0.5800000000000001,19,696.0,,
3065.0,-0.7700000000000005,23,773.0,,
3070.0,0.22000000000000064,20,751.0,,
3075.0,1.1899999999999995,16,632.0,,
3080.0,0.9500000000000002,21,537.0,,
3085.0,-0.47999999999999954,16,585.0,,
3090.0,0.040000000000000036,14,581.0,,
3095.0,0.05999999999999961,14,575.0,,
3100.0,1.94,13,381.0,,
3105.0,0.33000000000000007,20,348.0,,
3110.0,-0.73,20,421.0,,
3115.0,-0.6500000000000004,20,486.0,,
3120.0,-0.019999999999999574,18,488.0,,
3125.0,0.03000000000000025,23,485.0,,
3130.0,-1.04,25,589.0,,
3135.0,-0.1200000000000001,24,601.0,,
3140.0,1.0,19,501.0,,
3145.0,-0.35000000000000053,17,536.0,,
3150.0,0.27000000000000046,20,509.0,,
3155.0,0.09999999999999964,11,499.0,,
3160.0,0.6400000000000006,12,435.0,,
3165.0,-0.22000000000000064,16,457.0,,
3170.0,0.0600000000000005,18,451.0,,
3175.0,0.22999999999999954,13,428.0,,
3180.0,-0.25,16,453.0,,
3185.0,-0.5999999999999996,21,513.0,,
3190.0,-0.10000000000000053,17,523.0,,
3195.0,-0.5299999999999994,17,576.0,,
3200.0,0.33999999999999986,13,542.0,,
3205.0,0.9100000000000001,13,451.0,,
3210.0,0.35999999999999943,19,415.0,,
3215.0,-0.6199999999999992,19,477.0,,
3220.0,-0.27000000000000046,19,504.0,,
3225.0,-0.20999999999999996,14,525.0,,
3230.0,-0.1200000000000001,14,537.0,,
3235.0,-0.5599999999999996,15,593.0,,
3240.0,-0.6299999999999999,16,656.0,,
3245.0,-0.8200000000000003,17,738.0,,
3250.0,0.17999999999999972,12,720.0,,
3255.0,0.20999999999999996,16,699.0,,
3260.0,0.11000000000000032,15,688.0,,
3265.0,0.6600000000000001,14,622.0,,
3270.0,-0.5200000000000005,13,674.0,,
3275.0,-0.29000000000000004,14,703.0,,
3280.0,2.71,11,432.0,,
3285.0,1.7800000000000002,16,254.0,,
3290.0,-0.69,15,323.0,,
3295.0,-0.52,16,375.0,,
3300.0,-0.2400000000000002,15,399.0,,
3305.0,-0.2699999999999996,17,426.0,,
3310.0,-0.8799999999999999,21,514.0,,
3315.0,-1.1500000000000004,25,629.0,,
3320.0,-1.3399999999999999,27,763.0,,
3325.0,-1.4200000000000008,30,905.0,,
3330.0,0.0,29,905.0,,
3335.0,1.3400000000000007,23,771.0,,
3340.0,-0.2999999999999998,20,801.0,,
3345.0,0.5199999999999996,18,749.0,,
3350.0,0.9400000000000004,16,655.0,,
3355.0,-0.8799999999999999,19,743.0,,
3360.0,-1.0700000000000003,25,850.0,,
3365.0,-1.4399999999999995,31,994.0,,
3370.0,-0.05000000000000071,33,999.0,,
3375.0,1.1099999999999994,31,888.0,,
3380.0,-0.34999999999999964,23,923.0,,
3385.0,0.7699999999999996,23,846.0,,
3390.0,0.40000000000000036,20,806.0,,
3395.0,0.23000000000000043,19,783.0,,
3400.0,-0.8000000000000007,21,863.0,,
3405.0,-1.1599999999999984,26,979.0,,
3410.0,0.129999999999999,26,966.0,,
3415.0,1.2599999999999998,23,840.0,,
3420.0,0.08999999999999986,20,831.0,,
3425.0,0.15000000000000036,20,816.0,,
3430.0,0.2999999999999998,17,786.0,,
3435.0,1.2300000000000004,19,663.0,,
3440.0,-0.46999999999999975,27,710.0,,
3445.0,-1.3399999999999999,31,844.0,,
3450.0,-1.5700000000000003,37,1001.0,,
3455.0,-1.2100000000000009,36,1122.0,,
3460.0,-0.5,29,1172.0,,
3465.0,0.9000000000000004,22,1082.0,,
3470.0,2.1099999999999994,18,871.0,,
3475.0,2.3000000000000007,21,641.0,,
3480.0,-0.3799999999999999,23,679.0,,
3485.0,0.08999999999999986,26,670.0,,
3490.0,0.2400000000000002,24,646.0,,
3495.0,0.1200000000000001,19,634.0,,
3500.0,-0.3200000000000003,17,666.0,,
3505.0,-0.46999999999999975,25,713.0,,
3510.0,0.08000000000000007,24,705.0,,
3515.0,1.0899999999999999,22,596.0,,
3520.0,-0.54,25,650.0,,
3525.0,-0.11000000000000032,22,661.0,,
3530.0,0.1800000000000006,21,643.0,,
3535.0,-0.16000000000000014,16,659.0,,
3540.0,-0.40000000000000036,18,699.0,,
3545.0,-1.17,27,816.0,,
3550.0,-0.05000000000000071,30,821.0,,
3555.0,0.8600000000000012,24,735.0,,
3560.0,-0.16999999999999993,22,752.0,,
3565.0,0.2599999999999998,20,726.0,,
3570.0,-0.009999999999999787,18,727.0,,
3575.0,0.03999999999999915,17,723.0,,
3580.0,-0.5599999999999996,21,779.0,,
3585.0,-0.9400000000000004,21,873.0,,
3590.0,-1.1899999999999995,27,992.0,,
3595.0,0.08000000000000007,26,984.0,,
3600.0,1.88,18,796.0,,
3605.0,-0.3600000000000003,16,832.0,,
3610.0,0.10999999999999943,13,821.0,,
3615.0,2.2200000000000006,17,599.0,,
3620.0,0.33999999999999986,25,565.0,,
3625.0,-1.1599999999999993,28,681.0,,
3630.0,-1.38,32,819.0,,
3635.0,-0.9800000000000004,32,917.0,,
3640.0,-0.21000000000000085,24,938.0,,
3645.0,-1.129999999999999,23,1051.0,,
3650.0,-1.3599999999999994,29,1187.0,,
3655.0,-1.6400000000000006,35,1351.0,,
3660.0,-1.9700000000000006,42,1548.0,,
3665.0,-0.17999999999999972,42,1566.0,,
3670.0,1.58,36,1408.0,,
3675.0,-0.5199999999999996,28,1460.0,,
3680.0,1.0199999999999996,25,1358.0,,
3685.0,0.6199999999999992,27,1296.0,,
3690.0,0.4400000000000013,24,1252.0,,
3695.0,1.9499999999999993,19,1057.0,,
3700.0,2.0999999999999996,20,847.0,,
3705.0,-0.20999999999999908,22,868.0,,
3710.0,0.5399999999999991,26,814.0,,
3715.0,0.8900000000000006,26,725.0,,
3720.0,0.33999999999999986,21,691.0,,
3725.0,0.14000000000000057,19,677.0,,
3730.0,0.71,16,606.0,,
3735.0,-0.33000000000000007,19,639.0,,
3740.0,-0.010000000000000675,22,640.0,,
3745.0,-0.11999999999999922,20,652.0,,
3750.0,0.3299999999999992,17,619.0,,
3755.0,1.1000000000000005,21,509.0,,
3760.0,-0.8500000000000005,25,594.0,,
3765.0,-0.8199999999999994,25,676.0,,
3770.0,-0.7800000000000002,25,754.0,,
3775.0,0.6299999999999999,22,691.0,,
3780.0,-1.0300000000000002,29,794.0,,
3785.0,-0.7599999999999989,30,870.0,,
3790.0,-0.9900000000000002,37,969.0,,
3795.0,-1.9600000000000009,41,1165.0,,
3800.0,-1.4299999999999997,37,1308.0,,
3805.0,-0.5999999999999996,31,1368.0,,
3810.0,-0.08999999999999986,25,1377.0,,
3815.0,-0.21000000000000085,23,1398.0,,
3820.0,-0.3099999999999987,22,1429.0,,
3825.0,1.3399999999999999,19,1295.0,,
3830.0,4.0,16,895.0,,
3835.0,3.0699999999999994,17,588.0,,
3840.0,1.3200000000000003,21,456.0,,
3845.0,0.35999999999999943,17,420.0,,
3850.0,0.2400000000000002,17,396.0,,
3855.0,-0.13999999999999968,17,410.0,,
3860.0,-0.1800000000000006,13,428.0,,
3865.0,-0.33999999999999986,20,462.0,,
3870.0,-0.79,22,541.0,,
3875.0,-0.4500000000000002,19,586.0,,
3880.0,0.2600000000000007,17,560.0,,
3885.0,-1.0500000000000007,24,665.0,,
3890.0,-1.2399999999999993,30,789.0,,
3895.0,-1.6399999999999997,34,953.0,,
3900.0,-1.8000000000000007,38,1133.0,,
3905.0,-2.0600000000000005,42,1339.0,,
3910.0,-1.3200000000000003,41,1471.0,,
3915.0,-0.11999999999999922,32,1483.0,,
3920.0,-0.8499999999999996,26,1568.0,,
3925.0,-1.379999999999999,30,1706.0,,
3930.0,-0.75,28,1781.0,,
3935.0,-0.17999999999999972,28,1799.0,,
3940.0,0.10999999999999943,30,1788.0,,
3945.0,-0.6600000000000001,30,1854.0,,
3950.0,-1.0199999999999996,30,1956.0,,
3955.0,-1.3300000000000018,32,2089.0,,
3960.0,-1.5999999999999979,32,2249.0,,
3965.0,-1.6000000000000014,32,2409.0,,
3970.0,-0.9899999999999984,30,2508.0,,
3975.0,-1.0100000000000016,33,2609.0,,
3980.0,-1.8000000000000007,38,2789.0,,
3985.0,-1.9100000000000001,39,2980.0,,
3990.0,-2.099999999999998,43,3190.0,,
3995.0,-2.240000000000002,46,3414.0,,
4000.0,-2.3999999999999986,48,3654.0,,
4005.0,-2.6199999999999974,54,3916.0,,
4010.0,-2.700000000000003,54,4186.0,,
4015.0,-2.8599999999999994,59,4472.0,,
4020.0,-2.030000000000001,55,4675.0,,
4025.0,-1.0499999999999972,48,4780.0,,
4030.0,-0.35999999999999943,40,4816.0,,
4035.0,-1.1300000000000026,40,4929.0,,
4040.0,2.799999999999997,35,4649.0,,
4045.0,6.68,30,3981.0,,
4050.0,9.450000000000003,35,3036.0,,
4055.0,4.98,30,2538.0,,
4060.0,6.919999999999998,26,1846.0,,
4065.0,-0.6400000000000006,25,1910.0,,
4070.0,0.0,21,1910.0,,
4075.0,1.0400000000000027,24,1806.0,,
4080.0,-0.8900000000000006,35,1895.0,,
4085.0,-1.490000000000002,42,2044.0,,
4090.0,-1.0,40,2144.0,,
4095.0,-0.8200000000000003,38,2226.0,,
4100.0,-0.5899999999999999,33,2285.0,,
4105.0,-0.16000000000000014,37,2301.0,,
4110.0,1.240000000000002,40,2177.0,,
4115.0,3.849999999999998,36,1792.0,,
4120.0,5.1800000000000015,35,1274.0,,
4125.0,2.3100000000000005,33,1043.0,,
4130.0,-0.33000000000000007,29,1076.0,,
4135.0,-0.08000000000000007,30,1084.0,,
4140.0,0.3000000000000007,27,1054.0,,
4145.0,-0.9800000000000004,29,1152.0,,
4150.0,-1.4400000000000013,33,1296.0,,
4155.0,-0.7999999999999989,36,1376.0,,
4160.0,-0.9500000000000011,43,1471.0,,
4165.0,-2.3200000000000003,49,1703.0,,
4170.0,-0.9800000000000004,47,1801.0,,
4175.0,1.4600000000000009,43,1655.0,,
4180.0,0.10000000000000142,31,1645.0,,
4185.0,0.7399999999999984,29,1571.0,,
4190.0,1.700000000000001,28,1401.0,,
4195.0,1.0299999999999994,29,1298.0,,
4200.0,-1.1799999999999997,26,1416.0,,
4205.0,-1.4499999999999993,31,1561.0,,
4210.0,-1.3200000000000003,35,1693.0,,
4215.0,-1.6600000000000001,42,1859.0,,
4220.0,-0.019999999999999574,41,1861.0,,
4225.0,1.509999999999998,41,1710.0,,
4230.0,-0.7199999999999989,36,1782.0,,
4235.0,0.5399999999999991,34,1728.0,,
4240.0,1.5000000000000018,31,1578.0,,
4245.0,0.7299999999999986,28,1505.0,,
4250.0,0.33999999999999986,26,1471.0,,
4255.0,1.1600000000000001,21,1355.0,,
4260.0,2.5200000000000014,18,1103.0,,
4265.0,2.75,23,828.0,,
4270.0,0.47999999999999954,29,780.0,,
4275.0,-0.2500000000000009,30,805.0,,
4280.0,-0.21999999999999886,33,827.0,,
4285.0,0.08000000000000007,30,819.0,,
4290.0,-0.16000000000000014,24,835.0,,
4295.0,0.6299999999999999,16,772.0,,
4300.0,1.3899999999999997,20,633.0,,
4305.0,-0.6899999999999995,23,702.0,,
4310.0,-0.4800000000000004,23,750.0,,
4315.0,-0.4400000000000004,18,794.0,,
4320.0,-0.8600000000000003,25,880.0,,
4325.0,-0.02999999999999936,26,883.0,,
4330.0,1.0899999999999999,25,774.0,,
4335.0,-0.20000000000000018,29,794.0,,
4340.0,-0.1900000000000004,30,813.0,,
4345.0,0.02000000000000135,28,811.0,,
4350.0,-0.5600000000000005,24,867.0,,
4355.0,0.41000000000000014,18,826.0,,
4360.0,1.1799999999999997,14,708.0,,
4365.0,0.4500000000000002,20,663.0,,
4370.0,-0.6100000000000003,25,724.0,,
4375.0,-0.3099999999999996,26,755.0,,
4380.0,0.040000000000000036,21,751.0,,
4385.0,-0.2400000000000002,19,775.0,,
4390.0,-0.6799999999999997,19,843.0,,
4395.0,0.40000000000000036,15,803.0,,
4400.0,0.839999999999999,19,719.0,,
4405.0,0.08000000000000007,20,711.0,,
4410.0,0.0600000000000005,25,705.0,,
4415.0,-0.3600000000000003,22,741.0,,
4420.0,-0.28000000000000025,18,769.0,,
4425.0,0.0,16,769.0,,
4430.0,2.5900000000000007,14,510.0,,
4435.0,1.5099999999999998,19,359.0,,
4440.0,-0.6299999999999999,19,422.0,,
4445.0,-0.4400000000000004,18,466.0,,
4450.0,0.20000000000000018,16,446.0,,
4455.0,0.5800000000000001,21,388.0,,
4460.0,-0.9699999999999998,25,485.0,,
4465.0,-0.8400000000000007,24,569.0,,
4470.0,-0.009999999999999787,16,570.0,,
4475.0,-0.6799999999999997,15,638.0,,
4480.0,-1.0600000000000005,24,744.0,,
4485.0,0.20000000000000018,25,724.0,,
4490.0,1.37,22,587.0,,
4495.0,0.04999999999999982,18,582.0,,
4500.0,0.1900000000000004,17,563.0,,
4505.0,0.41000000000000014,16,522.0,,
4510.0,0.5299999999999994,10,469.0,,
4515.0,1.1900000000000004,10,350.0,,
4520.0,0.020000000000000018,20,348.0,,
4525.0,-0.3799999999999999,20,386.0,,
4530.0,0.029999999999999805,17,383.0,,
4535.0,0.4500000000000002,10,338.0,,
4540.0,-0.03000000000000025,12,341.0,,
4545.0,-0.21999999999999975,12,363.0,,
4550.0,0.16999999999999993,12,346.0,,
4555.0,-0.10999999999999988,17,357.0,,
4560.0,-0.73,16,430.0,,
4565.0,-0.6000000000000005,16,490.0,,
4570.0,1.0600000000000005,14,384.0,,
4575.0,-0.5899999999999999,21,443.0,,
4580.0,-0.6900000000000004,23,512.0,,
4585.0,-1.2599999999999998,26,638.0,,
4590.0,-1.33,28,771.0,,
4595.0,-1.5000000000000009,31,921.0,,
4600.0,-1.6799999999999997,36,1089.0,,
4605.0,-0.9900000000000002,31,1188.0,,
4610.0,-0.129999999999999,26,1201.0,,
4615.0,1.1199999999999992,14,1089.0,,
4620.0,2.530000000000001,12,836.0,,
4625.0,2.5999999999999996,21,576.0,,
4630.0,-0.22000000000000064,23,598.0,,
4635.0,0.6200000000000001,22,536.0,,
4640.0,0.1900000000000004,21,517.0,,
4645.0,-0.13999999999999968,18,531.0,,
4650.0,-0.15000000000000036,15,546.0,,
4655.0,-0.4500000000000002,23,591.0,,
4660.0,-1.3200000000000003,28,723.0,,
4665.0,-1.5999999999999996,34,883.0,,
4670.0,-1.2300000000000004,33,1006.0,,
4675.0,-0.2699999999999996,25,1033.0,,
4680.0,-0.08000000000000007,21,1041.0,,
4685.0,-1.1899999999999995,26,1160.0,,
4690.0,-1.5300000000000011,35,1313.0,,
4695.0,-1.959999999999999,43,1509.0,,
4700.0,-0.09999999999999964,41,1519.0,,
4705.0,1.5,36,1369.0,,
4710.0,0.9499999999999993,28,1274.0,,
4715.0,0.46000000000000085,25,1228.0,,
4720.0,0.9100000000000001,28,1137.0,,
4725.0,0.08999999999999986,22,1128.0,,
4730.0,1.3099999999999987,14,997.0,,
4735.0,2.0600000000000005,14,791.0,,
4740.0,1.7800000000000002,19,613.0,,
4745.0,-0.2400000000000002,20,637.0,,
4750.0,0.6299999999999999,21,574.0,,
4755.0,0.22000000000000064,21,552.0,,
4760.0,0.10999999999999943,16,541.0,,
4765.0,-0.1299999999999999,17,554.0,,
4770.0,-0.4500000000000002,23,599.0,,
4775.0,-0.8700000000000001,26,686.0,,
4780.0,-0.7199999999999998,23,758.0,,
4785.0,0.9199999999999999,17,666.0,,
4790.0,-0.7299999999999995,25,739.0,,
4795.0,-0.9699999999999998,28,836.0,,
4800.0,-1.7100000000000009,38,1007.0,,
4805.0,-2.0299999999999994,43,1210.0,,
4810.0,-1.4399999999999995,40,1354.0,,
4815.0,-0.6800000000000015,33,1422.0,,
4820.0,-0.10999999999999943,26,1433.0,,
4825.0,-0.4900000000000002,23,1482.0,,
4830.0,-0.049999999999998934,22,1487.0,,
4835.0,1.1599999999999984,19,1371.0,,
4840.0,2.9200000000000017,20,1079.0,,
4845.0,3.8599999999999994,19,693.0,,
4850.0,-0.41999999999999993,18,735.0,,
4855.0,0.0699999999999994,18,728.0,,
4860.0,-0.5899999999999999,22,787.0,,
4865.0,-1.3099999999999996,29,918.0,,
4870.0,-0.9299999999999997,32,1011.0,,
4875.0,-1.200000000000001,37,1131.0,,
4880.0,-1.1999999999999993,36,1251.0,,
4885.0,-0.120000000000001,30,1263.0,,
4890.0,-0.3899999999999988,24,1302.0,,
4895.0,-0.25,24,1327.0,,
4900.0,-0.5300000000000011,22,1380.0,,
4905.0,-0.6899999999999995,23,1449.0,,
4910.0,-0.9700000000000006,26,1546.0,,
4915.0,1.2200000000000006,25,1424.0,,
4920.0,3.3100000000000005,20,1093.0,,
4925.0,4.1,15,683.0,,
4930.0,2.1500000000000004,14,468.0,,
4935.0,-0.4300000000000006,13,511.0,,
4940.0,-0.13999999999999968,14,525.0,,
4945.0,-0.4800000000000004,17,573.0,,
4950.0,-0.17999999999999972,18,591.0,,
4955.0,-0.09999999999999964,21,601.0,,
4960.0,-1.08,24,709.0,,
4965.0,-1.3399999999999999,28,843.0,,
4970.0,-1.5300000000000011,32,996.0,,
4975.0,-1.6399999999999988,34,1160.0,,
4980.0,-1.83,39,1343.0,,
4985.0,-2.040000000000001,42,1547.0,,
4990.0,-1.3199999999999985,41,1679.0,,
4995.0,-0.4200000000000017,32,1721.0,,
5000.0,0.5800000000000018,27,1663.0,,
5005.0,-1.1300000000000026,30,1776.0,,
5010.0,-0.8299999999999983,29,1859.0,,
5015.0,-0.1999999999999993,29,1879.0,,
5020.0,-0.35999999999999943,29,1915.0,,
5025.0,-0.7000000000000028,31,1985.0,,
5030.0,-1.0700000000000003,31,2092.0,,
5035.0,-1.4599999999999973,32,2238.0,,
5040.0,-1.6400000000000006,33,2402.0,,
5045.0,-1.6500000000000021,33,2567.0,,
5050.0,-1.7299999999999969,35,2740.0,,
5055.0,-1.8800000000000026,41,2928.0,,
5060.0,-2.099999999999998,43,3138.0,,
5065.0,-2.150000000000002,43,3353.0,,
5070.0,-2.1799999999999997,45,3571.0,,
5075.0,-2.25,45,3796.0,,
5080.0,-2.25,45,4021.0,,
5085.0,-2.280000000000001,46,4249.0,,
5090.0,-0.8399999999999963,43,4333.0,,
5095.0,0.4799999999999969,39,4285.0,,
5100.0,-1.5599999999999952,43,4441.0,,
5105.0,2.1799999999999997,39,4223.0,,
5110.0,6.07,32,3616.0,,
5115.0,0.9499999999999957,20,3521.0,,
5120.0,-0.3399999999999963,16,3555.0,,
5125.0,3.009999999999998,13,3254.0,,
5130.0,5.849999999999998,23,2669.0,,
5135.0,7.790000000000003,22,1890.0,,
5140.0,4.919999999999998,24,1398.0,,
5145.0,3.4299999999999997,25,1055.0,,
5150.0,2.5700000000000003,26,798.0,,
5155.0,-0.25,28,823.0,,
5160.0,-0.4900000000000002,26,872.0,,
5165.0,0.3500000000000014,28,837.0,,
5170.0,0.019999999999999574,16,835.0,,
5175.0,0.08999999999999986,20,826.0,,
5180.0,-0.15000000000000036,21,841.0,,
5185.0,0.6299999999999999,18,778.0,,
5190.0,0.1900000000000004,16,759.0,,
5195.0,-0.20999999999999996,17,780.0,,
5200.0,0.0,17,780.0,,
5205.0,0.6099999999999994,17,719.0,,
5210.0,-0.4399999999999995,19,763.0,,
5215.0,-0.6100000000000003,18,824.0,,
5220.0,2.4700000000000006,16,577.0,,
5225.0,1.2699999999999996,22,450.0,,
5230.0,-0.6699999999999999,25,517.0,,
5235.0,-0.9199999999999999,31,609.0,,
5240.0,-1.6600000000000001,34,775.0,,
5245.0,-1.1099999999999994,31,886.0,,
5250.0,-0.3500000000000014,25,921.0,,
5255.0,0.20000000000000107,20,901.0,,
5260.0,0.08999999999999986,17,892.0,,
5265.0,-0.16000000000000014,18,908.0,,
5270.0,-0.5899999999999999,21,967.0,,
5275.0,0.6600000000000001,21,901.0,,
5280.0,2.29,16,672.0,,
5285.0,2.7299999999999995,15,399.0,,
5290.0,-0.33999999999999986,11,433.0,,
5295.0,-0.16000000000000014,13,449.0,,
5300.0,0.39000000000000057,13,410.0,,
5305.0,0.6499999999999995,14,345.0,,
5310.0,-0.18999999999999995,22,364.0,,
5315.0,-0.7099999999999995,19,435.0,,
5320.0,-0.20000000000000018,16,455.0,,
5325.0,-0.1200000000000001,14,467.0,,
5330.0,-0.5300000000000002,16,520.0,,
5335.0,0.5499999999999998,12,465.0,,
5340.0,1.1700000000000004,14,348.0,,
5345.0,-0.6499999999999999,17,413.0,,
5350.0,-0.6799999999999997,18,481.0,,
5355.0,-0.08000000000000007,15,489.0,,
5360.0,-0.5300000000000002,19,542.0,,
5365.0,-0.8100000000000005,18,623.0,,
5370.0,-0.5899999999999999,16,682.0,,
5375.0,0.4400000000000004,14,638.0,,
5380.0,1.3999999999999995,10,498.0,,
5385.0,0.8100000000000005,16,417.0,,
5390.0,-0.45999999999999996,13,463.0,,
5395.0,-0.1299999999999999,12,476.0,,
5400.0,-0.4900000000000002,13,525.0,,
5405.0,2.08,10,317.0,,
5410.0,0.5899999999999999,14,258.0,,
5415.0,-0.6200000000000001,17,320.0,,
5420.0,-0.7599999999999998,18,396.0,,
5425.0,0.020000000000000018,15,394.0,,
5430.0,0.27,17,367.0,,
5435.0,-0.6399999999999997,18,431.0,,
5440.0,-0.7000000000000002,17,501.0,,
5445.0,-0.3200000000000003,14,533.0,,
5450.0,0.5899999999999999,13,474.0,,
5455.0,1.3800000000000003,13,336.0,,
5460.0,0.8999999999999999,17,246.0,,
5465.0,-0.4900000000000002,16,295.0,,
5470.0,-0.04999999999999982,10,300.0,,
5475.0,0.020000000000000018,11,298.0,,
5480.0,0.0,10,298.0,,
5485.0,-0.18999999999999995,17,317.0,,
5490.0,-0.71,17,388.0,,
5495.0,-0.3100000000000005,12,419.0,,
5500.0,1.0500000000000003,12,314.0,,
5505.0,-0.5899999999999999,18,373.0,,
5510.0,-0.73,19,446.0,,
5515.0,-0.16000000000000014,12,462.0,,
5520.0,-0.7000000000000002,16,532.0,,
5525.0,-1.0,22,632.0,,
5530.0,-1.2999999999999998,29,762.0,,
5535.0,-1.5200000000000005,32,914.0,,
5540.0,-1.6899999999999995,34,1083.0,,
5545.0,-1.8399999999999999,39,1267.0,,
5550.0,-1.9900000000000002,40,1466.0,,
5555.0,-2.1000000000000014,44,1676.0,,
5560.0,-2.3299999999999983,48,1909.0,,
5565.0,-2.4800000000000004,52,2157.0,,
5570.0,-2.6999999999999993,54,2427.0,,
5575.0,-1.5300000000000011,52,2580.0,,
5580.0,-0.05000000000000071,45,2585.0,,
5585.0,0.9800000000000004,40,2487.0,,
5590.0,0.5600000000000023,32,2431.0,,
5595.0,1.8599999999999994,23,2245.0,,
5600.0,3.669999999999998,25,1878.0,,
5605.0,4.790000000000001,24,1399.0,,
5610.0,1.7799999999999994,25,1221.0,,
5615.0,0.9200000000000017,28,1129.0,,
5620.0,0.6499999999999986,28,1064.0,,
5625.0,1.0,29,964.0,,
5630.0,-0.5499999999999989,21,1019.0,,
5635.0,-0.5400000000000009,25,1073.0,,
5640.0,-0.6600000000000001,29,1139.0,,
5645.0,0.05000000000000071,24,1134.0,,
5650.0,1.2599999999999998,18,1008.0,,
5655.0,-0.8000000000000007,26,1088.0,,
5660.0,-1.209999999999999,30,1209.0,,
5665.0,-1.7799999999999994,39,1387.0,,
5670.0,-1.33,39,1520.0,,
5675.0,-0.6699999999999999,38,1587.0,,
5680.0,-0.20999999999999908,33,1608.0,,
5685.0,-0.38000000000000256,28,1646.0,,
5690.0,-0.75,24,1721.0,,
5695.0,1.6700000000000017,19,1554.0,,
5700.0,4.549999999999999,17,1099.0,,
5705.0,3.24,17,775.0,,
5710.0,2.17,23,558.0,,
5715.0,-0.3200000000000003,24,590.0,,
5720.0,0.05000000000000071,24,585.0,,
5725.0,0.019999999999999574,21,583.0,,
5730.0,0.4299999999999997,13,540.0,,
5735.0,0.8100000000000005,13,459.0,,
5740.0,-0.29000000000000004,19,488.0,,
5745.0,-0.15000000000000036,21,503.0,,
5750.0,-0.1899999999999995,20,522.0,,
5755.0,0.1899999999999995,15,503.0,,
5760.0,0.4400000000000004,19,459.0,,
5765.0,-0.8100000000000005,23,540.0,,
5770.0,-0.3799999999999999,17,578.0,,
5775.0,0.3100000000000005,15,547.0,,
5780.0,0.6899999999999995,17,478.0,,
5785.0,0.15000000000000036,24,463.0,,
5790.0,-0.8100000000000005,23,544.0,,
5795.0,-0.23999999999999932,19,568.0,,
5800.0,-0.2400000000000002,15,592.0,,
5805.0,0.5999999999999996,9,532.0,,
5810.0,0.4400000000000004,17,488.0,,
5815.0,-0.7300000000000004,21,561.0,,
5820.0,-0.40999999999999925,15,602.0,,
5825.0,1.75,15,427.0,,
5830.0,0.09999999999999964,20,417.0,,
5835.0,-0.7800000000000002,22,495.0,,
5840.0,-0.47999999999999954,16,543.0,,
5845.0,-0.020000000000000462,16,545.0,,
5850.0,-0.6799999999999997,22,613.0,,
5855.0,-1.33,30,746.0,,
5860.0,-1.7000000000000002,36,916.0,,
5865.0,-1.92,40,1108.0,,
5870.0,-1.2599999999999998,36,1234.0,,
5875.0,-0.47000000000000064,32,1281.0,,
5880.0,-0.5199999999999996,25,1333.0,,
5885.0,-1.3499999999999996,30,1468.0,,
5890.0,-0.9700000000000006,34,1565.0,,
5895.0,-0.3800000000000008,30,1603.0,,
5900.0,0.08000000000000185,27,1595.0,,
5905.0,-0.41000000000000014,27,1636.0,,
5910.0,1.3399999999999999,23,1502.0,,
5915.0,4.33,20,1069.0,,
5920.0,2.84,25,785.0,,
5925.0,1.9299999999999997,27,592.0,,
5930.0,-0.9800000000000004,28,690.0,,
5935.0,-0.4299999999999997,25,733.0,,
5940.0,-0.22999999999999954,21,756.0,,
5945.0,0.2699999999999996,16,729.0,,
5950.0,0.8300000000000001,21,646.0,,
5955.0,-0.7800000000000002,24,724.0,,
5960.0,-0.5499999999999998,26,779.0,,
5965.0,-0.20000000000000018,20,799.0,,
5970.0,-0.8100000000000005,24,880.0,,
5975.0,-1.4699999999999989,33,1027.0,,
5980.0,-1.8900000000000006,40,1216.0,,
5985.0,-2.129999999999999,44,1429.0,,
5990.0,-2.3800000000000026,49,1667.0,,
5995.0,-1.509999999999998,47,1818.0,,
6000.0,-0.1999999999999993,40,1838.0,,
6005.0,0.7099999999999973,30,1767.0,,
6010.0,2.490000000000002,20,1518.0,,
6015.0,3.1799999999999997,17,1200.0,,
6020.0,1.3699999999999992,23,1063.0,,
6025.0,-0.3199999999999985,25,1095.0,,
6030.0,0.3899999999999988,29,1056.0,,
6035.0,0.9500000000000011,29,961.0,,
6040.0,0.4599999999999991,23,915.0,,
6045.0,0.4299999999999997,17,872.0,,
6050.0,0.0600000000000005,19,866.0,,
6055.0,-0.35999999999999943,17,902.0,,
6060.0,-0.5199999999999996,23,954.0,,
6065.0,-0.9700000000000006,26,1051.0,,
6070.0,-0.5600000000000005,23,1107.0,,
6075.0,2.0199999999999996,18,905.0,,
6080.0,0.8600000000000012,24,819.0,,
6085.0,-0.8399999999999999,26,903.0,,
6090.0,-0.6000000000000014,23,963.0,,
6095.0,-0.8099999999999987,22,1044.0,,
6100.0,-1.2300000000000004,27,1167.0,,
6105.0,-1.0600000000000005,28,1273.0,,
6110.0,-0.6899999999999995,26,1342.0,,
6115.0,-0.5099999999999998,21,1393.0,,
6120.0,-0.8499999999999996,23,1478.0,,
6125.0,-0.9199999999999999,23,1570.0,,
6130.0,1.3699999999999992,20,1433.0,,
6135.0,3.540000000000001,18,1079.0,,
6140.0,3.6099999999999994,20,718.0,,
6145.0,2.1999999999999993,20,498.0,,
6150.0,0.34000000000000075,17,464.0,,
6155.0,-0.010000000000000675,16,465.0,,
6160.0,-0.040000000000000036,16,469.0,,
6165.0,-0.25,15,494.0,,
6170.0,-0.4899999999999993,24,543.0,,
6175.0,-1.3200000000000003,29,675.0,,
6180.0,-0.9699999999999998,27,772.0,,
6185.0,-0.34000000000000075,20,806.0,,
6190.0,0.3100000000000005,19,775.0,,
6195.0,-1.1899999999999995,26,894.0,,
6200.0,-1.4600000000000009,32,1040.0,,
6205.0,-1.799999999999999,38,1220.0,,
6210.0,-2.0500000000000007,42,1425.0,,
6215.0,-2.25,48,1650.0,,
6220.0,-2.3999999999999986,48,1890.0,,
6225.0,-1.5300000000000011,48,2043.0,,
6230.0,-0.3999999999999986,40,2083.0,,
6235.0,0.34999999999999787,35,2048.0,,
6240.0,1.0899999999999999,24,1939.0,,
6245.0,4.07,21,1532.0,,
6250.0,3.1799999999999997,23,1214.0,,
6255.0,1.700000000000001,26,1044.0,,
6260.0,0.25,29,1019.0,,
6265.0,0.7699999999999996,29,942.0,,
6270.0,0.5700000000000003,27,885.0,,
6275.0,-0.13000000000000078,17,898.0,,
6280.0,-0.5,24,948.0,,
6285.0,-0.5800000000000001,25,1006.0,,
6290.0,0.5400000000000009,23,952.0,,
6295.0,-0.33000000000000007,20,985.0,,
6300.0,0.8399999999999999,19,901.0,,
6305.0,-0.7000000000000011,26,971.0,,
6310.0,-1.1499999999999986,32,1086.0,,
6315.0,-1.8000000000000007,38,1266.0,,
6320.0,-1.3599999999999994,40,1402.0,,
6325.0,-0.16000000000000014,35,1418.0,,
6330.0,-0.8000000000000007,29,1498.0,,
6335.0,-0.6799999999999997,26,1566.0,,
6340.0,-0.5899999999999999,23,1625.0,,
6345.0,-0.5100000000000016,25,1676.0,,
6350.0,-0.889999999999997,26,1765.0,,
6355.0,-1.4200000000000017,31,1907.0,,
6360.0,-1.3900000000000006,29,2046.0,,
6365.0,-1.4800000000000004,34,2194.0,,
6370.0,-1.5399999999999991,31,2348.0,,
6375.0,-1.379999999999999,31,2486.0,,
6380.0,1.6799999999999997,28,2318.0,,
6385.0,4.440000000000001,22,1874.0,,
6390.0,6.049999999999999,21,1269.0,,
6395.0,2.9000000000000004,16,979.0,,
6400.0,3.5699999999999994,15,622.0,,
6405.0,1.58,19,464.0,,
6410.0,-0.3600000000000003,17,500.0,,
6415.0,0.21999999999999975,13,478.0,,
6420.0,0.45999999999999996,10,432.0,,
6425.0,-0.23999999999999932,20,456.0,,
6430.0,-0.6200000000000001,21,518.0,,
6435.0,-0.3100000000000005,17,549.0,,
6440.0,1.21,14,428.0,,
6445.0,-0.5299999999999994,21,481.0,,
6450.0,-0.9700000000000006,25,578.0,,
6455.0,-1.4100000000000001,30,719.0,,
6460.0,-1.5999999999999988,32,879.0,,
6465.0,-1.7600000000000016,36,1055.0,,
6470.0,-1.9399999999999995,40,1249.0,,
6475.0,-2.09,42,1458.0,,
6480.0,-1.209999999999999,40,1579.0,,
6485.0,0.1399999999999988,32,1565.0,,
6490.0,0.33000000000000007,28,1532.0,,
6495.0,-1.2300000000000004,25,1655.0,,
6500.0,-1.4399999999999977,32,1799.0,,
6505.0,-0.8500000000000014,32,1884.0,,
6510.0,0.26000000000000156,30,1858.0,,
6515.0,-0.21000000000000085,29,1879.0,,
6520.0,-0.5300000000000011,27,1932.0,,
6525.0,-0.7300000000000004,29,2005.0,,
6530.0,-1.6099999999999994,36,2166.0,,
6535.0,-1.6699999999999982,41,2333.0,,
6540.0,-1.490000000000002,36,2482.0,,
6545.0,-1.3200000000000003,33,2614.0,,
6550.0,-1.5599999999999987,35,2770.0,,
6555.0,-1.6400000000000006,35,2934.0,,
6560.0,-1.8200000000000003,37,3116.0,,
6565.0,-1.110000000000003,33,3227.0,,
6570.0,-1.1899999999999977,40,3346.0,,
6575.0,-1.8500000000000014,38,3531.0,,
6580.0,-1.8299999999999983,38,3714.0,,
6585.0,-1.9399999999999977,39,3908.0,,
6590.0,-1.9500000000000028,39,4103.0,,
6595.0,-1.9699999999999989,40,4300.0,,
6600.0,-2.0,40,4500.0,,
6605.0,-2.0900000000000034,44,4709.0,,
6610.0,-2.25,45,4934.0,,
6615.0,-2.25,45,5159.0,,
6620.0,-2.25,45,5384.0,,
6625.0,-2.25,45,5609.0,,
6630.0,-2.25,45,5834.0,,
6635.0,-2.25,45,6059.0,,
6640.0,-2.4099999999999966,50,6300.0,,
6645.0,2.6099999999999994,46,6039.0,,
6650.0,7.609999999999999,38,5278.0,,
6655.0,11.32,31,4146.0,,
6660.0,8.130000000000003,23,3333.0,,
6665.0,8.68,22,2465.0,,
6670.0,4.359999999999999,25,2029.0,,
6675.0,5.359999999999999,29,1493.0,,
6680.0,2.84,34,1209.0,,
6685.0,-0.8800000000000008,30,1297.0,,
6690.0,-0.009999999999999787,30,1298.0,,
6695.0,0.7699999999999996,24,1221.0,,
6700.0,2.030000000000001,26,1018.0,,
6705.0,-0.5700000000000003,32,1075.0,,
6710.0,-0.9800000000000004,35,1173.0,,
6715.0,-0.7999999999999989,35,1253.0,,
6720.0,-0.33000000000000007,33,1286.0,,
6725.0,-0.05000000000000071,30,1291.0,,
6730.0,0.2599999999999998,25,1265.0,,
6735.0,0.5300000000000011,29,1212.0,,
6740.0,-0.3200000000000003,30,1244.0,,
6745.0,-0.13000000000000078,32,1257.0,,
6750.0,-0.7400000000000002,34,1331.0,,
6755.0,-0.129999999999999,32,1344.0,,
6760.0,2.2799999999999994,27,1116.0,,
6765.0,2.0999999999999996,27,906.0,,
6770.0,-0.4399999999999995,27,950.0,,
6775.0,-0.6799999999999997,33,1018.0,,
6780.0,-0.9199999999999999,36,1110.0,,
6785.0,-0.16000000000000014,37,1126.0,,
6790.0,0.129999999999999,34,1113.0,,
6795.0,-1.299999999999999,30,1243.0,,
6800.0,-1.4399999999999995,31,1387.0,,
6805.0,-0.9300000000000015,32,1480.0,,
6810.0,-0.16999999999999993,28,1497.0,,
6815.0,-0.4299999999999997,26,1540.0,,
6820.0,-0.7999999999999989,30,1620.0,,
6825.0,-0.9000000000000021,31,1710.0,,
6830.0,-0.34999999999999787,28,1745.0,,
6835.0,-0.10000000000000142,26,1755.0,,
6840.0,-0.7799999999999976,27,1833.0,,
6845.0,-0.9800000000000004,26,1931.0,,
6850.0,1.25,23,1806.0,,
6855.0,3.539999999999999,24,1452.0,,
6860.0,4.76,24,976.0,,
6865.0,1.8099999999999996,28,795.0,,
6870.0,1.9300000000000006,29,602.0,,
6875.0,-0.33000000000000007,26,635.0,,
6880.0,-0.2400000000000002,22,659.0,,
6885.0,0.21999999999999975,18,637.0,,
6890.0,-0.11000000000000032,15,648.0,,
6895.0,-0.20999999999999996,19,669.0,,
6900.0,-0.5599999999999996,22,725.0,,
6905.0,-0.04999999999999982,19,730.0,,
6910.0,0.6200000000000001,20,668.0,,
6915.0,-1.0500000000000007,24,773.0,,
6920.0,-1.1399999999999988,30,887.0,,
6925.0,-1.7700000000000014,38,1064.0,,
6930.0,-1.25,40,1189.0,,
6935.0,-0.5399999999999991,35,1243.0,,
6940.0,-0.40000000000000036,28,1283.0,,
6945.0,-0.4399999999999995,22,1327.0,,
6950.0,-0.2699999999999996,23,1354.0,,
6955.0,1.2399999999999984,18,1230.0,,
6960.0,2.8900000000000006,14,941.0,,
6965.0,3.2700000000000005,18,614.0,,
6970.0,-0.4900000000000002,20,663.0,,
6975.0,-0.03000000000000025,19,666.0,,
6980.0,-0.16999999999999993,17,683.0,,
6985.0,-0.5,18,733.0,,
6990.0,-0.7200000000000006,24,805.0,,
6995.0,-0.9699999999999989,25,902.0,,
7000.0,-0.7100000000000009,26,973.0,,
7005.0,0.2599999999999998,26,947.0,,
7010.0,-1.42,34,1089.0,,
7015.0,-1.3399999999999999,33,1223.0,,
7020.0,-0.9499999999999993,30,1318.0,,
7025.0,-0.6600000000000001,25,1384.0,,
7030.0,-0.9600000000000009,27,1480.0,,
7035.0,-0.6099999999999994,25,1541.0,,
7040.0,-0.6999999999999993,30,1611.0,,
7045.0,-1.3599999999999994,30,1747.0,,
7050.0,-1.0500000000000007,26,1852.0,,
7055.0,-1.1900000000000013,28,1971.0,,
7060.0,-1.3999999999999986,28,2111.0,,
7065.0,-1.4600000000000009,30,2257.0,,
7070.0,-1.509999999999998,31,2408.0,,
7075.0,-1.75,37,2583.0,,
7080.0,-1.9000000000000021,38,2773.0,,
7085.0,-1.8999999999999986,38,2963.0,,
7090.0,-1.9800000000000004,40,3161.0,,
7095.0,-2.009999999999998,41,3362.0,,
7100.0,-2.0800000000000054,42,3570.0,,
7105.0,-2.1299999999999955,44,3783.0,,
7110.0,-2.270000000000003,47,4010.0,,
7115.0,-2.3500000000000014,47,4245.0,,
7120.0,-2.3499999999999943,47,4480.0,,
7125.0,-2.3900000000000006,48,4719.0,,
7130.0,-2.4000000000000057,48,4959.0,,
7135.0,-0.8099999999999952,43,5040.0,,
7140.0,0.07000000000000028,42,5033.0,,
7145.0,-2.010000000000005,44,5234.0,,
7150.0,-2.3799999999999955,49,5472.0,,
7155.0,-2.450000000000003,49,5717.0,,
7160.0,-2.4499999999999957,49,5962.0,,
7165.0,-2.450000000000003,49,6207.0,,
7170.0,2.710000000000001,43,5936.0,,
7175.0,7.530000000000001,35,5183.0,,
7180.0,8.829999999999998,33,4300.0,,
7185.0,8.18,25,3482.0,,
7190.0,8.740000000000002,23,2608.0,,
7195.0,5.419999999999998,25,2066.0,,
7200.0,4.440000000000001,27,1622.0,,
7205.0,3.509999999999998,31,1271.0,,
7210.0,-1.549999999999999,31,1426.0,,
7215.0,-1.8100000000000005,40,1607.0,,
7220.0,-1.0899999999999999,37,1716.0,,
7225.0,-0.23000000000000043,33,1739.0,,
7230.0,1.0700000000000003,27,1632.0,,
7235.0,3.0500000000000007,22,1327.0,,
7240.0,-0.4299999999999997,27,1370.0,,
7245.0,-0.08000000000000007,28,1378.0,,
7250.0,0.09999999999999964,27,1368.0,,
7255.0,0.4900000000000002,25,1319.0,,
7260.0,-0.5999999999999996,28,1379.0,,
7265.0,-0.3200000000000003,30,1411.0,,
7270.0,2.5599999999999987,24,1155.0,,
7275.0,2.3000000000000007,29,925.0,,
7280.0,-0.8699999999999992,31,1012.0,,
7285.0,-1.1100000000000012,39,1123.0,,
7290.0,-1.2799999999999994,42,1251.0,,
7295.0,-0.7000000000000011,41,1321.0,,
7300.0,-1.6399999999999988,39,1485.0,,
7305.0,-1.6199999999999992,35,1647.0,,
7310.0,-0.9800000000000004,33,1745.0,,
7315.0,-0.1999999999999993,31,1765.0,,
7320.0,-0.020000000000003126,31,1767.0,,
7325.0,-0.509999999999998,33,1818.0,,
7330.0,-0.5899999999999999,30,1877.0,,
7335.0,-0.6600000000000001,31,1943.0,,
7340.0,-1.2100000000000009,33,2064.0,,
7345.0,-1.4899999999999984,33,2213.0,,
7350.0,1.0299999999999976,28,2110.0,,
7355.0,3.530000000000001,25,1757.0,,
7360.0,5.130000000000001,27,1244.0,,
7365.0,2.92,24,952.0,,
7370.0,-0.40000000000000036,22,992.0,,
7375.0,-0.23000000000000043,19,1015.0,,
7380.0,0.3100000000000005,19,984.0,,
7385.0,0.4399999999999995,25,940.0,,
7390.0,-1.08,32,1048.0,,
7395.0,-1.83,38,1231.0,,
7400.0,-1.2299999999999986,35,1354.0,,
7405.0,-0.5,28,1404.0,,
7410.0,1.4499999999999993,23,1259.0,,
7415.0,-0.2599999999999998,27,1285.0,,
7420.0,-0.9199999999999999,28,1377.0,,
7425.0,-0.41999999999999993,26,1419.0,,
7430.0,-0.25,24,1444.0,,
7435.0,-1.0099999999999998,30,1545.0,,
7440.0,-1.4700000000000024,31,1692.0,,
7445.0,-1.1999999999999993,28,1812.0,,
7450.0,-1.4100000000000001,35,1953.0,,
7455.0,-1.5899999999999999,32,2112.0,,
7460.0,-1.1999999999999993,30,2232.0,,
7465.0,-1.4800000000000004,31,2380.0,,
7470.0,-1.6899999999999977,36,2549.0,,
7475.0,-1.8399999999999999,37,2733.0,,
7480.0,-1.8500000000000014,37,2918.0,,
7485.0,-1.9100000000000001,39,3109.0,,
7490.0,-1.9499999999999993,39,3304.0,,
7495.0,-1.990000000000002,40,3503.0,,
7500.0,-2.049999999999997,41,3708.0,,
7505.0,-2.270000000000003,46,3935.0,,
7510.0,-2.3999999999999986,48,4175.0,,
7515.0,-2.3999999999999986,48,4415.0,,
7520.0,-2.440000000000005,49,4659.0,,
7525.0,-1.25,45,4784.0,,
7530.0,-0.6999999999999957,46,4854.0,,
7535.0,-1.9299999999999997,49,5047.0,,
7540.0,-2.1099999999999994,46,5258.0,,
7545.0,-1.7800000000000011,44,5436.0,,
7550.0,-2.0799999999999983,44,5644.0,,
7555.0,-2.200000000000003,44,5864.0,,
7560.0,-2.200000000000003,44,6084.0,,
7565.0,-2.1999999999999957,44,6304.0,,
7570.0,-2.1999999999999957,44,6524.0,,
7575.0,-2.3299999999999983,49,6757.0,,
7580.0,-2.5,50,7007.0,,
7585.0,-2.5,50,7257.0,,
7590.0,-2.5,50,7507.0,,
7595.0,-2.5,50,7757.0,,
7600.0,3.289999999999992,44,7428.0,,
7605.0,11.46,34,6282.0,,
7610.0,10.25,30,5257.0,,
7615.0,9.530000000000001,25,4304.0,,
7620.0,8.5,24,3454.0,,
7625.0,8.869999999999997,26,2567.0,,
7630.0,4.330000000000002,28,2134.0,,
7635.0,4.669999999999998,32,1667.0,,
7640.0,-0.6999999999999993,33,1737.0,,
7645.0,-1.7399999999999984,39,1911.0,,
7650.0,-1.1500000000000021,38,2026.0,,
7655.0,-0.35999999999999943,36,2062.0,,
7660.0,2.91,30,1771.0,,
7665.0,3.210000000000001,37,1450.0,,
7670.0,0.6999999999999993,40,1380.0,,
7675.0,1.8900000000000006,38,1191.0,,
7680.0,-1.0399999999999991,40,1295.0,,
7685.0,-0.2900000000000009,42,1324.0,,
7690.0,-0.5999999999999996,38,1384.0,,
7695.0,0.41999999999999993,31,1342.0,,
7700.0,-0.7799999999999994,37,1420.0,,
7705.0,-0.9400000000000013,38,1514.0,,
7710.0,0.4299999999999997,37,1471.0,,
7715.0,-0.17999999999999972,37,1489.0,,
7720.0,-0.4900000000000002,34,1538.0,,
7725.0,0.16999999999999993,27,1521.0,,
7730.0,1.5600000000000005,23,1365.0,,
7735.0,2.860000000000001,24,1079.0,,
7740.0,1.2299999999999986,27,956.0,,
7745.0,0.0600000000000005,28,950.0,,
7750.0,0.0,26,950.0,,
7755.0,0.03999999999999915,30,946.0,,
7760.0,-0.3299999999999983,25,979.0,,
7765.0,-0.010000000000001563,19,980.0,,
7770.0,0.0600000000000005,24,974.0,,
7775.0,-0.8699999999999992,27,1061.0,,
7780.0,-0.5300000000000011,23,1114.0,,
7785.0,-0.1999999999999993,22,1134.0,,
7790.0,0.6099999999999994,20,1073.0,,
7795.0,1.7400000000000002,21,899.0,,
7800.0,1.6500000000000004,24,734.0,,
7805.0,-0.8200000000000003,26,816.0,,
7810.0,-0.5899999999999999,26,875.0,,
7815.0,-0.5899999999999999,22,934.0,,
7820.0,0.17999999999999972,16,916.0,,
7825.0,0.07000000000000028,23,909.0,,
7830.0,-0.9800000000000004,25,1007.0,,
7835.0,-0.4599999999999991,23,1053.0,,
7840.0,2.049999999999999,19,848.0,,
7845.0,1.1000000000000005,24,738.0,,
7850.0,-0.9300000000000006,25,831.0,,
7855.0,-0.5800000000000001,24,889.0,,
7860.0,-0.3699999999999992,19,926.0,,
7865.0,-1.1500000000000004,27,1041.0,,
7870.0,-1.1400000000000006,30,1155.0,,
7875.0,-0.8099999999999987,27,1236.0,,
7880.0,-0.7400000000000002,25,1310.0,,
7885.0,-0.9100000000000001,24,1401.0,,
7890.0,-1.0,24,1501.0,,
7895.0,1.17,21,1384.0,,
7900.0,3.2300000000000004,19,1061.0,,
7905.0,3.9299999999999997,18,668.0,,
7910.0,1.4699999999999998,16,521.0,,
7915.0,0.9900000000000002,20,422.0,,
7920.0,-0.4300000000000006,16,465.0,,
7925.0,0.0600000000000005,13,459.0,,
7930.0,0.33000000000000007,12,426.0,,
7935.0,0.04999999999999982,14,421.0,,
7940.0,-0.1299999999999999,19,434.0,,
7945.0,-0.7599999999999998,23,510.0,,
7950.0,-0.3200000000000003,15,542.0,,
7955.0,1.1100000000000003,12,431.0,,
7960.0,-0.4200000000000008,19,473.0,,
7965.0,-0.8599999999999994,23,559.0,,
7970.0,-1.33,28,692.0,,
7975.0,-1.4600000000000009,31,838.0,,
7980.0,-1.6399999999999988,33,1002.0,,
7985.0,-1.8399999999999999,38,1186.0,,
7990.0,-1.0600000000000005,35,1292.0,,
7995.0,0.14000000000000057,28,1278.0,,
8000.0,0.28999999999999915,20,1249.0,,
8005.0,-1.0299999999999994,22,1352.0,,
8010.0,-1.3100000000000005,29,1483.0,,
8015.0,-0.9199999999999999,32,1575.0,,
8020.0,-0.4299999999999997,29,1618.0,,
8025.0,-0.26000000000000156,27,1644.0,,
8030.0,-0.879999999999999,26,1732.0,,
8035.0,1.4700000000000006,22,1585.0,,
8040.0,3.469999999999999,20,1238.0,,
8045.0,4.390000000000001,21,799.0,,
8050.0,1.5200000000000005,22,647.0,,
8055.0,0.1200000000000001,20,635.0,,
8060.0,0.019999999999999574,17,633.0,,
8065.0,-0.07000000000000028,17,640.0,,
8070.0,-0.3799999999999999,18,678.0,,
8075.0,-0.6399999999999997,26,742.0,,
8080.0,-1.4600000000000009,33,888.0,,
8085.0,-1.0899999999999999,29,997.0,,
8090.0,-0.47999999999999865,26,1045.0,,
8095.0,0.629999999999999,22,982.0,,
8100.0,-0.9499999999999993,28,1077.0,,
8105.0,-0.9000000000000004,28,1167.0,,
8110.0,-0.47000000000000064,25,1214.0,,
8115.0,-0.2599999999999998,23,1240.0,,
8120.0,-0.9299999999999997,25,1333.0,,
8125.0,-1.209999999999999,27,1454.0,,
8130.0,-1.3500000000000014,27,1589.0,,
8135.0,-1.4100000000000001,29,1730.0,,
8140.0,-1.4499999999999993,29,1875.0,,
8145.0,-0.8299999999999983,27,1958.0,,
8150.0,-0.8400000000000034,30,2042.0,,
8155.0,-1.4599999999999973,31,2188.0,,
8160.0,-1.5899999999999999,32,2347.0,,
8165.0,-1.6000000000000014,32,2507.0,,
8170.0,-1.6699999999999982,34,2674.0,,
8175.0,-1.7000000000000028,34,2844.0,,
8180.0,-1.75,36,3019.0,,
8185.0,-1.7999999999999972,36,3199.0,,
8190.0,-1.9700000000000024,42,3396.0,,
8195.0,-2.1000000000000014,42,3606.0,,
8200.0,-1.0799999999999983,40,3714.0,,
8205.0,-2.1000000000000014,45,3924.0,,
8210.0,-2.049999999999997,41,4129.0,,
8215.0,-2.0,42,4329.0,,
8220.0,-2.1000000000000014,42,4539.0,,
8225.0,-2.3200000000000003,49,4771.0,,
8230.0,-2.4499999999999957,49,5016.0,,
8235.0,-2.450000000000003,49,5261.0,,
8240.0,-0.990000000000002,43,5360.0,,
8245.0,-0.30999999999999517,42,5391.0,,
8250.0,-1.6400000000000006,44,5555.0,,
8255.0,-2.260000000000005,46,5781.0,,
8260.0,-2.009999999999998,42,5982.0,,
8265.0,-1.759999999999998,43,6158.0,,
8270.0,-2.039999999999999,43,6362.0,,
8275.0,-2.1499999999999986,43,6577.0,,
8280.0,-2.1500000000000057,43,6792.0,,
8285.0,-2.1499999999999915,43,7007.0,,
8290.0,-2.1500000000000057,43,7222.0,,
8295.0,-2.260000000000005,49,7448.0,,
8300.0,-2.450000000000003,49,7693.0,,
8305.0,3.5800000000000125,44,7335.0,,
8310.0,11.569999999999993,37,6178.0,,
8315.0,-1.4200000000000017,27,6320.0,,
8320.0,-1.1499999999999915,23,6435.0,,
8325.0,4.249999999999993,21,6010.0,,
8330.0,8.969999999999999,24,5113.0,,
8335.0,12.39,24,3874.0,,
8340.0,8.520000000000003,27,3022.0,,
8345.0,7.640000000000001,27,2258.0,,
8350.0,5.639999999999997,28,1694.0,,
8355.0,1.7600000000000016,25,1518.0,,
8360.0,-0.2599999999999998,24,1544.0,,
8365.0,0.5,26,1494.0,,
8370.0,0.1999999999999993,29,1474.0,,
8375.0,-1.3100000000000005,35,1605.0,,
8380.0,-1.8299999999999983,39,1788.0,,
8385.0,-1.2200000000000024,39,1910.0,,
8390.0,-0.5700000000000003,34,1967.0,,
8395.0,1.0300000000000011,29,1864.0,,
8400.0,2.9400000000000013,31,1570.0,,
8405.0,0.41999999999999993,32,1528.0,,
8410.0,-0.9900000000000002,37,1627.0,,
8415.0,-0.9100000000000001,38,1718.0,,
8420.0,-0.4299999999999997,35,1761.0,,
8425.0,-0.3100000000000023,35,1792.0,,
8430.0,-0.31999999999999673,30,1824.0,,
8435.0,0.5999999999999979,27,1764.0,,
8440.0,1.1999999999999993,31,1644.0,,
8445.0,-0.8200000000000003,31,1726.0,,
8450.0,-0.16999999999999815,38,1743.0,,
8455.0,-1.1799999999999997,39,1861.0,,
8460.0,-0.5500000000000007,34,1916.0,,
8465.0,3.4800000000000004,31,1568.0,,
8470.0,3.9299999999999997,29,1175.0,,
8475.0,-0.9199999999999999,36,1267.0,,
8480.0,-0.3800000000000008,33,1305.0,,
8485.0,0.22000000000000064,30,1283.0,,
8490.0,1.0199999999999996,26,1181.0,,
8495.0,-0.7999999999999989,31,1261.0,,
8500.0,-0.4800000000000004,30,1309.0,,
8505.0,-0.13000000000000078,25,1322.0,,
8510.0,-0.2400000000000002,30,1346.0,,
8515.0,-1.1099999999999994,35,1457.0,,
8520.0,-0.5800000000000001,34,1515.0,,
8525.0,-0.7799999999999994,32,1593.0,,
8530.0,-1.1799999999999997,32,1711.0,,
8535.0,-1.25,31,1836.0,,
8540.0,0.6799999999999997,28,1768.0,,
8545.0,2.6400000000000006,28,1504.0,,
8550.0,3.4399999999999995,29,1160.0,,
8555.0,0.8300000000000001,30,1077.0,,
8560.0,-0.19000000000000128,30,1096.0,,
8565.0,-0.379999999999999,25,1134.0,,
8570.0,-0.4499999999999993,25,1179.0,,
8575.0,0.4599999999999991,19,1133.0,,
8580.0,0.7100000000000009,22,1062.0,,
8585.0,0.10999999999999943,29,1051.0,,
8590.0,0.41999999999999993,30,1009.0,,
8595.0,-0.2699999999999996,28,1036.0,,
8600.0,0.08999999999999986,24,1027.0,,
8605.0,2.17,17,810.0,,
8610.0,1.2699999999999996,21,683.0,,
8615.0,-0.3600000000000003,27,719.0,,
8620.0,-1.009999999999999,32,820.0,,
8625.0,-0.8300000000000001,33,903.0,,
8630.0,0.0,30,903.0,,
8635.0,0.41999999999999993,25,861.0,,
8640.0,0.049999999999998934,20,856.0,,
8645.0,-0.03999999999999915,18,860.0,,
8650.0,-0.5,18,910.0,,
8655.0,-0.8600000000000012,26,996.0,,
8660.0,-1.0,27,1096.0,,
8665.0,-0.6399999999999988,23,1160.0,,
8670.0,-0.620000000000001,22,1222.0,,
8675.0,-0.9799999999999986,24,1320.0,,
8680.0,-1.200000000000001,24,1440.0,,
8685.0,-1.2199999999999989,25,1562.0,,
8690.0,-1.3000000000000025,26,1692.0,,
8695.0,-1.4699999999999989,31,1839.0,,
8700.0,-1.5799999999999983,32,1997.0,,
8705.0,-1.6000000000000014,32,2157.0,,
8710.0,-1.6600000000000001,34,2323.0,,
8715.0,-1.6999999999999993,34,2493.0,,
8720.0,1.370000000000001,30,2356.0,,
8725.0,5.139999999999997,22,1842.0,,
8730.0,4.480000000000002,24,1394.0,,
8735.0,3.5700000000000003,20,1037.0,,
8740.0,1.9499999999999993,21,842.0,,
8745.0,1.0,23,742.0,,
8750.0,-0.6400000000000006,20,806.0,,
8755.0,-0.11999999999999922,16,818.0,,
8760.0,0.6200000000000001,15,756.0,,
8765.0,1.4799999999999995,20,608.0,,
8770.0,-0.6699999999999999,21,675.0,,
8775.0,-0.41000000000000014,20,716.0,,
8780.0,1.8100000000000005,17,535.0,,
8785.0,0.02999999999999936,22,532.0,,
8790.0,-0.5199999999999996,24,584.0,,
8795.0,-0.7999999999999998,28,664.0,,
8800.0,-1.5499999999999998,32,819.0,,
8805.0,-1.040000000000001,31,923.0,,
8810.0,-0.3899999999999988,26,962.0,,
8815.0,-0.6000000000000014,19,1022.0,,
8820.0,-1.1199999999999992,25,1134.0,,
8825.0,-0.75,25,1209.0,,
8830.0,-0.1899999999999995,23,1228.0,,
8835.0,-0.08000000000000007,25,1236.0,,
8840.0,-0.7000000000000011,24,1306.0,,
8845.0,-1.129999999999999,26,1419.0,,
8850.0,-1.2200000000000006,26,1541.0,,
8855.0,-1.3399999999999999,28,1675.0,,
8860.0,-1.3999999999999986,28,1815.0,,
8865.0,-0.7700000000000031,27,1892.0,,
8870.0,-0.8099999999999987,29,1973.0,,
8875.0,-1.379999999999999,30,2111.0,,
8880.0,-1.4800000000000004,30,2259.0,,
8885.0,-1.5,30,2409.0,,
8890.0,-1.5800000000000018,32,2567.0,,
8895.0,-1.5999999999999979,32,2727.0,,
8900.0,-1.6500000000000021,34,2892.0,,
8905.0,-1.6999999999999993,34,3062.0,,
8910.0,-1.8099999999999987,38,3243.0,,
8915.0,-1.990000000000002,40,3442.0,,
8920.0,-2.0,40,3642.0,,
8925.0,-2.039999999999999,41,3846.0,,
8930.0,-2.049999999999997,41,4051.0,,
8935.0,-2.0800000000000054,42,4259.0,,
8940.0,-2.1099999999999994,43,4470.0,,
8945.0,-2.3299999999999983,48,4703.0,,
8950.0,-2.4399999999999977,49,4947.0,,
8955.0,-2.450000000000003,49,5192.0,,
8960.0,-2.5,50,5442.0,,
8965.0,-2.5,50,5692.0,,
8970.0,-1.1799999999999997,44,5810.0,,
8975.0,-0.39000000000000057,44,5849.0,,
8980.0,-1.8799999999999955,45,6037.0,,
8985.0,-2.270000000000003,47,6264.0,,
8990.0,-2.3499999999999943,47,6499.0,,
8995.0,-2.3500000000000085,47,6734.0,,
9000.0,-2.3499999999999943,47,6969.0,,
9005.0,-2.3500000000000085,47,7204.0,,
9010.0,-2.3499999999999943,47,7439.0,,
9015.0,-2.4200000000000017,51,7681.0,,
9020.0,-2.6400000000000006,53,7945.0,,
9025.0,-2.6499999999999915,53,8210.0,,
9030.0,-2.6500000000000057,53,8475.0,,
9035.0,-2.6500000000000057,53,8740.0,,
9040.0,-2.6499999999999915,53,9005.0,,
9045.0,-0.9699999999999989,47,9102.0,,
9050.0,-0.14000000000000057,48,9116.0,,
9055.0,-1.9200000000000017,45,9308.0,,
9060.0,-2.3500000000000085,50,9543.0,,
9065.0,-2.5,50,9793.0,,
9070.0,-2.5,50,10043.0,,
9075.0,-2.5,50,10293.0,,
9080.0,-2.5,50,10543.0,,
9085.0,-2.549999999999997,53,10798.0,,
9090.0,4.460000000000008,51,10352.0,,
9095.0,11.349999999999994,41,9217.0,,
9100.0,17.090000000000003,36,7508.0,,
9105.0,13.18,28,6190.0,,
9110.0,11.799999999999997,26,5010.0,,
9115.0,10.850000000000001,27,3925.0,,
9120.0,11.14,32,2811.0,,
9125.0,-1.0600000000000023,32,2917.0,,
9130.0,-0.4499999999999993,29,2962.0,,
9135.0,3.740000000000002,31,2588.0,,
9140.0,4.459999999999997,38,2142.0,,
9145.0,-0.1599999999999966,47,2158.0,,
9150.0,1.1199999999999974,48,2046.0,,
9155.0,2.460000000000001,50,1800.0,,
9160.0,3.51,53,1449.0,,
9165.0,-1.42,54,1591.0,,
9170.0,-1.3099999999999987,45,1722.0,,
9175.0,-0.9700000000000024,45,1819.0,,
9180.0,-1.0,40,1919.0,,
9185.0,0.14000000000000057,39,1905.0,,
9190.0,-1.3900000000000006,37,2044.0,,
9195.0,-0.8099999999999987,35,2125.0,,
9200.0,-0.48999999999999844,36,2174.0,,
9205.0,-1.2300000000000004,41,2297.0,,
9210.0,-0.8000000000000007,42,2377.0,,
9215.0,0.259999999999998,44,2351.0,,
9220.0,1.360000000000003,38,2215.0,,
9225.0,3.299999999999997,28,1885.0,,
9230.0,-1.0,29,1985.0,,
9235.0,-0.8699999999999974,33,2072.0,,
9240.0,-0.2900000000000027,39,2101.0,,
9245.0,0.6300000000000026,42,2038.0,,
9250.0,1.379999999999999,40,1900.0,,
9255.0,-0.010000000000001563,34,1901.0,,
9260.0,1.5,23,1751.0,,
9265.0,1.7600000000000016,26,1575.0,,
9270.0,0.3699999999999992,23,1538.0,,
9275.0,-0.09999999999999964,31,1548.0,,
9280.0,-0.3099999999999987,37,1579.0,,
9285.0,0.0,37,1579.0,,
9290.0,0.34999999999999964,36,1544.0,,
9295.0,-0.6399999999999988,27,1608.0,,
9300.0,3.4499999999999975,19,1263.0,,
9305.0,3.0,29,963.0,,
9310.0,0.05000000000000071,32,958.0,,
9315.0,0.39000000000000057,34,919.0,,
9320.0,-0.5500000000000007,35,974.0,,
9325.0,-0.8100000000000005,38,1055.0,,
9330.0,-0.41000000000000014,35,1096.0,,
9335.0,-0.8099999999999987,26,1177.0,,
9340.0,-0.7800000000000011,26,1255.0,,
9345.0,-0.8599999999999994,28,1341.0,,
9350.0,0.019999999999999574,26,1339.0,,
9355.0,-0.379999999999999,24,1377.0,,
9360.0,-0.6100000000000012,25,1438.0,,
9365.0,-0.6399999999999988,25,1502.0,,
9370.0,-0.8800000000000008,27,1590.0,,
9375.0,0.9700000000000006,25,1493.0,,
9380.0,2.91,25,1202.0,,
9385.0,3.58,24,844.0,,
9390.0,1.5299999999999994,29,691.0,,
9395.0,-0.8899999999999997,27,780.0,,
9400.0,-0.47999999999999954,25,828.0,,
9405.0,-0.45000000000000107,22,873.0,,
9410.0,-0.5,24,923.0,,
9415.0,0.07000000000000028,20,916.0,,
9420.0,0.5400000000000009,22,862.0,,
9425.0,-0.4800000000000004,24,910.0,,
9430.0,-0.6500000000000004,21,975.0,,
9435.0,1.67,19,808.0,,
9440.0,0.0600000000000005,25,802.0,,
9445.0,-0.9500000000000011,30,897.0,,
9450.0,-1.5199999999999996,37,1049.0,,
9455.0,-1.3499999999999996,37,1184.0,,
9460.0,-0.6500000000000004,28,1249.0,,
9465.0,-0.29999999999999893,24,1279.0,,
9470.0,-0.3800000000000008,23,1317.0,,
9475.0,-0.8300000000000001,24,1400.0,,
9480.0,-1.0099999999999998,25,1501.0,,
9485.0,-1.290000000000001,27,1630.0,,
9490.0,-1.4800000000000004,31,1778.0,,
9495.0,-1.5499999999999972,31,1933.0,,
9500.0,-1.5900000000000034,33,2092.0,,
9505.0,-1.6499999999999986,33,2257.0,,
9510.0,-1.6499999999999986,33,2422.0,,
9515.0,1.3499999999999979,29,2287.0,,
9520.0,4.0,27,1887.0,,
9525.0,5.370000000000001,23,1350.0,,
9530.0,3.4700000000000006,19,1003.0,,
9535.0,1.83,20,820.0,,
9540.0,0.839999999999999,24,736.0,,
9545.0,-0.6399999999999997,20,800.0,,
9550.0,-0.10999999999999943,16,811.0,,
9555.0,0.47999999999999954,20,763.0,,
9560.0,1.54,20,609.0,,
9565.0,-0.6500000000000004,22,674.0,,
9570.0,-0.41000000000000014,21,715.0,,
9575.0,1.75,16,540.0,,
9580.0,0.08000000000000007,24,532.0,,
9585.0,-0.4499999999999993,24,577.0,,
9590.0,-0.8700000000000001,33,664.0,,
9595.0,-1.0600000000000005,29,770.0,,
9600.0,-0.4300000000000006,26,813.0,,
9605.0,-0.019999999999999574,19,815.0,,
9610.0,-0.5899999999999999,19,874.0,,
9615.0,-1.2400000000000002,28,998.0,,
9620.0,-1.2400000000000002,32,1122.0,,
9625.0,-1.5599999999999987,38,1278.0,,
9630.0,-1.200000000000001,37,1398.0,,
9635.0,-0.3699999999999992,29,1435.0,,
9640.0,-0.040000000000000924,25,1439.0,,
9645.0,-0.4499999999999993,24,1484.0,,
9650.0,-0.6300000000000008,24,1547.0,,
9655.0,-0.9799999999999986,24,1645.0,,
9660.0,-1.2899999999999991,26,1774.0,,
9665.0,-1.5100000000000016,32,1925.0,,
9670.0,-1.6600000000000001,34,2091.0,,
9675.0,-1.6999999999999993,34,2261.0,,
9680.0,-1.7199999999999989,36,2433.0,,
9685.0,-1.8000000000000007,36,2613.0,,
9690.0,-1.8000000000000007,36,2793.0,,
9695.0,-0.8599999999999994,34,2879.0,,
9700.0,-0.8399999999999999,36,2963.0,,
9705.0,-1.6600000000000001,36,3129.0,,
9710.0,-1.7800000000000011,37,3307.0,,
9715.0,-1.9200000000000017,39,3499.0,,
9720.0,-1.9499999999999957,39,3694.0,,
9725.0,-1.9500000000000028,39,3889.0,,
9730.0,-2.0,40,4089.0,,
9735.0,-2.0899999999999963,44,4298.0,,
9740.0,-2.3300000000000054,47,4531.0,,
9745.0,-2.3499999999999943,47,4766.0,,
9750.0,-2.3900000000000006,48,5005.0,,
9755.0,-2.4000000000000057,48,5245.0,,
9760.0,-2.3999999999999986,48,5485.0,,
9765.0,-1.4499999999999957,44,5630.0,,
9770.0,-1.0700000000000003,46,5737.0,,
9775.0,-2.010000000000005,47,5938.0,,
9780.0,-2.1099999999999994,44,6149.0,,
9785.0,-1.7999999999999972,42,6329.0,,
9790.0,-2.020000000000003,42,6531.0,,
9795.0,-2.0999999999999943,42,6741.0,,
9800.0,-2.1000000000000085,42,6951.0,,
9805.0,-2.0999999999999943,42,7161.0,,
9810.0,-2.3200000000000074,48,7393.0,,
9815.0,-2.3999999999999915,48,7633.0,,
9820.0,-2.4000000000000057,48,7873.0,,
9825.0,-2.3999999999999915,48,8113.0,,
9830.0,-2.4000000000000057,48,8353.0,,
9835.0,-1.769999999999996,44,8530.0,,
9840.0,-1.75,46,8705.0,,
9845.0,-2.219999999999999,46,8927.0,,
9850.0,-2.240000000000009,46,9151.0,,
9855.0,-2.299999999999997,46,9381.0,,
9860.0,-2.299999999999997,46,9611.0,,
9865.0,-2.299999999999997,46,9841.0,,
9870.0,-2.299999999999997,46,10071.0,,
9875.0,-2.3000000000000114,46,10301.0,,
9880.0,-2.4499999999999886,51,10546.0,,
9885.0,-2.6000000000000085,52,10806.0,,
9890.0,-2.5999999999999943,52,11066.0,,
9895.0,-2.6000000000000085,52,11326.0,,
9900.0,-2.5999999999999943,52,11586.0,,
9905.0,-2.5999999999999943,52,11846.0,,
9910.0,-1.210000000000008,46,11967.0,,
9915.0,-1.2199999999999989,50,12089.0,,
9920.0,-2.569999999999993,53,12346.0,,
9925.0,-2.3599999999999994,48,12582.0,,
9930.0,-1.960000000000008,46,12778.0,,
9935.0,3.200000000000003,43,12458.0,,
9940.0,4.359999999999999,46,12022.0,,
9945.0,-0.7800000000000011,42,12100.0,,
9950.0,-1.5300000000000011,39,12253.0,,
9955.0,-1.980000000000004,44,12451.0,,
9960.0,-2.1999999999999886,44,12671.0,,
9965.0,-2.200000000000003,44,12891.0,,
9970.0,-2.200000000000017,44,13111.0,,
9975.0,-2.1999999999999886,44,13331.0,,
9980.0,-1.5699999999999932,40,13488.0,,
9985.0,-1.5900000000000034,44,13647.0,,
9990.0,-2.1999999999999886,44,13867.0,,
9995.0,-1.920000000000016,42,14059.0,,
10000.0,-1.789999999999992,40,14238.0,,
10005.0,-1.9800000000000182,40,14436.0,,
10010.0,-2.0,40,14636.0,,
10015.0,-2.0,40,14836.0,,
10020.0,-2.0,40,15036.0,,
10025.0,-2.1699999999999875,45,15253.0,,
10030.0,-2.3000000000000114,46,15483.0,,
10035.0,-2.299999999999983,46,15713.0,,
10040.0,-2.3000000000000114,46,15943.0,,
10045.0,-1.799999999999983,43,16123.0,,
10050.0,-1.8200000000000216,44,16305.0,,
10055.0,-2.2399999999999807,46,16529.0,,
10060.0,-2.390000000000015,48,16768.0,,
10065.0,-2.469999999999999,51,17015.0,,
10070.0,-2.5999999999999943,52,17275.0,,
10075.0,-2.6999999999999886,56,17545.0,,
10080.0,-2.8000000000000114,56,17825.0,,
10085.0,-2.9499999999999886,60,18120.0,,
10090.0,-3.0,60,18420.0,,
10095.0,-3.130000000000024,66,18733.0,,
10100.0,-0.28000000000000114,63,18761.0,,
10105.0,-1.509999999999991,64,18912.0,,
10110.0,-1.8499999999999943,60,19097.0,,
10115.0,-0.6200000000000045,52,19159.0,,
10120.0,0.3199999999999932,46,19127.0,,
10125.0,-0.37999999999999545,40,19165.0,,
10130.0,-0.8899999999999864,39,19254.0,,
10135.0,-0.8900000000000148,42,19343.0,,
10140.0,-1.6699999999999875,42,19510.0,,
10145.0,-1.920000000000016,42,19702.0,,
10150.0,-2.0999999999999943,42,19912.0,,
10155.0,-2.0999999999999943,42,20122.0,,
10160.0,-1.4699999999999989,39,20269.0,,
10165.0,-1.4699999999999989,40,20416.0,,
10170.0,-2.140000000000015,46,20630.0,,
10175.0,-2.299999999999983,46,20860.0,,
10180.0,-2.460000000000008,50,21106.0,,
10185.0,-2.5200000000000102,52,21358.0,,
10190.0,-2.6699999999999875,54,21625.0,,
10195.0,-2.710000000000008,55,21896.0,,
10200.0,-2.8700000000000045,58,22183.0,,
10205.0,-2.9499999999999886,61,22478.0,,
10210.0,-3.0999999999999943,62,22788.0,,
10215.0,-3.170000000000016,66,23105.0,,
10220.0,-3.299999999999983,66,23435.0,,
10225.0,-3.460000000000008,70,23781.0,,
10230.0,-3.5,70,24131.0,,
10235.0,-3.6399999999999864,74,24495.0,,
10240.0,-3.7600000000000193,76,24871.0,,
10245.0,-3.9099999999999966,79,25262.0,,
10250.0,-2.299999999999983,76,25492.0,,
10255.0,-3.620000000000033,76,25854.0,,
10260.0,-3.7999999999999545,76,26234.0,,
10265.0,-3.8000000000000114,76,26614.0,,
10270.0,-3.8000000000000114,76,26994.0,,
10275.0,-3.8000000000000114,76,27374.0,,
10280.0,-3.8000000000000114,76,27754.0,,
10285.0,-3.7999999999999545,76,28134.0,,
10290.0,-3.8000000000000114,76,28514.0,,
10295.0,-1.0900000000000318,70,28623.0,,
10300.0,1.830000000000041,60,28440.0,,
10305.0,4.3700000000000045,50,28003.0,,
10310.0,4.089999999999975,44,27594.0,,
10315.0,1.740000000000009,44,27420.0,,
10320.0,2.349999999999966,44,27185.0,,
10325.0,1.8400000000000318,44,27001.0,,
10330.0,2.089999999999975,44,26792.0,,
10335.0,-2.1999999999999886,44,27012.0,,
10340.0,-1.579999999999984,42,27170.0,,
10345.0,-1.759999999999991,48,27346.0,,
10350.0,-2.2700000000000387,47,27573.0,,
10355.0,-2.0,44,27773.0,,
10360.0,-1.7899999999999636,42,27952.0,,
10365.0,-1.9399999999999977,41,28146.0,,
10370.0,-1.9500000000000455,41,28341.0,,
10375.0,-0.7399999999999523,40,28415.0,,
10380.0,-2.1299999999999955,45,28628.0,,
10385.0,-2.2600000000000477,49,28854.0,,
10390.0,-2.159999999999968,46,29070.0,,
10395.0,-2.0,44,29270.0,,
10400.0,-1.9700000000000273,43,29467.0,,
10405.0,-2.069999999999993,43,29674.0,,
10410.0,-2.089999999999975,43,29883.0,,
10415.0,-2.150000000000034,43,30098.0,,
10420.0,-2.2099999999999795,46,30319.0,,
10425.0,-2.3500000000000227,47,30554.0,,
10430.0,-1.0199999999999818,41,30656.0,,
10435.0,-0.35000000000002274,39,30691.0,,
10440.0,-1.7999999999999545,38,30871.0,,
10445.0,-1.920000000000016,39,31063.0,,
10450.0,-1.9499999999999886,39,31258.0,,
10455.0,-2.0200000000000387,43,31460.0,,
10460.0,-2.2399999999999523,45,31684.0,,
10465.0,-2.25,45,31909.0,,
10470.0,-2.25,45,32134.0,,
10475.0,-2.25,45,32359.0,,
10480.0,-2.25,45,32584.0,,
10485.0,-1.330000000000041,41,32717.0,,
10490.0,-1.25,43,32842.0,,
10495.0,-1.990000000000009,40,33041.0,,
10500.0,-1.9399999999999977,41,33235.0,,
10505.0,-2.0499999999999545,41,33440.0,,
10510.0,-2.0500000000000114,41,33645.0,,
10515.0,-2.0500000000000114,41,33850.0,,
10520.0,-2.0500000000000114,41,34055.0,,
10525.0,-2.0600000000000023,42,34261.0,,
10530.0,-2.259999999999991,47,34487.0,,
10535.0,-2.3500000000000227,47,34722.0,,
10540.0,-2.349999999999966,47,34957.0,,
10545.0,-2.3500000000000227,47,35192.0,,
10550.0,-2.349999999999966,47,35427.0,,
10555.0,-1.410000000000025,42,35568.0,,
10560.0,-1.4099999999999682,46,35709.0,,
10565.0,-2.1100000000000136,43,35920.0,,
10570.0,-2.1200000000000045,44,36132.0,,
10575.0,0.2799999999999727,40,36104.0,,
10580.0,-1.0699999999999932,42,36211.0,,
10585.0,-2.019999999999982,40,36413.0,,
10590.0,-1.9399999999999977,40,36607.0,,
10595.0,-2.0,40,36807.0,,
10600.0,-2.079999999999984,44,37015.0,,
10605.0,-2.3000000000000114,46,37245.0,,
10610.0,-2.3000000000000114,46,37475.0,,
10615.0,-2.3000000000000114,46,37705.0,,
10620.0,-2.3000000000000114,46,37935.0,,
10625.0,-2.2999999999999545,46,38165.0,,
10630.0,-0.9300000000000068,40,38258.0,,
10635.0,-0.9700000000000273,44,38355.0,,
10640.0,-2.0,43,38555.0,,
10645.0,-2.0299999999999727,43,38758.0,,
10650.0,-2.150000000000034,43,38973.0,,
10655.0,-2.1499999999999773,43,39188.0,,
10660.0,-2.1499999999999773,43,39403.0,,
10665.0,-2.150000000000034,43,39618.0,,
10670.0,-2.2099999999999795,46,39839.0,,
10675.0,-2.430000000000007,49,40082.0,,
10680.0,-2.4499999999999886,49,40327.0,,
10685.0,-2.4500000000000455,49,40572.0,,
10690.0,-2.4499999999999886,49,40817.0,,
10695.0,-2.4499999999999886,49,41062.0,,
10700.0,-1.1599999999999682,43,41178.0,,
10705.0,-0.6900000000000546,45,41247.0,,
10710.0,-2.159999999999968,45,41463.0,,
10715.0,-2.259999999999991,47,41689.0,,
10720.0,-2.3500000000000227,47,41924.0,,
10725.0,-2.349999999999966,47,42159.0,,
10730.0,-2.3500000000000227,47,42394.0,,
10735.0,-1.4800000000000182,43,42542.0,,
10740.0,-1.5500000000000114,45,42697.0,,
10745.0,0.5300000000000296,46,42644.0,,
10750.0,-0.7900000000000205,47,42723.0,,
10755.0,-2.0299999999999727,45,42926.0,,
10760.0,-1.4800000000000182,40,43074.0,,
10765.0,-1.75,40,43249.0,,
10770.0,-2.0,40,43449.0,,
10775.0,-2.0,40,43649.0,,
10780.0,-2.099999999999966,44,43859.0,,
10785.0,-2.2000000000000455,44,44079.0,,
10790.0,-2.1999999999999886,44,44299.0,,
10795.0,-2.1999999999999886,44,44519.0,,
10800.0,-2.1999999999999886,44,44739.0,,
10805.0,-2.1999999999999886,44,44959.0,,
10810.0,-2.2000000000000455,44,45179.0,,
10815.0,-2.3100000000000023,49,45410.0,,
10820.0,-2.5,50,45660.0,,
10825.0,-0.8199999999999932,45,45742.0,,
10830.0,-0.3299999999999841,44,45775.0,,
10835.0,-1.579999999999984,46,45933.0,,
10840.0,-2.3799999999999955,48,46171.0,,
10845.0,-1.9300000000000068,42,46364.0,,
10850.0,-1.5200000000000387,41,46516.0,,
10855.0,-1.9599999999999795,44,46712.0,,
10860.0,-2.1999999999999886,44,46932.0,,
10865.0,-2.1999999999999886,44,47152.0,,
10870.0,-2.2000000000000455,44,47372.0,,
10875.0,-2.1999999999999886,44,47592.0,,
10880.0,-0.9599999999999795,38,47688.0,,
10885.0,-0.8299999999999841,39,47771.0,,
10890.0,-2.0200000000000387,43,47973.0,,
10895.0,-2.1299999999999955,43,48186.0,,
10900.0,-2.1499999999999773,43,48401.0,,
10905.0,-2.150000000000034,43,48616.0,,
10910.0,-1.6899999999999977,41,48785.0,,
10915.0,-1.8599999999999568,41,48971.0,,
10920.0,-1.9600000000000364,40,49167.0,,
10925.0,-2.1299999999999955,44,49380.0,,
10930.0,-2.1999999999999886,44,49600.0,,
10935.0,-2.1999999999999886,44,49820.0,,
10940.0,-2.1999999999999886,44,50040.0,,
10945.0,-2.2000000000000455,44,50260.0,,
10950.0,-2.1999999999999886,44,50480.0,,
10955.0,-1.4599999999999795,40,50626.0,,
10960.0,-1.4300000000000068,43,50769.0,,
10965.0,-2.1100000000000136,42,50980.0,,
10970.0,-2.079999999999984,42,51188.0,,
10975.0,-0.2699999999999818,38,51215.0,,
10980.0,-1.6499999999999773,41,51380.0,,
10985.0,-1.900000000000091,38,51570.0,,
10990.0,-1.8599999999999,38,51756.0,,
10995.0,-1.9100000000000819,39,51947.0,,
11000.0,-2.0699999999999363,42,52154.0,,
11005.0,-2.1000000000000227,42,52364.0,,
11010.0,-2.1000000000000227,42,52574.0,,
11015.0,-2.1000000000000227,42,52784.0,,
11020.0,-2.1000000000000227,42,52994.0,,
11025.0,-2.099999999999909,42,53204.0,,
11030.0,-2.1200000000000045,43,53416.0,,
11035.0,-2.3600000000000136,50,53652.0,,
11040.0,-2.300000000000068,46,53882.0,,
11045.0,-2.189999999999941,46,54101.0,,
11050.0,-2.2999999999999545,46,54331.0,,
11055.0,-2.300000000000068,46,54561.0,,
11060.0,-2.2999999999999545,46,54791.0,,
11065.0,-2.310000000000059,47,55022.0,,
11070.0,-0.8799999999999955,44,55110.0,,
11075.0,0.19000000000005457,40,55091.0,,
11080.0,-1.990000000000009,42,55290.0,,
11085.0,-2.1499999999999773,44,55505.0,,
11090.0,-2.2000000000000455,44,55725.0,,
11095.0,-2.2000000000000455,44,55945.0,,
11100.0,-0.8999999999999773,38,56035.0,,
11105.0,-1.0699999999999363,44,56142.0,,
11110.0,-2.07000000000005,44,56349.0,,
11115.0,-2.1100000000000136,44,56560.0,,
11120.0,-2.199999999999932,44,56780.0,,
11125.0,-2.2000000000000455,44,57000.0,,
11130.0,-2.2000000000000455,44,57220.0,,
11135.0,-2.199999999999932,44,57440.0,,
11140.0,-2.300000000000068,47,57670.0,,
11145.0,-1.5799999999999272,43,57828.0,,
11150.0,-1.32000000000005,44,57960.0,,
11155.0,-1.92999999999995,41,58153.0,,
11160.0,-1.8999999999999773,41,58343.0,,
11165.0,-2.050000000000068,41,58548.0,,
11170.0,-2.0499999999999545,41,58753.0,,
11175.0,-2.1299999999999955,46,58966.0,,
11180.0,-2.340000000000032,47,59200.0,,
11185.0,-2.3500000000000227,47,59435.0,,
11190.0,-2.3500000000000227,47,59670.0,,
11195.0,-2.349999999999909,47,59905.0,,
11200.0,-2.3500000000000227,47,60140.0,,
11205.0,-1.3899999999999864,42,60279.0,,
11210.0,-1.3899999999999864,46,60418.0,,
11215.0,-2.1100000000000136,44,60629.0,,
11220.0,-2.080000000000041,44,60837.0,,
11225.0,0.2400000000000091,41,60813.0,,
11230.0,-1.169999999999959,45,60930.0,,
11235.0,-1.9700000000000273,40,61127.0,,
11240.0,-1.830000000000041,40,61310.0,,
11245.0,-2.0,40,61510.0,,
11250.0,-2.189999999999941,45,61729.0,,
11255.0,-2.300000000000068,46,61959.0,,
11260.0,-2.2999999999999545,46,62189.0,,
11265.0,-2.300000000000068,46,62419.0,,
11270.0,-2.2999999999999545,46,62649.0,,
11275.0,-1.3500000000000227,41,62784.0,,
11280.0,-0.9800000000000182,44,62882.0,,
11285.0,-1.919999999999959,44,63074.0,,
11290.0,-1.4099999999999682,46,63215.0,,
11295.0,-2.300000000000068,46,63445.0,,
11300.0,-1.92999999999995,44,63638.0,,
11305.0,-1.330000000000041,38,63771.0,,
11310.0,-1.4499999999999318,38,63916.0,,
11315.0,-1.8999999999999773,38,64106.0,,
11320.0,-2.0200000000000955,41,64308.0,,
11325.0,-2.169999999999959,44,64525.0,,
11330.0,-2.2000000000000455,44,64745.0,,
11335.0,-2.199999999999932,44,64965.0,,
11340.0,-2.2000000000000455,44,65185.0,,
11345.0,-2.199999999999932,44,65405.0,,
11350.0,-1.5400000000000773,40,65559.0,,
11355.0,-1.6000000000000227,44,65719.0,,
11360.0,-2.0,41,65919.0,,
11365.0,-1.92999999999995,41,66112.0,,
11370.0,-2.0499999999999545,41,66317.0,,
11375.0,-2.050000000000068,41,66522.0,,
11380.0,-2.0499999999999545,41,66727.0,,
11385.0,-2.050000000000068,41,66932.0,,
11390.0,-2.099999999999909,44,67142.0,,
11395.0,-0.6800000000000637,43,67210.0,,
11400.0,-2.0699999999999363,44,67417.0,,
11405.0,-1.6200000000000045,42,67579.0,,
11410.0,-1.740000000000009,44,67753.0,,
11415.0,-1.8999999999999773,40,67943.0,,
11420.0,-1.5900000000000318,38,68102.0,,
11425.0,-1.8400000000000318,38,68286.0,,
11430.0,-2.019999999999982,42,68488.0,,
11435.0,-2.1000000000000227,42,68698.0,,
11440.0,-2.1000000000000227,42,68908.0,,
11445.0,-2.099999999999909,42,69118.0,,
11450.0,-2.1000000000000227,42,69328.0,,
11455.0,-1.490000000000009,39,69477.0,,
11460.0,-1.5299999999999727,41,69630.0,,
11465.0,-1.900000000000091,40,69820.0,,
11470.0,-1.9399999999999409,41,70014.0,,
11475.0,-2.050000000000068,41,70219.0,,
11480.0,-2.0499999999999545,41,70424.0,,
11485.0,-2.0499999999999545,41,70629.0,,
11490.0,-2.050000000000068,41,70834.0,,
11495.0,-2.0499999999999545,41,71039.0,,
11500.0,-2.1200000000000045,44,71251.0,,
11505.0,-2.240000000000009,45,71475.0,,
11510.0,-2.25,45,71700.0,,
11515.0,-2.25,45,71925.0,,
11520.0,-2.25,45,72150.0,,
11525.0,-2.25,45,72375.0,,
11530.0,-1.259999999999991,41,72501.0,,
11535.0,-1.25,45,72626.0,,
11540.0,-2.169999999999959,45,72843.0,,
11545.0,-2.060000000000059,44,73049.0,,
11550.0,-2.169999999999959,44,73266.0,,
11555.0,-2.2000000000000455,44,73486.0,,
11560.0,-2.199999999999932,44,73706.0,,
11565.0,-2.2000000000000455,44,73926.0,,
11570.0,-2.2100000000000364,45,74147.0,,
11575.0,-2.339999999999918,48,74381.0,,
11580.0,-1.5200000000000955,42,74533.0,,
11585.0,-1.8799999999999955,44,74721.0,,
11590.0,-2.099999999999909,42,74931.0,,
11595.0,-2.0300000000000864,42,75134.0,,
11600.0,-2.1000000000000227,42,75344.0,,
11605.0,-2.1099999999999,43,75555.0,,
11610.0,0.7299999999999045,42,75482.0,,
11615.0,-0.6099999999999,44,75543.0,,
11620.0,-2.060000000000059,42,75749.0,,
11625.0,-2.0399999999999636,42,75953.0,,
11630.0,-2.1000000000000227,42,76163.0,,
11635.0,-2.1000000000000227,42,76373.0,,
11640.0,-2.1100000000000136,43,76584.0,,
11645.0,-2.259999999999991,46,76810.0,,
11650.0,-2.2999999999999545,46,77040.0,,
11655.0,-2.300000000000068,46,77270.0,,
11660.0,-2.2999999999999545,46,77500.0,,
11665.0,-2.2999999999999545,46,77730.0,,
11670.0,-1.0,41,77830.0,,
11675.0,-0.2800000000000864,42,77858.0,,
11680.0,-1.6899999999999409,43,78027.0,,
11685.0,-2.1000000000000227,45,78237.0,,
11690.0,-2.230000000000018,45,78460.0,,
11695.0,-2.25,45,78685.0,,
11700.0,-2.25,45,78910.0,,
11705.0,-2.25,45,79135.0,,
11710.0,-1.2799999999999727,40,79263.0,,
11715.0,-1.2699999999999818,43,79390.0,,
11720.0,-1.9700000000000273,41,79587.0,,
11725.0,-2.0499999999999545,42,79792.0,,
11730.0,-2.1000000000000227,42,80002.0,,
11735.0,-2.1000000000000227,42,80212.0,,
11740.0,-2.1000000000000227,42,80422.0,,
11745.0,-1.8099999999999454,40,80603.0,,
11750.0,-1.8000000000000682,41,80783.0,,
11755.0,-2.099999999999909,42,80993.0,,
11760.0,-2.1000000000000227,42,81203.0,,
11765.0,-0.35000000000002274,39,81238.0,,
11770.0,-1.67999999999995,41,81406.0,,
11775.0,-1.8700000000000045,38,81593.0,,
11780.0,-1.830000000000041,38,81776.0,,
11785.0,-1.8999999999999773,38,81966.0,,
11790.0,-2.019999999999982,42,82168.0,,
11795.0,-2.1000000000000227,42,82378.0,,
11800.0,-2.1000000000000227,42,82588.0,,
11805.0,-2.1000000000000227,42,82798.0,,
11810.0,-2.1000000000000227,42,83008.0,,
11815.0,-1.490000000000009,39,83157.0,,
11820.0,-1.5,40,83307.0,,
11825.0,-1.9099999999999682,41,83498.0,,
11830.0,-2.0499999999999545,42,83703.0,,
11835.0,-2.1000000000000227,42,83913.0,,
11840.0,-2.1000000000000227,42,84123.0,,
11845.0,-2.1000000000000227,42,84333.0,,
11850.0,-2.099999999999909,42,84543.0,,
11855.0,-2.1000000000000227,42,84753.0,,
11860.0,-2.1499999999999773,45,84968.0,,
11865.0,-2.300000000000068,46,85198.0,,
11870.0,-2.2999999999999545,46,85428.0,,
11875.0,-2.300000000000068,46,85658.0,,
11880.0,-2.2999999999999545,46,85888.0,,
11885.0,-2.2999999999999545,46,86118.0,,
11890.0,-0.9300000000000637,40,86211.0,,
11895.0,-0.8500000000000227,43,86296.0,,
11900.0,-2.159999999999968,44,86512.0,,
11905.0,-2.2100000000000364,45,86733.0,,
11910.0,-2.25,45,86958.0,,
11915.0,-2.25,45,87183.0,,
11920.0,-2.25,45,87408.0,,
11925.0,-2.25,45,87633.0,,
11930.0,-2.2799999999999727,47,87861.0,,
11935.0,-1.6599999999999682,44,88027.0,,
11940.0,-1.7699999999999818,46,88204.0,,
11945.0,-2.009999999999991,42,88405.0,,
11950.0,-2.0,42,88605.0,,
11955.0,0.5699999999999363,40,88548.0,,
11960.0,-0.8999999999999773,43,88638.0,,
11965.0,-2.1499999999999773,43,88853.0,,
11970.0,-2.330000000000041,49,89086.0,,
11975.0,-1.990000000000009,44,89285.0,,
11980.0,-1.4499999999999318,40,89430.0,,
11985.0,-1.7300000000000182,40,89603.0,,
11990.0,-1.9800000000000182,40,89801.0,,
11995.0,-2.0,40,90001.0,,
12000.0,-2.0,40,90201.0,,
12005.0,-2.060000000000059,43,90407.0,,
12010.0,-2.199999999999932,44,90627.0,,
12015.0,-2.2000000000000455,44,90847.0,,
12020.0,-2.199999999999932,44,91067.0,,
12025.0,-2.2000000000000455,44,91287.0,,
12030.0,-2.2000000000000455,44,91507.0,,
12035.0,-1.509999999999991,40,91658.0,,
12040.0,-1.5499999999999545,46,91813.0,,
12045.0,-2.1499999999999773,43,92028.0,,
12050.0,-2.060000000000059,43,92234.0,,
12055.0,-2.1499999999999773,43,92449.0,,
12060.0,-2.1499999999999773,43,92664.0,,
12065.0,-2.1499999999999773,43,92879.0,,
12070.0,-2.150000000000091,43,93094.0,,
12075.0,-2.189999999999941,46,93313.0,,
12080.0,-2.3500000000000227,47,93548.0,,
12085.0,-2.3500000000000227,47,93783.0,,
12090.0,-2.349999999999909,47,94018.0,,
12095.0,0.2299999999999045,44,93995.0,,
12100.0,-1.099999999999909,44,94105.0,,
12105.0,-1.3600000000000136,43,94241.0,,
12110.0,-1.32000000000005,46,94373.0,,
12115.0,-2.009999999999991,44,94574.0,,
12120.0,-1.6899999999999409,42,94743.0,,
12125.0,-1.9800000000000182,42,94941.0,,
12130.0,-1.9200000000000728,41,95133.0,,
12135.0,-2.0699999999999363,45,95340.0,,
12140.0,-1.990000000000009,40,95539.0,,
12145.0,-1.8100000000000591,40,95720.0,,
12150.0,-2.1399999999999864,44,95934.0,,
12155.0,-2.199999999999932,44,96154.0,,
12160.0,-2.2000000000000455,44,96374.0,,
12165.0,-2.2000000000000455,44,96594.0,,
12170.0,-2.199999999999932,44,96814.0,,
12175.0,-2.2000000000000455,44,97034.0,,
12180.0,-1.4800000000000182,41,97182.0,,
12185.0,-1.5699999999999363,46,97339.0,,
12190.0,-2.1200000000000045,43,97551.0,,
12195.0,-2.07000000000005,43,97758.0,,
12200.0,-2.1499999999999773,43,97973.0,,
12205.0,-2.1499999999999773,43,98188.0,,
12210.0,-2.1499999999999773,43,98403.0,,
12215.0,-2.1499999999999773,43,98618.0,,
12220.0,-2.2100000000000364,46,98839.0,,
12225.0,-2.340000000000032,47,99073.0,,
12230.0,-2.3500000000000227,47,99308.0,,
12235.0,-2.349999999999909,47,99543.0,,
12240.0,-2.3500000000000227,47,99778.0,,
12245.0,-2.3500000000000227,47,100013.0,,
12250.0,-1.3600000000000136,42,100149.0,,
12255.0,-1.2699999999999818,45,100276.0,,
12260.0,-2.269999999999982,46,100503.0,,
12265.0,-2.2799999999999727,46,100731.0,,
12270.0,-2.300000000000068,46,100961.0,,
12275.0,-2.2999999999999545,46,101191.0,,
12280.0,-2.300000000000068,46,101421.0,,
12285.0,-2.2999999999999545,46,101651.0,,
12290.0,-2.330000000000041,48,101884.0,,
12295.0,-2.490000000000009,50,102133.0,,
12300.0,-2.5,50,102383.0,,
12305.0,-2.4999999999998863,50,102633.0,,
12310.0,-2.5,50,102883.0,,
12315.0,-2.5,50,103133.0,,
12320.0,-1.509999999999991,45,103284.0,,
12325.0,-1.1400000000001,48,103398.0,,
12330.0,-2.2999999999999545,47,103628.0,,
12335.0,-2.3299999999999272,49,103861.0,,
12340.0,2.2199999999998,45,103639.0,,
12345.0,2.6900000000000546,44,103370.0,,
12350.0,-1.8899999999998727,43,103559.0,,
12355.0,-1.9800000000000182,42,103757.0,,
12360.0,-1.5199999999999818,43,103909.0,,
12365.0,-1.6600000000000819,44,104075.0,,
12370.0,-1.9800000000000182,42,104273.0,,
12375.0,-1.7200000000000273,40,104445.0,,
12380.0,-1.9199999999998454,40,104637.0,,
12385.0,-2.0,40,104837.0,,
12390.0,-2.0,40,105037.0,,
12395.0,-1.75,39,105212.0,,
12400.0,-2.050000000000182,43,105417.0,,
12405.0,-2.0499999999999545,41,105622.0,,
12410.0,-2.009999999999991,41,105823.0,,
12415.0,-0.9900000000000091,38,105922.0,,
12420.0,-1.740000000000009,38,106096.0,,
12425.0,-1.9200000000000728,38,106288.0,,
12430.0,-1.8799999999998818,38,106476.0,,
12435.0,-1.9500000000000455,41,106671.0,,
12440.0,-2.099999999999909,42,106881.0,,
12445.0,-2.1000000000001364,42,107091.0,,
12450.0,-2.099999999999909,42,107301.0,,
12455.0,-2.099999999999909,42,107511.0,,
12460.0,-2.1000000000001364,42,107721.0,,
12465.0,-2.099999999999909,42,107931.0,,
12470.0,-2.1100000000001273,43,108142.0,,
12475.0,-2.3299999999999272,48,108375.0,,
12480.0,-1.400000000000091,42,108515.0,,
12485.0,-1.0499999999999545,44,108620.0,,
12490.0,-2.0299999999999727,42,108823.0,,
12495.0,-2.019999999999982,42,109025.0,,
12500.0,-2.099999999999909,42,109235.0,,
12505.0,-1.5900000000001455,41,109394.0,,
12510.0,-2.089999999999918,42,109603.0,,
12515.0,-1.9100000000000819,40,109794.0,,
12520.0,-1.990000000000009,40,109993.0,,
12525.0,-2.0,40,110193.0,,
12530.0,-0.8299999999999272,38,110276.0,,
12535.0,-1.900000000000091,38,110466.0,,
12540.0,-2.0699999999999363,42,110673.0,,
12545.0,-2.3099999999999454,48,110904.0,,
12550.0,-2.0399999999999636,42,111108.0,,
12555.0,-1.6000000000001364,40,111268.0,,
12560.0,-1.8399999999999181,40,111452.0,,
12565.0,-2.0,40,111652.0,,
12570.0,-2.0,40,111852.0,,
12575.0,-2.009999999999991,41,112053.0,,
12580.0,-2.1100000000001273,43,112264.0,,
12585.0,-1.9399999999998272,40,112458.0,,
12590.0,-1.9400000000000546,40,112652.0,,
12595.0,-2.0,40,112852.0,,
12600.0,-2.0,40,113052.0,,
12605.0,-2.0,40,113252.0,,
12610.0,-0.6400000000001,38,113316.0,,
12615.0,-1.949999999999818,41,113511.0,,
12620.0,-2.0900000000001455,42,113720.0,,
12625.0,-2.0599999999999454,43,113926.0,,
12630.0,-1.8900000000001,40,114115.0,,
12635.0,-1.5799999999999272,38,114273.0,,
12640.0,-1.8299999999999272,38,114456.0,,
12645.0,-1.900000000000091,38,114646.0,,
12650.0,-1.9200000000000728,40,114838.0,,
12655.0,-2.0499999999999545,42,115043.0,,
12660.0,-2.099999999999909,42,115253.0,,
12665.0,-2.1000000000001364,42,115463.0,,
12670.0,-2.099999999999909,42,115673.0,,
12675.0,-2.099999999999909,42,115883.0,,
12680.0,-1.4600000000000364,40,116029.0,,
12685.0,-1.509999999999991,42,116180.0,,
12690.0,-1.9700000000000273,40,116377.0,,
12695.0,-1.900000000000091,40,116567.0,,
12700.0,-1.75,41,116742.0,,
12705.0,-2.1099999999999,43,116953.0,,
12710.0,-1.9400000000000546,40,117147.0,,
12715.0,-1.6299999999998818,38,117310.0,,
12720.0,-1.8600000000001273,38,117496.0,,
12725.0,-2.0499999999999545,42,117701.0,,
12730.0,-2.099999999999909,42,117911.0,,
12735.0,-2.1000000000001364,42,118121.0,,
12740.0,-2.099999999999909,42,118331.0,,
12745.0,-2.1000000000001364,42,118541.0,,
12750.0,-1.4700000000000273,38,118688.0,,
12755.0,-1.5199999999999818,41,118840.0,,
12760.0,-1.8699999999998909,40,119027.0,,
12765.0,-2.0499999999999545,43,119232.0,,
12770.0,-2.150000000000091,43,119447.0,,
12775.0,-2.1499999999998636,43,119662.0,,
12780.0,-2.150000000000091,43,119877.0,,
12785.0,-2.150000000000091,43,120092.0,,
12790.0,-1.5399999999999636,41,120246.0,,
12795.0,-1.8699999999998909,43,120433.0,,
12800.0,-1.9300000000000637,40,120626.0,,
12805.0,-1.9300000000000637,40,120819.0,,
12810.0,-2.0,40,121019.0,,
12815.0,-2.0,40,121219.0,,
12820.0,-2.0,40,121419.0,,
12825.0,-2.0299999999999727,41,121622.0,,
12830.0,-2.099999999999909,45,121832.0,,
12835.0,-2.2999999999999545,47,122062.0,,
12840.0,-2.0300000000002,43,122265.0,,
12845.0,-1.8899999999998727,42,122454.0,,
12850.0,-0.2999999999999545,42,122484.0,,
12855.0,-1.8100000000001728,45,122665.0,,
12860.0,-2.2799999999999727,47,122893.0,,
12865.0,-2.4199999999998454,49,123135.0,,
12870.0,-2.490000000000009,51,123384.0,,
12875.0,-2.009999999999991,47,123585.0,,
12880.0,-1.150000000000091,40,123700.0,,
12885.0,-0.9800000000000182,38,123798.0,,
12890.0,-1.599999999999909,38,123958.0,,
12895.0,-1.8800000000001091,38,124146.0,,
12900.0,-1.8999999999998636,38,124336.0,,
12905.0,-1.9400000000000546,41,124530.0,,
12910.0,-2.1000000000001364,42,124740.0,,
12915.0,-1.9199999999998454,40,124932.0,,
12920.0,-1.9700000000000273,40,125129.0,,
12925.0,-2.0,40,125329.0,,
12930.0,-2.0,40,125529.0,,
12935.0,-2.0,40,125729.0,,
12940.0,-2.150000000000091,44,125944.0,,
12945.0,-2.009999999999991,41,126145.0,,
12950.0,-1.849999999999909,40,126330.0,,
12955.0,-1.990000000000009,40,126529.0,,
12960.0,-2.0,40,126729.0,,
12965.0,-2.0,40,126929.0,,
12970.0,-2.0,40,127129.0,,
12975.0,-2.0499999999999545,43,127334.0,,
12980.0,-2.2799999999999727,46,127562.0,,
12985.0,-2.050000000000182,42,127767.0,,
12990.0,-2.0699999999999363,45,127974.0,,
12995.0,-2.0599999999999454,42,128180.0,,
13000.0,-2.0299999999999727,42,128383.0,,
13005.0,-0.060000000000172804,39,128389.0,,
13010.0,-1.509999999999991,44,128540.0,,
13015.0,-2.0499999999999545,43,128745.0,,
13020.0,-1.9099999999998545,42,128936.0,,
13025.0,-2.0800000000001546,42,129144.0,,
13030.0,-2.099999999999909,42,129354.0,,
13035.0,-2.1000000000001364,42,129564.0,,
13040.0,-1.4699999999998,39,129711.0,,
13045.0,-1.4300000000000637,40,129854.0,,
13050.0,-1.9300000000000637,41,130047.0,,
13055.0,-2.0399999999999636,41,130251.0,,
13060.0,-2.0499999999999545,41,130456.0,,
13065.0,-2.0499999999999545,41,130661.0,,
13070.0,-2.050000000000182,41,130866.0,,
13075.0,-1.7799999999999727,40,131044.0,,
13080.0,-2.0299999999999727,42,131247.0,,
13085.0,-2.0399999999999636,41,131451.0,,
13090.0,-1.990000000000009,41,131650.0,,
13095.0,-2.0499999999999545,41,131855.0,,
13100.0,-2.0499999999999545,41,132060.0,,
13105.0,-2.050000000000182,41,132265.0,,
13110.0,-2.0499999999999545,41,132470.0,,
13115.0,-1.740000000000009,40,132644.0,,
13120.0,-2.089999999999918,44,132853.0,,
13125.0,-2.1100000000001273,42,133064.0,,
13130.0,-2.0499999999999545,42,133269.0,,
13135.0,-0.2999999999999545,39,133299.0,,
13140.0,-1.650000000000091,40,133464.0,,
13145.0,-1.9099999999998545,38,133655.0,,
13150.0,-1.8099999999999454,38,133836.0,,
13155.0,-1.9300000000000637,40,134029.0,,
13160.0,-2.0900000000001455,42,134238.0,,
13165.0,-2.099999999999909,42,134448.0,,
13170.0,-2.099999999999909,42,134658.0,,
13175.0,-2.1000000000001364,42,134868.0,,
13180.0,-2.099999999999909,42,135078.0,,
13185.0,-1.4400000000000546,39,135222.0,,
13190.0,-1.3999999999998636,39,135362.0,,
13195.0,-1.9200000000000728,40,135554.0,,
13200.0,-2.019999999999982,41,135756.0,,
13205.0,-2.0499999999999545,41,135961.0,,
13210.0,-2.050000000000182,41,136166.0,,
13215.0,-2.0499999999999545,41,136371.0,,
13220.0,-2.0499999999999545,41,136576.0,,
13225.0,-2.0499999999999545,41,136781.0,,
13230.0,-2.1200000000001182,43,136993.0,,
13235.0,-2.230000000000018,45,137216.0,,
13240.0,-2.25,45,137441.0,,
13245.0,-2.25,45,137666.0,,
13250.0,-2.25,45,137891.0,,
13255.0,-1.3699999999998909,41,138028.0,,
13260.0,-1.3900000000001,43,138167.0,,
13265.0,-2.1099999999999,46,138378.0,,
13270.0,-2.130000000000109,45,138591.0,,
13275.0,-0.599999999999909,44,138651.0,,
13280.0,-2.0699999999999363,46,138858.0,,
13285.0,-2.0800000000001546,43,139066.0,,
13290.0,-1.7899999999999636,41,139245.0,,
13295.0,-1.9800000000000182,41,139443.0,,
13300.0,-1.3299999999999272,39,139576.0,,
13305.0,-1.599999999999909,41,139736.0,,
13310.0,-1.8900000000001,38,139925.0,,
13315.0,-1.8099999999999454,38,140106.0,,
13320.0,-1.900000000000091,38,140296.0,,
13325.0,-1.8999999999998636,38,140486.0,,
13330.0,-1.900000000000091,38,140676.0,,
13335.0,-1.9800000000000182,41,140874.0,,
13340.0,-2.150000000000091,44,141089.0,,
13345.0,-2.199999999999818,44,141309.0,,
13350.0,-2.2000000000000455,44,141529.0,,
13355.0,-2.2000000000000455,44,141749.0,,
13360.0,-2.2000000000000455,44,141969.0,,
13365.0,-1.5399999999999636,40,142123.0,,
13370.0,-1.5599999999999454,44,142279.0,,
13375.0,-2.009999999999991,40,142480.0,,
13380.0,-1.9200000000000728,40,142672.0,,
13385.0,-0.9700000000000273,39,142769.0,,
13390.0,-2.089999999999918,43,142978.0,,
13395.0,-1.8800000000001091,39,143166.0,,
13400.0,-1.699999999999818,38,143336.0,,
13405.0,-1.900000000000091,38,143526.0,,
13410.0,-2.0499999999999545,42,143731.0,,
13415.0,-2.230000000000018,45,143954.0,,
13420.0,-2.0799999999999272,43,144162.0,,
13425.0,-1.990000000000009,42,144361.0,,
13430.0,-2.0800000000001546,42,144569.0,,
13435.0,-1.4600000000000364,38,144715.0,,
13440.0,-1.449999999999818,40,144860.0,,
13445.0,-1.9200000000000728,40,145052.0,,
13450.0,-2.0499999999999545,42,145257.0,,
13455.0,-2.1000000000001364,42,145467.0,,
13460.0,-2.099999999999909,42,145677.0,,
13465.0,-2.099999999999909,42,145887.0,,
13470.0,-2.1000000000001364,42,146097.0,,
13475.0,-1.4400000000000546,38,146241.0,,
13480.0,-1.4299999999998363,42,146384.0,,
13485.0,-2.019999999999982,40,146586.0,,
13490.0,-1.9500000000000455,40,146781.0,,
13495.0,-1.6900000000000546,39,146950.0,,
13500.0,-1.9800000000000182,41,147148.0,,
13505.0,-1.8799999999998818,38,147336.0,,
13510.0,-1.800000000000182,38,147516.0,,
13515.0,-1.9399999999998272,40,147710.0,,
13520.0,-2.0900000000001455,42,147919.0,,
13525.0,-2.099999999999909,42,148129.0,,
13530.0,-2.1000000000001364,42,148339.0,,
13535.0,-2.099999999999909,42,148549.0,,
13540.0,-2.099999999999909,42,148759.0,,
13545.0,-1.4200000000000728,38,148901.0,,
13550.0,-1.3599999999999,39,149037.0,,
13555.0,-2.0300000000002,41,149240.0,,
13560.0,-2.0499999999999545,41,149445.0,,
13565.0,-1.759999999999991,40,149621.0,,
13570.0,-2.0499999999999545,41,149826.0,,
13575.0,-1.8900000000001,39,150015.0,,
13580.0,-1.8999999999998636,39,150205.0,,
13585.0,-1.9500000000000455,39,150400.0,,
13590.0,-2.0599999999999454,43,150606.0,,
13595.0,-2.150000000000091,43,150821.0,,
13600.0,-2.1499999999998636,43,151036.0,,
13605.0,-2.150000000000091,43,151251.0,,
13610.0,-2.150000000000091,43,151466.0,,
13615.0,-1.1899999999998272,39,151585.0,,
13620.0,-1.2200000000000273,40,151707.0,,
13625.0,-1.9100000000000819,43,151898.0,,
13630.0,-2.1299999999998818,43,152111.0,,
13635.0,-1.9200000000000728,42,152303.0,,
13640.0,-2.1400000000001,43,152517.0,,
13645.0,-1.7699999999999818,44,152694.0,,
13650.0,-2.009999999999991,44,152895.0,,
13655.0,-1.8099999999999454,42,153076.0,,
13660.0,-1.5499999999999545,41,153231.0,,
13665.0,-2.009999999999991,42,153432.0,,
13670.0,-2.1000000000001364,42,153642.0,,
13675.0,-2.099999999999909,42,153852.0,,
13680.0,-2.099999999999909,42,154062.0,,
13685.0,-2.1000000000001364,42,154272.0,,
13690.0,-1.4100000000000819,38,154413.0,,
13695.0,-1.3599999999999,40,154549.0,,
13700.0,-2.0,40,154749.0,,
13705.0,-2.0,40,154949.0,,
13710.0,-1.6700000000000728,38,155116.0,,
13715.0,-1.8999999999998636,38,155306.0,,
13720.0,-1.9200000000000728,38,155498.0,,
13725.0,-1.8799999999998818,38,155686.0,,
13730.0,-1.900000000000091,38,155876.0,,
13735.0,-2.009999999999991,42,156077.0,,
13740.0,-2.099999999999909,42,156287.0,,
13745.0,-2.1000000000001364,42,156497.0,,
13750.0,-2.099999999999909,42,156707.0,,
13755.0,-2.1000000000001364,42,156917.0,,
13760.0,-1.5199999999999818,39,157069.0,,
13765.0,-1.4600000000000364,40,157215.0,,
13770.0,-1.9800000000000182,41,157413.0,,
13775.0,-1.9399999999998272,40,157607.0,,
13780.0,-1.7300000000000182,40,157780.0,,
13785.0,-2.0499999999999545,41,157985.0,,
13790.0,-1.8900000000001,39,158174.0,,
13795.0,-1.75,38,158349.0,,
13800.0,-1.8699999999998909,38,158536.0,,
13805.0,-1.990000000000009,42,158735.0,,
13810.0,-2.1000000000001364,42,158945.0,,
13815.0,-2.099999999999909,42,159155.0,,
13820.0,-2.1000000000001364,42,159365.0,,
13825.0,-2.099999999999909,42,159575.0,,
13830.0,-2.099999999999909,42,159785.0,,
13835.0,-2.2000000000000455,44,160005.0,,
13840.0,-1.4800000000000182,43,160153.0,,
13845.0,-1.4700000000000273,44,160300.0,,
13850.0,-1.8099999999999454,42,160481.0,,
13855.0,-1.5900000000001455,39,160640.0,,
13860.0,-1.9800000000000182,42,160838.0,,
13865.0,-2.259999999999991,46,161064.0,,
13870.0,-2.099999999999909,46,161274.0,,
13875.0,-2.4300000000000637,49,161517.0,,
13880.0,-2.0,46,161717.0,,
13885.0,-1.3099999999999454,38,161848.0,,
13890.0,-1.240000000000009,38,161972.0,,
13895.0,-1.740000000000009,38,162146.0,,
13900.0,-1.8999999999998636,38,162336.0,,
13905.0,-1.900000000000091,38,162526.0,,
13910.0,-1.900000000000091,38,162716.0,,
13915.0,-2.0,40,162916.0,,
13920.0,-2.0499999999999545,41,163121.0,,
13925.0,-1.75,39,163296.0,,
13930.0,-1.9600000000000364,40,163492.0,,
13935.0,-1.8999999999998636,42,163682.0,,
13940.0,-2.1100000000001273,43,163893.0,,
13945.0,-1.8399999999999181,40,164077.0,,
13950.0,-1.7000000000000455,42,164247.0,,
13955.0,-2.0699999999999363,42,164454.0,,
13960.0,-2.1000000000001364,42,164664.0,,
13965.0,-2.099999999999909,42,164874.0,,
13970.0,-2.099999999999909,42,165084.0,,
13975.0,-1.5199999999999818,39,165236.0,,
13980.0,-1.509999999999991,40,165387.0,,
13985.0,-1.8800000000001091,40,165575.0,,
13990.0,-1.9600000000000364,40,165771.0,,
13995.0,-1.75,38,165946.0,,
14000.0,-2.0599999999999454,42,166152.0,,
14005.0,-1.900000000000091,39,166342.0,,
14010.0,-1.75,38,166517.0,,
14015.0,-1.9099999999998545,39,166708.0,,
14020.0,-2.0700000000001637,42,166915.0,,
14025.0,-1.8799999999998818,39,167103.0,,
14030.0,-1.740000000000009,38,167277.0,,
14035.0,-1.9300000000000637,40,167470.0,,
14040.0,-2.099999999999909,43,167680.0,,
14045.0,-1.9100000000000819,40,167871.0,,
14050.0,-1.6700000000000728,38,168038.0,,
14055.0,-1.8999999999998636,40,168228.0,,
14060.0,-2.019999999999982,41,168430.0,,
14065.0,-2.0299999999999727,41,168633.0,,
14070.0,-1.990000000000009,40,168832.0,,
14075.0,-1.9400000000000546,40,169026.0,,
14080.0,-1.5199999999999818,39,169178.0,,
14085.0,-1.9500000000000455,39,169373.0,,
14090.0,-2.1099999999999,43,169584.0,,
14095.0,-2.160000000000082,44,169800.0,,
14100.0,-1.8800000000001091,41,169988.0,,
14105.0,-1.509999999999991,38,170139.0,,
14110.0,-1.7699999999999818,38,170316.0,,
14115.0,-1.8999999999998636,38,170506.0,,
14120.0,-1.900000000000091,38,170696.0,,
14125.0,-1.9099999999998545,39,170887.0,,
14130.0,-2.150000000000091,44,171102.0,,
14135.0,-1.9700000000000273,40,171299.0,,
14140.0,-1.9300000000000637,43,171492.0,,
14145.0,-2.0,40,171692.0,,
14150.0,-1.9399999999998272,40,171886.0,,
14155.0,-2.0,40,172086.0,,
14160.0,-2.0,40,172286.0,,
14165.0,-2.0800000000001546,43,172494.0,,
14170.0,-2.2000000000000455,44,172714.0,,
14175.0,-2.199999999999818,44,172934.0,,
14180.0,-2.2000000000000455,44,173154.0,,
14185.0,-2.2000000000000455,44,173374.0,,
14190.0,-1.6099999999999,41,173535.0,,
14195.0,-1.6100000000001273,42,173696.0,,
14200.0,-1.990000000000009,43,173895.0,,
14205.0,-2.2000000000000455,44,174115.0,,
14210.0,-0.4699999999997999,41,174162.0,,
14215.0,-1.9300000000000637,44,174355.0,,
14220.0,-2.0,41,174555.0,,
14225.0,-1.8199999999999363,40,174737.0,,
14230.0,-1.400000000000091,39,174877.0,,
14235.0,-2.0499999999999545,42,175082.0,,
14240.0,-1.8800000000001091,38,175270.0,,
14245.0,-1.759999999999991,38,175446.0,,
14250.0,-1.8999999999998636,38,175636.0,,
14255.0,-1.900000000000091,38,175826.0,,
14260.0,-1.900000000000091,38,176016.0,,
14265.0,-1.9199999999998454,39,176208.0,,
14270.0,-1.9500000000000455,39,176403.0,,
14275.0,-1.9600000000000364,40,176599.0,,
14280.0,-1.9600000000000364,40,176795.0,,
14285.0,-1.7200000000000273,39,176967.0,,
14290.0,-2.009999999999991,41,177168.0,,
14295.0,-1.9399999999998272,39,177362.0,,
14300.0,-1.7700000000002092,38,177539.0,,
14305.0,-1.8799999999998818,39,177727.0,,
14310.0,-2.0399999999999636,42,177931.0,,
14315.0,-2.1000000000001364,42,178141.0,,
14320.0,-2.099999999999909,42,178351.0,,
14325.0,-2.099999999999909,42,178561.0,,
14330.0,-2.1000000000001364,42,178771.0,,
14335.0,-1.4800000000000182,40,178919.0,,
14340.0,-1.490000000000009,40,179068.0,,
14345.0,-1.8799999999998818,41,179256.0,,
14350.0,-2.0299999999999727,41,179459.0,,
14355.0,-2.050000000000182,41,179664.0,,
14360.0,-2.0499999999999545,41,179869.0,,
14365.0,-2.0499999999999545,41,180074.0,,
14370.0,-2.0499999999999545,41,180279.0,,
14375.0,-1.740000000000009,40,180453.0,,
14380.0,-2.1700000000000728,44,180670.0,,
14385.0,-1.9800000000000182,41,180868.0,,
14390.0,-1.8599999999999,40,181054.0,,
14395.0,-1.009999999999991,41,181155.0,,
14400.0,-2.1800000000000637,44,181373.0,,
14405.0,-1.9300000000000637,41,181566.0,,
14410.0,-1.5399999999999636,38,181720.0,,
14415.0,-1.9199999999998454,41,181912.0,,
14420.0,-2.1700000000000728,44,182129.0,,
14425.0,-1.9300000000000637,40,182322.0,,
14430.0,-1.990000000000009,44,182521.0,,
14435.0,-1.990000000000009,40,182720.0,,
14440.0,-1.8799999999998818,40,182908.0,,
14445.0,-2.0700000000001637,42,183115.0,,
14450.0,-2.25,46,183340.0,,
14455.0,-2.009999999999991,42,183541.0,,
14460.0,-1.75,41,183716.0,,
14465.0,-1.0899999999999181,41,183825.0,,
14470.0,-2.2100000000000364,46,184046.0,,
14475.0,-2.0,41,184246.0,,
14480.0,-1.6599999999998545,39,184412.0,,
14485.0,-1.990000000000009,42,184611.0,,
14490.0,-2.3900000000001,51,184850.0,,
14495.0,-2.089999999999918,49,185059.0,,
14500.0,-2.3300000000001546,51,185292.0,,
14505.0,-2.0299999999999727,47,185495.0,,
14510.0,-1.3899999999998727,39,185634.0,,
14515.0,-1.040000000000191,38,185738.0,,
14520.0,-1.6299999999998818,38,185901.0,,
14525.0,-1.9100000000000819,41,186092.0,,
14530.0,-1.9600000000000364,40,186288.0,,
14535.0,-1.9699999999998,41,186485.0,,
14540.0,-1.8400000000001455,39,186669.0,,
14545.0,-1.7799999999999727,38,186847.0,,
14550.0,-1.8899999999998727,38,187036.0,,
14555.0,-2.0300000000002,41,187239.0,,
14560.0,-2.1099999999999,44,187450.0,,
14565.0,-2.240000000000009,45,187674.0,,
14570.0,-1.9100000000000819,43,187865.0,,
14575.0,-1.4699999999998,38,188012.0,,
14580.0,-1.6400000000001,38,188176.0,,
14585.0,-1.900000000000091,38,188366.0,,
14590.0,-1.8999999999998636,38,188556.0,,
14595.0,-1.9200000000000728,39,188748.0,,
14600.0,-2.0499999999999545,42,188953.0,,
14605.0,-2.1000000000001364,42,189163.0,,
14610.0,-2.099999999999909,42,189373.0,,
14615.0,-1.650000000000091,38,189538.0,,
14620.0,-1.5799999999999272,38,189696.0,,
14625.0,-2.0299999999999727,42,189899.0,,
14630.0,-2.1099999999999,43,190110.0,,
14635.0,-2.009999999999991,42,190311.0,,
14640.0,-1.6700000000000728,40,190478.0,,
14645.0,-1.7000000000000455,40,190648.0,,
14650.0,-2.0799999999999272,42,190856.0,,
14655.0,-1.9600000000000364,40,191052.0,,
14660.0,-1.6900000000000546,38,191221.0,,
14665.0,-1.849999999999909,38,191406.0,,
14670.0,-2.0,42,191606.0,,
14675.0,-2.1000000000001364,42,191816.0,,
14680.0,-2.099999999999909,42,192026.0,,
14685.0,-2.099999999999909,42,192236.0,,
14690.0,-2.1000000000001364,42,192446.0,,
14695.0,-1.5,39,192596.0,,
14700.0,-1.509999999999991,40,192747.0,,
14705.0,-1.8799999999998818,40,192935.0,,
14710.0,-2.019999999999982,41,193137.0,,
14715.0,-1.8200000000001637,41,193319.0,,
14720.0,-2.1499999999998636,43,193534.0,,
14725.0,-1.9400000000000546,41,193728.0,,
14730.0,-1.7300000000000182,39,193901.0,,
14735.0,-1.9500000000000455,39,194096.0,,
14740.0,-2.009999999999991,42,194297.0,,
14745.0,-2.1499999999998636,43,194512.0,,
14750.0,-2.150000000000091,43,194727.0,,
14755.0,-2.150000000000091,43,194942.0,,
14760.0,-2.1499999999998636,43,195157.0,,
14765.0,-2.150000000000091,43,195372.0,,
14770.0,-1.1199999999998909,38,195484.0,,
14775.0,-1.1100000000001273,41,195595.0,,
14780.0,-2.019999999999982,41,195797.0,,
14785.0,-1.990000000000009,41,195996.0,,
14790.0,-1.7799999999999727,41,196174.0,,
14795.0,-2.1700000000000728,45,196391.0,,
14800.0,-2.019999999999982,41,196593.0,,
14805.0,-1.6699999999998454,39,196760.0,,
14810.0,-1.900000000000091,41,196950.0,,
14815.0,-2.130000000000109,43,197163.0,,
14820.0,-2.1499999999998636,43,197378.0,,
14825.0,-2.150000000000091,43,197593.0,,
14830.0,-2.1499999999998636,43,197808.0,,
14835.0,-1.2699999999999818,38,197935.0,,
14840.0,-1.2800000000002,41,198063.0,,
14845.0,-2.1099999999999,43,198274.0,,
14850.0,-2.0,42,198474.0,,
14855.0,-1.8099999999999454,41,198655.0,,
14860.0,-1.7699999999999818,41,198832.0,,
14865.0,-2.1700000000000728,44,199049.0,,
14870.0,-2.019999999999982,42,199251.0,,
14875.0,-1.7000000000000455,39,199421.0,,
14880.0,-1.849999999999909,39,199606.0,,
14885.0,-2.0499999999999545,43,199811.0,,
14890.0,-2.150000000000091,43,200026.0,,
14895.0,-2.150000000000091,43,200241.0,,
14900.0,-2.1499999999998636,43,200456.0,,
14905.0,-2.150000000000091,43,200671.0,,
14910.0,-1.2200000000000273,40,200793.0,,
14915.0,-1.2899999999999636,41,200922.0,,
14920.0,-1.849999999999909,40,201107.0,,
14925.0,-2.0499999999999545,43,201312.0,,
14930.0,-2.150000000000091,43,201527.0,,
14935.0,-2.150000000000091,43,201742.0,,
14940.0,-2.1499999999998636,43,201957.0,,
14945.0,-2.150000000000091,43,202172.0,,
14950.0,-2.1499999999998636,43,202387.0,,
14955.0,-2.1900000000000546,46,202606.0,,
14960.0,-2.3400000000001455,47,202840.0,,
14965.0,-2.349999999999909,47,203075.0,,
14970.0,-2.349999999999909,47,203310.0,,
14975.0,-2.3500000000001364,47,203545.0,,
14980.0,-1.0799999999999272,41,203653.0,,
14985.0,-0.8600000000001273,44,203739.0,,
14990.0,-2.009999999999991,42,203940.0,,
14995.0,-2.1699999999998454,47,204157.0,,
15000.0,-0.7100000000000364,44,204228.0,,
15005.0,-2.1800000000000637,48,204446.0,,
15010.0,-2.1299999999998818,43,204659.0,,
15015.0,-1.9500000000000455,43,204854.0,,
15020.0,-1.2699999999999818,40,204981.0,,
15025.0,-1.2800000000002,43,205109.0,,
15030.0,-1.9299999999998363,41,205302.0,,
15035.0,-1.7899999999999636,40,205481.0,,
15040.0,-2.0399999999999636,42,205685.0,,
15045.0,-2.2800000000002,47,205913.0,,
15050.0,-1.9800000000000182,47,206111.0,,
15055.0,-2.4600000000000364,50,206357.0,,
15060.0,-2.5099999999997635,51,206608.0,,
15065.0,-2.7600000000002183,56,206884.0,,
15070.0,-2.1299999999996544,53,207097.0,,
15075.0,-1.2800000000002,44,207225.0,,
15080.0,-1.4200000000000728,40,207367.0,,
15085.0,-2.1599999999998545,45,207583.0,,
15090.0,-1.6900000000000546,46,207752.0,,
15095.0,-0.9800000000000182,43,207850.0,,
15100.0,-1.3200000000001637,41,207982.0,,
15105.0,-1.9400000000000546,40,208176.0,,
15110.0,-2.0899999999996908,46,208385.0,,
15115.0,-2.050000000000182,47,208590.0,,
15120.0,-1.7100000000000364,39,208761.0,,
15125.0,-1.7300000000000182,39,208934.0,,
15130.0,-2.0899999999996908,44,209143.0,,
15135.0,109.72999999999979,47,198170.0,,
15140.0,221.1300000000001,44,176057.0,,
15145.0,54.09999999999991,36,170647.0,,
15150.0,-0.5899999999999181,23,170706.0,,
15155.0,-0.44000000000005457,19,170750.0,,
15160.0,-1.3199999999999363,32,170882.0,,
15165.0,-1.400000000000091,38,171022.0,,
15170.0,-1.0299999999999727,42,171125.0,,
15175.0,-1.4700000000000273,46,171272.0,,
15180.0,-1.9100000000000819,46,171463.0,,
15185.0,-1.25,42,171588.0,,
15190.0,-0.959999999999809,46,171684.0,,
15195.0,-2.1700000000000728,47,171901.0,,
15200.0,-1.8700000000001182,41,172088.0,,
15205.0,-1.9699999999998,43,172285.0,,
15210.0,-2.4300000000000637,52,172528.0,,
15215.0,-2.3500000000001364,51,172763.0,,
15220.0,-1.9399999999998272,46,172957.0,,
15225.0,-1.759999999999991,44,173133.0,,
15230.0,-2.0299999999999727,44,173336.0,,
15235.0,-1.050000000000182,40,173441.0,,
15240.0,-1.009999999999991,44,173542.0,,
15245.0,-2.0299999999999727,42,173745.0,,
15250.0,-1.7999999999999545,41,173925.0,,
15255.0,-2.1099999999999,44,174136.0,,
15260.0,-2.3300000000001546,48,174369.0,,
15265.0,-2.1499999999998636,44,174584.0,,
15270.0,-1.6900000000000546,41,174753.0,,
15275.0,-1.3500000000001364,39,174888.0,,
15280.0,-1.8299999999999272,46,175071.0,,
15285.0,-2.099999999999909,43,175281.0,,
15290.0,-1.8099999999999454,40,175462.0,,
15295.0,-1.740000000000009,42,175636.0,,
15300.0,-2.230000000000018,46,175859.0,,
15305.0,-2.009999999999991,43,176060.0,,
15310.0,-1.540000000000191,38,176214.0,,
15315.0,-1.6099999999999,40,176375.0,,
15320.0,-1.9400000000000546,40,176569.0,,
15325.0,-2.099999999999909,45,176779.0,,
15330.0,-1.9800000000000182,41,176977.0,,
15335.0,-1.599999999999909,38,177137.0,,
15340.0,-1.9200000000000728,39,177329.0,,
15345.0,-2.1800000000000637,46,177547.0,,
15350.0,-2.3299999999999272,47,177780.0,,
15355.0,-2.5800000000001546,52,178038.0,,
15360.0,-2.1699999999998454,50,178255.0,,
15365.0,-1.4800000000000182,40,178403.0,,
15370.0,-1.4700000000000273,40,178550.0,,
15375.0,-2.160000000000082,45,178766.0,,
15380.0,-2.4700000000000273,52,179013.0,,
15385.0,-2.709999999999809,55,179284.0,,
15390.0,-2.040000000000191,53,179488.0,,
15395.0,-1.259999999999991,43,179614.0,,
15400.0,-0.9699999999997999,39,179711.0,,
15405.0,-1.9300000000000637,40,179904.0,,
15410.0,-2.160000000000082,45,180120.0,,
15415.0,-2.4600000000000364,51,180366.0,,
15420.0,-2.769999999999982,57,180643.0,,
15425.0,-2.189999999999827,54,180862.0,,
15430.0,-1.4800000000000182,52,181010.0,,
15435.0,-1.8800000000001091,43,181198.0,,
15440.0,-2.2899999999999636,48,181427.0,,
15445.0,-1.8600000000001273,49,181613.0,,
15450.0,-1.349999999999909,45,181748.0,,
15455.0,-0.9500000000000455,40,181843.0,,
15460.0,-1.509999999999991,43,181994.0,,
15465.0,-1.1499999999998636,38,182109.0,,
15470.0,-1.9400000000000546,46,182303.0,,
15475.0,-2.130000000000109,46,182516.0,,
15480.0,-1.740000000000009,39,182690.0,,
15485.0,-2.0,42,182890.0,,
15490.0,-2.2799999999999727,48,183118.0,,
15495.0,-2.189999999999827,51,183337.0,,
15500.0,-1.9100000000000819,46,183528.0,,
15505.0,-2.160000000000082,45,183744.0,,
15510.0,-2.4099999999998545,51,183985.0,,
15515.0,-2.240000000000009,53,184209.0,,
15520.0,-2.4700000000000273,58,184456.0,,
15525.0,-2.240000000000009,56,184680.0,,
15530.0,-1.4500000000000455,48,184825.0,,
15535.0,-1.0599999999999454,46,184931.0,,
15540.0,-1.2899999999999636,42,185060.0,,
15545.0,-1.6200000000001182,39,185222.0,,
15550.0,-1.9100000000000819,45,185413.0,,
15555.0,-1.9299999999998363,46,185606.0,,
15560.0,-1.4500000000000455,40,185751.0,,
15565.0,-1.8299999999999272,41,185934.0,,
15570.0,-2.310000000000173,49,186165.0,,
15575.0,-2.4199999999998454,52,186407.0,,
15580.0,-2.6900000000000546,57,186676.0,,
15585.0,-2.2100000000000364,54,186897.0,,
15590.0,-1.5499999999999545,45,187052.0,,
15595.0,-1.0299999999999727,41,187155.0,,
15600.0,-1.3500000000001364,38,187290.0,,
15605.0,-1.6699999999998454,41,187457.0,,
15610.0,-2.259999999999991,47,187683.0,,
15615.0,-2.2899999999999636,50,187912.0,,
15620.0,-2.480000000000018,55,188160.0,,
15625.0,-2.0700000000001637,51,188367.0,,
15630.0,-1.4399999999998272,44,188511.0,,
15635.0,-2.040000000000191,41,188715.0,,
15640.0,-2.25,49,188940.0,,
15645.0,-2.0499999999999545,51,189145.0,,
15650.0,-1.5799999999999272,48,189303.0,,
15655.0,-1.25,44,189428.0,,
15660.0,-2.1400000000001,44,189642.0,,
15665.0,-2.3199999999999363,49,189874.0,,
15670.0,-1.9200000000000728,50,190066.0,,
15675.0,-2.1299999999998818,57,190279.0,,
15680.0,-2.269999999999982,56,190506.0,,
15685.0,-1.6900000000000546,49,190675.0,,
15690.0,-2.089999999999918,44,190884.0,,
15695.0,-2.230000000000018,47,191107.0,,
15700.0,-1.8700000000001182,47,191294.0,,
15705.0,-1.3099999999999454,44,191425.0,,
15710.0,-1.990000000000009,44,191624.0,,
15715.0,-2.3900000000001,51,191863.0,,
15720.0,-2.0599999999999454,52,192069.0,,
15725.0,-1.4700000000000273,48,192216.0,,
15730.0,-1.9099999999998545,46,192407.0,,
15735.0,-2.4300000000000637,49,192650.0,,
15740.0,-1.7100000000000364,51,192821.0,,
15745.0,-1.8899999999998727,58,193010.0,,
15750.0,-2.230000000000018,58,193233.0,,
15755.0,-1.6900000000000546,56,193402.0,,
15760.0,-2.6800000000000637,52,193670.0,,
15765.0,-2.5799999999999272,51,193928.0,,
15770.0,-1.9500000000000455,50,194123.0,,
15775.0,-1.0,48,194223.0,,
15780.0,-2.1099999999999,47,194434.0,,
15785.0,-2.5,53,194684.0,,
15790.0,-1.9100000000000819,52,194875.0,,
15795.0,-2.160000000000082,57,195091.0,,
15800.0,-2.1599999999998545,60,195307.0,,
15805.0,-1.4700000000000273,59,195454.0,,
15810.0,-1.009999999999991,53,195555.0,,
15815.0,-1.0800000000001546,45,195663.0,,
15820.0,-2.119999999999891,45,195875.0,,
15825.0,-2.4200000000000728,50,196117.0,,
15830.0,-1.9099999999998545,51,196308.0,,
15835.0,-1.3400000000001455,46,196442.0,,
15840.0,-1.4099999999998545,45,196583.0,,
15845.0,-1.3100000000001728,43,196714.0,,
15850.0,-1.2199999999998,39,196836.0,,
15855.0,-1.259999999999991,46,196962.0,,
15860.0,-1.9800000000000182,46,197160.0,,
15865.0,-1.7300000000000182,43,197333.0,,
15870.0,-1.8700000000001182,43,197520.0,,
15875.0,-2.259999999999991,48,197746.0,,
15880.0,-2.1099999999999,47,197957.0,,
15885.0,-1.8200000000001637,45,198139.0,,
15890.0,-1.6499999999998636,42,198304.0,,
15895.0,-2.160000000000082,45,198520.0,,
15900.0,-2.4199999999998454,52,198762.0,,
15905.0,-2.3200000000001637,51,198994.0,,
15910.0,-1.9099999999998545,46,199185.0,,
15915.0,-1.7000000000000455,43,199355.0,,
15920.0,-1.150000000000091,38,199470.0,,
15925.0,-1.2100000000000364,44,199591.0,,
15930.0,-2.1299999999998818,48,199804.0,,
15935.0,-1.900000000000091,43,199994.0,,
15940.0,-1.8099999999999454,41,200175.0,,
15945.0,-2.259999999999991,48,200401.0,,
15950.0,-2.1800000000000637,49,200619.0,,
15955.0,-1.7699999999999818,42,200796.0,,
15960.0,-1.509999999999991,40,200947.0,,
15965.0,-2.099999999999909,45,201157.0,,
15970.0,-2.4400000000000546,51,201401.0,,
15975.0,-2.3199999999999363,51,201633.0,,
15980.0,-1.9100000000000819,45,201824.0,,
15985.0,-1.759999999999991,43,202000.0,,
15990.0,-1.2300000000000182,40,202123.0,,
15995.0,-1.3699999999998909,45,202260.0,,
16000.0,-2.150000000000091,47,202475.0,,
16005.0,-1.8099999999999454,43,202656.0,,
16010.0,-1.8700000000001182,43,202843.0,,
16015.0,-2.3099999999999454,49,203074.0,,
16020.0,-2.1700000000000728,48,203291.0,,
16025.0,-1.75,41,203466.0,,
16030.0,-1.490000000000009,40,203615.0,,
16035.0,-1.949999999999818,46,203810.0,,
16040.0,-2.060000000000173,48,204016.0,,
16045.0,-1.6699999999998454,40,204183.0,,
16050.0,-2.019999999999982,42,204385.0,,
16055.0,-2.25,47,204610.0,,
16060.0,-2.050000000000182,47,204815.0,,
16065.0,-1.599999999999909,42,204975.0,,
16070.0,-1.8899999999998727,40,205164.0,,
16075.0,-2.269999999999982,50,205391.0,,
16080.0,-2.100000000000364,49,205601.0,,
16085.0,-1.699999999999818,45,205771.0,,
16090.0,-1.5199999999999818,43,205923.0,,
16095.0,-1.900000000000091,42,206113.0,,
16100.0,-1.4200000000000728,39,206255.0,,
16105.0,-1.6299999999996544,45,206418.0,,
16110.0,-2.0599999999999454,44,206624.0,,
16115.0,-1.7800000000002,40,206802.0,,
16120.0,-1.9200000000000728,41,206994.0,,
16125.0,-2.1599999999998545,46,207210.0,,
16130.0,-2.0700000000001637,44,207417.0,,
16135.0,-1.7699999999999818,41,207594.0,,
16140.0,-1.9699999999998,42,207791.0,,
16145.0,-2.3400000000001455,51,208025.0,,
16150.0,-2.130000000000109,50,208238.0,,
16155.0,-2.480000000000018,54,208486.0,,
16160.0,-2.1399999999998727,50,208700.0,,
16165.0,-1.2399999999997817,42,208824.0,,
16170.0,-2.0400000000004184,42,209028.0,,
16175.0,-2.1899999999996,46,209247.0,,
16180.0,-2.480000000000018,51,209495.0,,
16185.0,-2.7200000000002547,56,209767.0,,
16190.0,-2.0599999999999454,54,209973.0,,
16195.0,-1.2699999999999818,47,210100.0,,
16200.0,-2.2399999999997817,46,210324.0,,
16205.0,-2.3100000000004,48,210555.0,,
16210.0,-1.75,48,210730.0,,
16215.0,-0.7100000000000364,46,210801.0,,
16220.0,-1.9899999999997817,45,211000.0,,
16225.0,-2.3600000000001273,49,211236.0,,
16230.0,-1.9099999999998545,51,211427.0,,
16235.0,-1.4200000000000728,47,211569.0,,
16240.0,-2.049999999999727,45,211774.0,,
16245.0,-2.3900000000003274,50,212013.0,,
16250.0,-1.9899999999997817,53,212212.0,,
16255.0,-2.1700000000000728,59,212429.0,,
16260.0,-2.4200000000000728,62,212671.0,,
16265.0,-1.5199999999999818,57,212823.0,,
16270.0,-2.650000000000091,51,213088.0,,
16275.0,-2.5099999999997635,50,213339.0,,
16280.0,-1.7699999999999818,48,213516.0,,
16285.0,-1.1600000000003092,47,213632.0,,
16290.0,-2.299999999999727,47,213862.0,,
16295.0,-2.630000000000109,55,214125.0,,
16300.0,-2.0700000000001637,53,214332.0,,
16305.0,-1.3899999999998727,50,214471.0,,
16310.0,-0.9600000000000364,47,214567.0,,
16315.0,-1.069999999999709,39,214674.0,,
16320.0,-1.1600000000003092,46,214790.0,,
16325.0,-1.7599999999997635,46,214966.0,,
16330.0,-1.3400000000001455,45,215100.0,,
16335.0,-1.25,42,215225.0,,
16340.0,-1.699999999999818,41,215395.0,,
16345.0,-1.900000000000091,40,215585.0,,
16350.0,-2.180000000000291,46,215803.0,,
16355.0,-1.8699999999998909,50,215990.0,,
16360.0,-2.6599999999998545,56,216256.0,,
16365.0,-2.450000000000273,56,216501.0,,
16370.0,-1.9099999999998545,51,216692.0,,
16375.0,-1.7699999999999818,45,216869.0,,
16380.0,-2.3400000000001455,48,217103.0,,
16385.0,-1.8699999999998909,46,217290.0,,
16390.0,-1.3299999999999272,41,217423.0,,
16395.0,-1.0599999999999454,40,217529.0,,
16400.0,-1.6599999999998545,42,217695.0,,
16405.0,-1.7400000000002365,42,217869.0,,
16410.0,-1.650000000000091,38,218034.0,,
16415.0,-1.8099999999999454,43,218215.0,,
16420.0,-2.2899999999999636,48,218444.0,,
16425.0,-2.1100000000001273,47,218655.0,,
16430.0,-1.5299999999997453,45,218808.0,,
16435.0,-2.2200000000002547,48,219030.0,,
16440.0,-2.4399999999996,49,219274.0,,
16445.0,-2.300000000000182,51,219504.0,,
16450.0,-2.4400000000000546,54,219748.0,,
16455.0,-2.199999999999818,53,219968.0,,
16460.0,-1.6000000000003638,48,220128.0,,
16465.0,-1.1099999999996726,43,220239.0,,
16470.0,-1.4800000000000182,43,220387.0,,
16475.0,-1.7400000000002365,42,220561.0,,
16480.0,-1.6900000000000546,42,220730.0,,
16485.0,-1.7999999999997272,42,220910.0,,
16490.0,-1.5900000000001455,39,221069.0,,
16495.0,-1.650000000000091,42,221234.0,,
16500.0,-2.2399999999997817,46,221458.0,,
16505.0,-2.0399999999999636,46,221662.0,,
16510.0,-1.7100000000000364,42,221833.0,,
16515.0,-1.8699999999998909,42,222020.0,,
16520.0,-2.180000000000291,45,222238.0,,
16525.0,-1.9400000000000546,47,222432.0,,
16530.0,-2.4400000000000546,50,222676.0,,
16535.0,-1.9899999999997817,47,222875.0,,
16540.0,-1.3800000000001091,40,223013.0,,
16545.0,-1.4800000000000182,42,223161.0,,
16550.0,-1.7899999999999636,42,223340.0,,
16555.0,-1.75,39,223515.0,,
16560.0,-1.7899999999999636,42,223694.0,,
16565.0,-1.9200000000000728,40,223886.0,,
16570.0,-1.8099999999999454,38,224067.0,,
16575.0,-1.9600000000000364,41,224263.0,,
16580.0,-2.230000000000018,46,224486.0,,
16585.0,-2.0599999999999454,43,224692.0,,
16590.0,-1.8099999999999454,40,224873.0,,
16595.0,-1.5300000000002,40,225026.0,,
16600.0,-2.0899999999996908,44,225235.0,,
16605.0,-2.3299999999999272,48,225468.0,,
16610.0,-2.480000000000018,50,225716.0,,
16615.0,-2.0100000000002183,47,225917.0,,
16620.0,-1.449999999999818,40,226062.0,,
16625.0,-1.2699999999999818,39,226189.0,,
16630.0,-1.680000000000291,39,226357.0,,
16635.0,-1.949999999999818,39,226552.0,,
16640.0,-1.6900000000000546,39,226721.0,,
16645.0,-2.0299999999997453,41,226924.0,,
16650.0,-1.9800000000000182,41,227122.0,,
16655.0,-1.9100000000003092,41,227313.0,,
16660.0,-1.849999999999909,41,227498.0,,
16665.0,-2.130000000000109,43,227711.0,,
16670.0,-2.0099999999997635,45,227912.0,,
16675.0,-2.2899999999999636,46,228141.0,,
16680.0,-1.900000000000091,44,228331.0,,
16685.0,-1.5,41,228481.0,,
16690.0,-1.7300000000000182,42,228654.0,,
16695.0,-2.0399999999999636,42,228858.0,,
16700.0,-2.099999999999909,42,229068.0,,
16705.0,-1.6000000000003638,38,229228.0,,
16710.0,-1.5299999999997453,39,229381.0,,
16715.0,-2.0799999999999272,42,229589.0,,
16720.0,-2.1700000000000728,45,229806.0,,
16725.0,-2.0300000000002,42,230009.0,,
16730.0,-1.6299999999996544,40,230172.0,,
16735.0,-1.6400000000003274,39,230336.0,,
16740.0,-2.1599999999998545,46,230552.0,,
16745.0,-2.3299999999999272,47,230785.0,,
16750.0,-2.4100000000003092,50,231026.0,,
16755.0,-2.019999999999982,45,231228.0,,
16760.0,-1.5,42,231378.0,,
16765.0,-1.949999999999818,44,231573.0,,
16770.0,-2.3299999999999272,49,231806.0,,
16775.0,-2.1799999999998363,51,232024.0,,
16780.0,-2.5200000000004366,56,232276.0,,
16785.0,-1.9799999999995634,50,232474.0,,
16790.0,-1.3100000000004002,45,232605.0,,
16795.0,-1.9800000000000182,45,232803.0,,
16800.0,-2.3899999999998727,50,233042.0,,
16805.0,-2.3400000000001455,51,233276.0,,
16810.0,-2.5299999999997453,58,233529.0,,
16815.0,-2.199999999999818,55,233749.0,,
16820.0,-1.2900000000004184,49,233878.0,,
16825.0,-1.9399999999995998,45,234072.0,,
16830.0,-2.3600000000001273,50,234308.0,,
16835.0,-2.5300000000002,53,234561.0,,
16840.0,-2.7599999999997635,60,234837.0,,
16845.0,-2.0799999999999272,59,235045.0,,
16850.0,-1.1900000000000546,54,235164.0,,
16855.0,-2.519999999999982,50,235416.0,,
16860.0,-2.4900000000002365,51,235665.0,,
16865.0,-2.5,52,235915.0,,
16870.0,-2.8600000000001273,60,236201.0,,
16875.0,-1.9899999999997817,61,236400.0,,
16880.0,-1.1300000000001091,59,236513.0,,
16885.0,-2.199999999999818,53,236733.0,,
16890.0,-2.630000000000109,52,236996.0,,
16895.0,-1.3899999999998727,47,237135.0,,
16900.0,0.07999999999992724,44,237127.0,,
16905.0,-0.5799999999999272,45,237185.0,,
16910.0,-2.300000000000182,49,237415.0,,
16915.0,-2.4699999999998,52,237662.0,,
16920.0,-2.25,53,237887.0,,
16925.0,-2.4900000000002365,60,238136.0,,
16930.0,-2.0799999999999272,61,238344.0,,
16935.0,-0.6799999999998363,60,238412.0,,
16940.0,-2.8400000000001455,58,238696.0,,
16945.0,-2.7899999999999636,54,238975.0,,
16950.0,-1.6399999999998727,49,239139.0,,
16955.0,-0.8000000000001819,45,239219.0,,
16960.0,-0.2699999999999818,44,239246.0,,
16965.0,-1.2799999999997453,42,239374.0,,
16970.0,-1.3800000000001091,39,239512.0,,
16975.0,-1.5399999999999636,46,239666.0,,
16980.0,-1.8400000000001455,46,239850.0,,
16985.0,-1.1700000000000728,43,239967.0,,
16990.0,-1.2599999999997635,41,240093.0,,
16995.0,-1.580000000000382,40,240251.0,,
17000.0,-1.9599999999995816,40,240447.0,,
17005.0,-2.150000000000091,45,240662.0,,
17010.0,-2.150000000000091,49,240877.0,,
17015.0,-2.6799999999998363,58,241145.0,,
17020.0,-2.5300000000002,58,241398.0,,
17025.0,-1.8600000000001273,54,241584.0,,
17030.0,-1.7399999999997817,48,241758.0,,
17035.0,-1.7400000000002365,42,241932.0,,
17040.0,-1.199999999999818,38,242052.0,,
17045.0,-1.9099999999998545,43,242243.0,,
17050.0,-2.3200000000001637,49,242475.0,,
17055.0,-2.349999999999909,52,242710.0,,
17060.0,-2.5599999999999454,57,242966.0,,
17065.0,-2.300000000000182,55,243196.0,,
17070.0,-1.550000000000182,48,243351.0,,
17075.0,-2.0599999999999454,45,243557.0,,
17080.0,-2.3099999999999454,50,243788.0,,
17085.0,-1.9200000000000728,51,243980.0,,
17090.0,-1.0199999999999818,46,244082.0,,
17095.0,-1.25,44,244207.0,,
17100.0,-1.3699999999998909,42,244344.0,,
17105.0,-1.6799999999998363,42,244512.0,,
17110.0,-1.3600000000001273,39,244648.0,,
17115.0,-1.5300000000002,45,244801.0,,
17120.0,-2.0299999999997453,43,245004.0,,
17125.0,-1.7300000000000182,38,245177.0,,
17130.0,-1.9600000000000364,41,245373.0,,
17135.0,-2.230000000000018,47,245596.0,,
17140.0,-2.0799999999999272,46,245804.0,,
17145.0,-1.6900000000000546,40,245973.0,,
17150.0,-2.0,43,246173.0,,
17155.0,-2.380000000000109,50,246411.0,,
17160.0,-2.480000000000018,54,246659.0,,
17165.0,-2.6900000000000546,57,246928.0,,
17170.0,-2.269999999999982,55,247155.0,,
17175.0,-1.4600000000000364,46,247301.0,,
17180.0,-1.9699999999998,44,247498.0,,
17185.0,-2.2199999999998,46,247720.0,,
17190.0,-2.5300000000002,53,247973.0,,
17195.0,-2.849999999999909,60,248258.0,,
17200.0,-2.2400000000002365,59,248482.0,,
17205.0,-1.2699999999999818,50,248609.0,,
17210.0,-2.099999999999909,47,248819.0,,
17215.0,-2.299999999999727,45,249049.0,,
17220.0,-1.5700000000001637,46,249206.0,,
17225.0,-0.6700000000000728,48,249273.0,,
17230.0,-2.269999999999982,46,249500.0,,
17235.0,-2.4899999999997817,52,249749.0,,
17240.0,-1.8700000000003456,50,249936.0,,
17245.0,-1.0599999999999454,47,250042.0,,
17250.0,-1.099999999999909,44,250152.0,,
17255.0,-1.5100000000002183,43,250303.0,,
17260.0,-1.6899999999995998,44,250472.0,,
17265.0,-1.3400000000001455,40,250606.0,,
17270.0,-1.1399999999998727,43,250720.0,,
17275.0,-1.930000000000291,44,250913.0,,
17280.0,-1.7300000000000182,40,251086.0,,
17285.0,-2.0,41,251286.0,,
17290.0,-2.2599999999997635,48,251512.0,,
17295.0,-2.5700000000001637,55,251769.0,,
17300.0,-2.900000000000091,60,252059.0,,
17305.0,-2.5,59,252309.0,,
17310.0,-1.5499999999997272,50,252464.0,,
17315.0,-1.7699999999999818,44,252641.0,,
17320.0,-2.269999999999982,47,252868.0,,
17325.0,-1.8099999999999454,45,253049.0,,
17330.0,-1.1300000000001091,41,253162.0,,
17335.0,-0.9900000000002365,42,253261.0,,
17340.0,-1.5499999999997272,42,253416.0,,
17345.0,-1.9500000000002728,43,253611.0,,
17350.0,-2.2899999999999636,48,253840.0,,
17355.0,-2.049999999999727,51,254045.0,,
17360.0,-2.230000000000018,55,254268.0,,
17365.0,-2.269999999999982,54,254495.0,,
17370.0,-1.800000000000182,50,254675.0,,
17375.0,-2.119999999999891,48,254887.0,,
17380.0,-2.380000000000109,49,255125.0,,
17385.0,-2.0700000000001637,49,255332.0,,
17390.0,-1.3399999999996908,46,255466.0,,
17395.0,-2.3299999999999272,47,255699.0,,
17400.0,-2.480000000000018,51,255947.0,,
17405.0,-2.019999999999982,54,256149.0,,
17410.0,-2.050000000000182,58,256354.0,,
17415.0,-2.300000000000182,59,256584.0,,
17420.0,-1.5099999999997635,53,256735.0,,
17425.0,-2.349999999999909,51,256970.0,,
17430.0,-2.5300000000002,52,257223.0,,
17435.0,-1.8299999999999272,49,257406.0,,
17440.0,-0.8600000000001273,50,257492.0,,
17445.0,-2.319999999999709,48,257724.0,,
17450.0,-2.5200000000004366,52,257976.0,,
17455.0,-1.9599999999995816,51,258172.0,,
17460.0,-1.3500000000003638,49,258307.0,,
17465.0,-1.0399999999999636,45,258411.0,,
17470.0,-0.9800000000000182,40,258509.0,,
17475.0,-0.9499999999998181,45,258604.0,,
17480.0,-2.0300000000002,51,258807.0,,
17485.0,-1.6900000000000546,47,258976.0,,
17490.0,-2.3599999999996726,48,259212.0,,
17495.0,-2.450000000000273,52,259457.0,,
17500.0,-2.149999999999636,52,259672.0,,
17505.0,-1.7300000000000182,50,259845.0,,
17510.0,-2.480000000000018,51,260093.0,,
17515.0,-2.7400000000002365,56,260367.0,,
17520.0,-2.0799999999999272,57,260575.0,,
17525.0,-1.900000000000091,60,260765.0,,
17530.0,-2.519999999999982,64,261017.0,,
17535.0,-1.849999999999909,59,261202.0,,
17540.0,-1.2100000000000364,53,261323.0,,
17545.0,-1.1100000000001273,46,261434.0,,
17550.0,-1.4899999999997817,39,261583.0,,
17555.0,-1.9900000000002365,44,261782.0,,
17560.0,-1.7999999999997272,45,261962.0,,
17565.0,-1.2200000000002547,41,262084.0,,
17570.0,-0.8699999999998909,38,262171.0,,
17575.0,-1.7300000000000182,38,262344.0,,
17580.0,-2.0900000000001455,44,262553.0,,
17585.0,-2.3899999999998727,50,262792.0,,
17590.0,-2.730000000000018,58,263065.0,,
17595.0,-2.3399999999996908,58,263299.0,,
17600.0,-1.6300000000001091,54,263462.0,,
17605.0,-1.550000000000182,48,263617.0,,
17610.0,-1.6599999999998545,41,263783.0,,
17615.0,-1.1700000000000728,38,263900.0,,
17620.0,-1.349999999999909,41,264035.0,,
17625.0,-1.6399999999998727,42,264199.0,,
17630.0,-1.8900000000003274,42,264388.0,,
17635.0,-1.699999999999818,39,264558.0,,
17640.0,-1.7899999999999636,43,264737.0,,
17645.0,-1.9200000000000728,39,264929.0,,
17650.0,-1.7400000000002365,38,265103.0,,
17655.0,-2.0299999999997453,44,265306.0,,
17660.0,-2.3899999999998727,49,265545.0,,
17665.0,-2.200000000000273,47,265765.0,,
17670.0,-2.2799999999997453,49,265993.0,,
17675.0,-1.9400000000000546,45,266187.0,,
17680.0,-1.1900000000000546,38,266306.0,,
17685.0,-1.349999999999909,38,266441.0,,
17690.0,-1.9400000000000546,40,266635.0,,
17695.0,-2.2899999999999636,49,266864.0,,
17700.0,-2.3600000000001273,49,267100.0,,
17705.0,-2.4099999999998545,52,267341.0,,
17710.0,-2.0599999999999454,47,267547.0,,
17715.0,-1.400000000000091,40,267687.0,,
17720.0,-1.9800000000000182,42,267885.0,,
17725.0,-2.25,48,268110.0,,
17730.0,-2.019999999999982,49,268312.0,,
17735.0,-1.5399999999999636,47,268466.0,,
17740.0,-1.4100000000003092,42,268607.0,,
17745.0,-1.8699999999998909,42,268794.0,,
17750.0,-1.9200000000000728,42,268986.0,,
17755.0,-1.5099999999997635,39,269137.0,,
17760.0,-1.5599999999999454,42,269293.0,,
17765.0,-1.9200000000000728,38,269485.0,,
17770.0,-1.849999999999909,40,269670.0,,
17775.0,-2.0399999999999636,42,269874.0,,
17780.0,-2.1200000000003456,44,270086.0,,
17785.0,-1.8799999999996544,44,270274.0,,
17790.0,-2.2900000000004184,47,270503.0,,
17795.0,-1.8999999999996362,42,270693.0,,
17800.0,-1.5199999999999818,44,270845.0,,
17805.0,-1.9700000000002547,43,271042.0,,
17810.0,-2.3400000000001455,50,271276.0,,
17815.0,-2.2199999999998,47,271498.0,,
17820.0,-1.800000000000182,42,271678.0,,
17825.0,-1.7899999999999636,42,271857.0,,
17830.0,-1.419999999999618,39,271999.0,,
17835.0,-1.5700000000001637,45,272156.0,,
17840.0,-2.0300000000002,42,272359.0,,
17845.0,-1.6499999999996362,38,272524.0,,
17850.0,-1.8700000000003456,40,272711.0,,
17855.0,-2.150000000000091,46,272926.0,,
17860.0,-1.9799999999995634,41,273124.0,,
17865.0,-1.6100000000001273,38,273285.0,,
17870.0,-1.9200000000000728,39,273477.0,,
17875.0,-2.3200000000001637,49,273709.0,,
17880.0,-2.3899999999998727,50,273948.0,,
17885.0,-2.4699999999998,52,274195.0,,
17890.0,-2.0,46,274395.0,,
17895.0,-1.4700000000002547,41,274542.0,,
17900.0,-1.0099999999997635,38,274643.0,,
17905.0,-1.550000000000182,38,274798.0,,
17910.0,-1.949999999999818,42,274993.0,,
17915.0,-2.269999999999982,48,275220.0,,
17920.0,-2.1900000000000546,48,275439.0,,
17925.0,-2.2800000000002,50,275667.0,,
17930.0,-2.069999999999709,45,275874.0,,
17935.0,-1.4600000000000364,38,276020.0,,
17940.0,-1.7800000000002,40,276198.0,,
17945.0,-2.199999999999818,48,276418.0,,
17950.0,-2.4600000000000364,51,276664.0,,
17955.0,-2.6200000000003456,55,276926.0,,
17960.0,-2.0399999999999636,52,277130.0,,
17965.0,-1.1399999999998727,43,277244.0,,
17970.0,-1.099999999999909,38,277354.0,,
17975.0,-1.1799999999998363,38,277472.0,,
17980.0,-1.7300000000000182,41,277645.0,,
17985.0,-1.9700000000002547,40,277842.0,,
17990.0,-2.099999999999909,45,278052.0,,
17995.0,-2.019999999999982,42,278254.0,,
18000.0,-1.6399999999998727,38,278418.0,,
18005.0,-1.9600000000000364,41,278614.0,,
18010.0,-2.200000000000273,46,278834.0,,
18015.0,-2.399999999999636,49,279074.0,,
18020.0,-2.630000000000109,53,279337.0,,
18025.0,-2.1700000000000728,51,279554.0,,
18030.0,-1.4600000000000364,41,279700.0,,
18035.0,-1.5,41,279850.0,,
18040.0,-2.1900000000000546,47,280069.0,,
18045.0,-2.5,53,280319.0,,
18050.0,-2.769999999999982,56,280596.0,,
18055.0,166.69000000000005,55,263927.0,,
18060.0,336.0799999999999,46,230319.0,,
18065.0,83.05999999999995,37,222013.0,,
18070.0,0.07999999999992724,26,222005.0,,
18075.0,0.75,20,221930.0,,
18080.0,-0.01999999999998181,22,221932.0,,
18085.0,-0.02999999999974534,28,221935.0,,
18090.0,-1.1700000000000728,41,222052.0,,
18095.0,-1.9900000000002365,45,222251.0,,
18100.0,-2.3599999999996726,49,222487.0,,
18105.0,-1.8600000000001273,48,222673.0,,
18110.0,-2.0099999999997635,52,222874.0,,
18115.0,-2.0300000000002,47,223077.0,,
18120.0,-1.5300000000002,40,223230.0,,
18125.0,-1.1799999999998363,42,223348.0,,
18130.0,-1.8099999999999454,42,223529.0,,
18135.0,-1.7400000000002365,40,223703.0,,
18140.0,-1.9299999999998363,44,223896.0,,
18145.0,-2.0099999999997635,40,224097.0,,
18150.0,-1.650000000000091,38,224262.0,,
18155.0,-1.9500000000002728,41,224457.0,,
18160.0,-2.25,48,224682.0,,
18165.0,-2.3899999999998727,48,224921.0,,
18170.0,-2.400000000000091,51,225161.0,,
18175.0,-2.0099999999997635,47,225362.0,,
18180.0,-1.4500000000002728,41,225507.0,,
18185.0,-1.0799999999999272,38,225615.0,,
18190.0,-1.9400000000000546,40,225809.0,,
18195.0,-2.1799999999998363,46,226027.0,,
18200.0,-1.9900000000002365,45,226226.0,,
18205.0,-1.569999999999709,38,226383.0,,
18210.0,-1.8400000000001455,39,226567.0,,
18215.0,-2.1700000000000728,46,226784.0,,
18220.0,-2.4699999999998,51,227031.0,,
18225.0,-2.6399999999998727,53,227295.0,,
18230.0,-2.7600000000002183,58,227571.0,,
18235.0,-2.2799999999997453,54,227799.0,,
18240.0,-1.4600000000000364,47,227945.0,,
18245.0,-1.3600000000001273,40,228081.0,,
18250.0,-2.0900000000001455,44,228290.0,,
18255.0,-1.7199999999998,44,228462.0,,
18260.0,-1.0900000000001455,40,228571.0,,
18265.0,-0.9499999999998181,38,228666.0,,
18270.0,-1.930000000000291,40,228859.0,,
18275.0,-2.1700000000000728,46,229076.0,,
18280.0,-1.9399999999995998,45,229270.0,,
18285.0,-1.650000000000091,41,229435.0,,
18290.0,-1.599999999999909,38,229595.0,,
18295.0,-1.9200000000000728,39,229787.0,,
18300.0,-2.099999999999909,45,229997.0,,
18305.0,-2.4200000000000728,52,230239.0,,
18310.0,-2.650000000000091,54,230504.0,,
18315.0,-2.2800000000002,51,230732.0,,
18320.0,-1.5199999999999818,43,230884.0,,
18325.0,-2.1099999999996726,41,231095.0,,
18330.0,-2.180000000000291,46,231313.0,,
18335.0,-2.519999999999982,52,231565.0,,
18340.0,-2.849999999999909,60,231850.0,,
18345.0,-2.2600000000002183,57,232076.0,,
18350.0,-1.3699999999998909,51,232213.0,,
18355.0,-0.9299999999998363,43,232306.0,,
18360.0,-0.9099999999998545,38,232397.0,,
18365.0,-1.5900000000001455,39,232556.0,,
18370.0,-2.1100000000001273,45,232767.0,,
18375.0,-2.400000000000091,51,233007.0,,
18380.0,-2.8099999999999454,58,233288.0,,
18385.0,-2.3299999999999272,57,233521.0,,
18390.0,-1.3699999999998909,47,233658.0,,
18395.0,-1.4200000000000728,43,233800.0,,
18400.0,-2.150000000000091,45,234015.0,,
18405.0,-1.6900000000000546,46,234184.0,,
18410.0,-1.2799999999997453,43,234312.0,,
18415.0,-1.1400000000003274,43,234426.0,,
18420.0,-1.5799999999999272,42,234584.0,,
18425.0,-1.7999999999997272,42,234764.0,,
18430.0,-2.0399999999999636,42,234968.0,,
18435.0,-1.580000000000382,39,235126.0,,
18440.0,-1.6299999999996544,43,235289.0,,
18445.0,-2.2600000000002183,46,235515.0,,
18450.0,-2.119999999999891,45,235727.0,,
18455.0,-1.6900000000000546,41,235896.0,,
18460.0,-1.8200000000001637,41,236078.0,,
18465.0,-2.2599999999997635,47,236304.0,,
18470.0,-2.3200000000001637,51,236536.0,,
18475.0,-2.5799999999999272,53,236794.0,,
18480.0,-2.0700000000001637,49,237001.0,,
18485.0,-1.4799999999995634,46,237149.0,,
18490.0,-1.1900000000000546,42,237268.0,,
18495.0,-1.550000000000182,42,237423.0,,
18500.0,-1.6900000000000546,39,237592.0,,
18505.0,-1.8099999999999454,44,237773.0,,
18510.0,-2.300000000000182,48,238003.0,,
18515.0,-2.449999999999818,49,238248.0,,
18520.0,-2.619999999999891,54,238510.0,,
18525.0,-2.119999999999891,50,238722.0,,
18530.0,-1.4500000000002728,43,238867.0,,
18535.0,-1.0099999999997635,40,238968.0,,
18540.0,-1.6000000000003638,40,239128.0,,
18545.0,-1.8899999999998727,40,239317.0,,
18550.0,-2.0099999999997635,41,239518.0,,
18555.0,-2.100000000000364,43,239728.0,,
18560.0,-2.199999999999818,45,239948.0,,
18565.0,-2.0300000000002,42,240151.0,,
18570.0,-1.6799999999998363,40,240319.0,,
18575.0,-0.8899999999998727,40,240408.0,,
18580.0,-2.119999999999891,44,240620.0,,
18585.0,-2.3200000000001637,47,240852.0,,
18590.0,-2.3899999999998727,50,241091.0,,
18595.0,-2.180000000000291,48,241309.0,,
18600.0,-1.5299999999997453,42,241462.0,,
18605.0,-1.800000000000182,41,241642.0,,
18610.0,-2.299999999999727,48,241872.0,,
18615.0,-2.0,48,242072.0,,
18620.0,-1.4900000000002365,42,242221.0,,
18625.0,-1.4099999999998545,39,242362.0,,
18630.0,-1.6400000000003274,39,242526.0,,
18635.0,-2.1099999999996726,46,242737.0,,
18640.0,-2.0300000000002,44,242940.0,,
18645.0,-1.6399999999998727,38,243104.0,,
18650.0,-1.5599999999999454,38,243260.0,,
18655.0,-1.900000000000091,38,243450.0,,
18660.0,-2.0799999999999272,43,243658.0,,
18665.0,-2.3099999999999454,48,243889.0,,
18670.0,-2.4700000000002547,51,244136.0,,
18675.0,-2.119999999999891,47,244348.0,,
18680.0,-1.4400000000000546,39,244492.0,,
18685.0,-1.1799999999998363,38,244610.0,,
18690.0,-1.6399999999998727,38,244774.0,,
18695.0,-1.900000000000091,38,244964.0,,
18700.0,-2.1200000000003456,43,245176.0,,
18705.0,-1.949999999999818,39,245371.0,,
18710.0,-1.6700000000000728,38,245538.0,,
18715.0,-1.849999999999909,38,245723.0,,
18720.0,-1.900000000000091,38,245913.0,,
18725.0,-1.900000000000091,38,246103.0,,
18730.0,-1.8999999999996362,38,246293.0,,
18735.0,-1.9200000000000728,40,246485.0,,
18740.0,-2.019999999999982,40,246687.0,,
18745.0,-1.9700000000002547,40,246884.0,,
18750.0,-2.0,40,247084.0,,
18755.0,-2.0,40,247284.0,,
18760.0,-2.0,40,247484.0,,
18765.0,-2.0,40,247684.0,,
18770.0,-2.0,40,247884.0,,
18775.0,-2.099999999999909,44,248094.0,,
18780.0,-2.199999999999818,44,248314.0,,
18785.0,181.10999999999967,38,230203.0,,
18790.0,364.0300000000002,32,193800.0,,
18795.0,90.32999999999993,22,184767.0,,
18800.0,-0.9199999999998454,19,184859.0,,
18805.0,0.4800000000000182,20,184811.0,,
18810.0,-1.4200000000000728,34,184953.0,,
18815.0,-1.6800000000000637,37,185121.0,,
18820.0,-1.8399999999999181,42,185305.0,,
18825.0,-1.1600000000000819,42,185421.0,,
18830.0,-0.7000000000000455,44,185491.0,,
18835.0,-1.8299999999999272,44,185674.0,,
18840.0,-2.3199999999999363,48,185906.0,,
18845.0,-1.9300000000000637,42,186099.0,,
18850.0,-1.4200000000000728,39,186241.0,,
18855.0,-1.740000000000009,41,186415.0,,
18860.0,-2.1699999999998454,45,186632.0,,
18865.0,-2.2200000000000273,48,186854.0,,
18870.0,-2.5299999999999727,52,187107.0,,
18875.0,-2.6200000000001182,53,187369.0,,
18880.0,-2.8099999999999454,58,187650.0,,
18885.0,-2.130000000000109,53,187863.0,,
18890.0,-1.3099999999999454,46,187994.0,,
18895.0,-1.5399999999999636,41,188148.0,,
18900.0,-2.2200000000000273,47,188370.0,,
18905.0,-1.7100000000000364,46,188541.0,,
18910.0,-1.0399999999999636,41,188645.0,,
18915.0,-0.7899999999999636,40,188724.0,,
18920.0,-1.9400000000000546,40,188918.0,,
18925.0,-2.119999999999891,46,189130.0,,
18930.0,-2.0299999999999727,48,189333.0,,
18935.0,-1.7100000000000364,42,189504.0,,
18940.0,-1.5,38,189654.0,,
18945.0,-1.8400000000001455,38,189838.0,,
18950.0,-2.089999999999918,46,190047.0,,
18955.0,-2.4400000000000546,51,190291.0,,
18960.0,-2.740000000000009,57,190565.0,,
18965.0,-2.3599999999999,52,190801.0,,
18970.0,-1.5299999999999727,45,190954.0,,
18975.0,-1.2100000000000364,40,191075.0,,
18980.0,-2.0299999999999727,42,191278.0,,
18985.0,-2.2899999999999636,48,191507.0,,
18990.0,-2.0900000000001455,50,191716.0,,
18995.0,-1.5699999999999363,43,191873.0,,
19000.0,-1.009999999999991,42,191974.0,,
19005.0,-2.2200000000000273,46,192196.0,,
19010.0,-2.009999999999991,47,192397.0,,
19015.0,-1.7200000000000273,43,192569.0,,
19020.0,-1.5299999999999727,39,192722.0,,
19025.0,-1.8099999999999454,44,192903.0,,
19030.0,-1.650000000000091,41,193068.0,,
19035.0,-2.0799999999999272,47,193276.0,,
19040.0,-2.130000000000109,43,193489.0,,
19045.0,-1.759999999999991,40,193665.0,,
19050.0,-1.4299999999998363,40,193808.0,,
19055.0,-2.1800000000000637,47,194026.0,,
19060.0,-2.3900000000001,48,194265.0,,
19065.0,-2.509999999999991,52,194516.0,,
19070.0,-1.9800000000000182,46,194714.0,,
19075.0,-1.2799999999999727,40,194842.0,,
19080.0,-1.3099999999999454,38,194973.0,,
19085.0,-1.8299999999999272,41,195156.0,,
19090.0,-2.1700000000000728,45,195373.0,,
19095.0,-2.4600000000000364,52,195619.0,,
19100.0,-2.6900000000000546,54,195888.0,,
19105.0,-2.1699999999998454,52,196105.0,,
19110.0,-1.3500000000001364,42,196240.0,,
19115.0,-1.6799999999998363,41,196408.0,,
19120.0,-2.2000000000000455,46,196628.0,,
19125.0,-2.4600000000000364,52,196874.0,,
19130.0,-2.7899999999999636,57,197153.0,,
19135.0,-2.1400000000001,55,197367.0,,
19140.0,-1.1799999999998363,47,197485.0,,
19145.0,-0.790000000000191,41,197564.0,,
19150.0,-1.3599999999999,38,197700.0,,
19155.0,-1.150000000000091,38,197815.0,,
19160.0,-1.9099999999998545,41,198006.0,,
19165.0,-2.2100000000000364,47,198227.0,,
19170.0,-2.4400000000000546,50,198471.0,,
19175.0,-2.5399999999999636,52,198725.0,,
19180.0,-2.0399999999999636,48,198929.0,,
19185.0,-1.3199999999999363,40,199061.0,,
19190.0,-1.2100000000000364,38,199182.0,,
19195.0,-1.7699999999999818,40,199359.0,,
19200.0,-2.1200000000001182,45,199571.0,,
19205.0,-2.4099999999998545,50,199812.0,,
19210.0,-2.6200000000001182,54,200074.0,,
19215.0,-2.019999999999982,51,200276.0,,
19220.0,-1.4100000000000819,42,200417.0,,
19225.0,-1.8599999999999,40,200603.0,,
19230.0,-2.1900000000000546,46,200822.0,,
19235.0,-2.480000000000018,51,201070.0,,
19240.0,-2.849999999999909,60,201355.0,,
19245.0,-3.1100000000001273,64,201666.0,,
19250.0,-3.240000000000009,65,201990.0,,
19255.0,-3.3199999999999363,68,202322.0,,
19260.0,-3.4400000000000546,69,202666.0,,
19265.0,-3.5399999999999636,73,203020.0,,
19270.0,-3.6599999999998545,74,203386.0,,
19275.0,-3.75,76,203761.0,,
19280.0,-3.800000000000182,76,204141.0,,
19285.0,-3.8799999999998818,78,204529.0,,
19290.0,-2.160000000000082,72,204745.0,,
19295.0,-0.2599999999999909,62,204771.0,,
19300.0,-0.9099999999998545,52,204862.0,,
19305.0,-2.5599999999999454,50,205118.0,,
19310.0,-0.8400000000001455,47,205202.0,,
19315.0,0.4600000000000364,50,205156.0,,
19320.0,1.4600000000000364,50,205010.0,,
19325.0,-2.0399999999999636,44,205214.0,,
19330.0,-2.3299999999999272,50,205447.0,,
19335.0,-1.1600000000003092,49,205563.0,,
19340.0,0.11999999999989086,45,205551.0,,
19345.0,1.0900000000001455,43,205442.0,,
19350.0,-0.03999999999996362,46,205446.0,,
19355.0,-1.5099999999997635,46,205597.0,,
19360.0,-1.2800000000002,42,205725.0,,
19365.0,-0.9699999999997999,45,205822.0,,
19370.0,-1.9200000000000728,46,206014.0,,
19375.0,-1.800000000000182,42,206194.0,,
19380.0,-2.0099999999997635,40,206395.0,,
19385.0,-2.2400000000002365,49,206619.0,,
19390.0,-2.25,50,206844.0,,
19395.0,-1.7899999999999636,46,207023.0,,
19400.0,-1.8200000000001637,43,207205.0,,
19405.0,-1.7899999999999636,42,207384.0,,
19410.0,-2.0099999999997635,42,207585.0,,
19415.0,-1.400000000000091,39,207725.0,,
19420.0,-1.5599999999999454,44,207881.0,,
19425.0,-2.1700000000000728,46,208098.0,,
19430.0,-1.8899999999998727,41,208287.0,,
19435.0,-2.0100000000002183,41,208488.0,,
19440.0,-2.2199999999998,46,208710.0,,
19445.0,-2.269999999999982,52,208937.0,,
19450.0,-2.7600000000002183,57,209213.0,,
19455.0,-3.0299999999997453,64,209516.0,,
19460.0,-3.269999999999982,67,209843.0,,
19465.0,-3.3900000000003274,68,210182.0,,
19470.0,-3.449999999999818,70,210527.0,,
19475.0,-3.5900000000001455,72,210886.0,,
19480.0,-3.6599999999998545,74,211252.0,,
19485.0,-3.7400000000002365,75,211626.0,,
19490.0,-3.8099999999999454,77,212007.0,,
19495.0,-3.849999999999909,77,212392.0,,
19500.0,-2.380000000000109,72,212630.0,,
19505.0,-0.6599999999998545,62,212696.0,,
19510.0,-1.0900000000001455,54,212805.0,,
19515.0,-2.5899999999996908,50,213064.0,,
19520.0,-0.9600000000000364,46,213160.0,,
19525.0,0.4600000000000364,45,213114.0,,
19530.0,1.5799999999999272,45,212956.0,,
19535.0,1.1900000000000546,45,212837.0,,
19540.0,-0.16000000000030923,44,212853.0,,
19545.0,0.06000000000040018,44,212847.0,,
19550.0,-0.9400000000000546,44,212941.0,,
19555.0,-2.130000000000109,44,213154.0,,
19560.0,-2.199999999999818,44,213374.0,,
19565.0,-2.300000000000182,48,213604.0,,
19570.0,-1.4700000000002547,43,213751.0,,
19575.0,-1.2799999999997453,46,213879.0,,
19580.0,-2.0900000000001455,46,214088.0,,
19585.0,-1.8599999999996726,42,214274.0,,
19590.0,-0.6900000000000546,39,214343.0,,
19595.0,-2.180000000000291,45,214561.0,,
19600.0,-2.449999999999818,51,214806.0,,
19605.0,-2.7600000000002183,57,215082.0,,
19610.0,-2.399999999999636,54,215322.0,,
19615.0,-1.6200000000003456,47,215484.0,,
19620.0,-1.8399999999996908,43,215668.0,,
19625.0,-2.2100000000000364,47,215889.0,,
19630.0,-2.4700000000002547,53,216136.0,,
19635.0,-2.7199999999998,58,216408.0,,
19640.0,-2.1399999999998727,58,216622.0,,
19645.0,-0.9600000000000364,51,216718.0,,
19650.0,-0.8500000000003638,44,216803.0,,
19655.0,-0.919999999999618,41,216895.0,,
19660.0,-0.8400000000001455,38,216979.0,,
19665.0,-1.5,39,217129.0,,
19670.0,-1.8600000000001273,47,217315.0,,
19675.0,-2.0599999999999454,50,217521.0,,
19680.0,-2.269999999999982,55,217748.0,,
19685.0,-1.7199999999998,50,217920.0,,
19690.0,-0.9800000000000182,43,218018.0,,
19695.0,-0.4800000000000182,40,218066.0,,
19700.0,-1.0100000000002183,38,218167.0,,
19705.0,-1.0,39,218267.0,,
19710.0,-1.3099999999999454,39,218398.0,,
19715.0,-1.4099999999998545,43,218539.0,,
19720.0,-1.2300000000000182,42,218662.0,,
19725.0,-1.0,38,218762.0,,
19730.0,-1.1199999999998909,39,218874.0,,
19735.0,-1.3700000000003456,44,219011.0,,
19740.0,-1.5399999999999636,47,219165.0,,
19745.0,-1.7300000000000182,53,219338.0,,
19750.0,-1.319999999999709,49,219470.0,,
19755.0,-0.6400000000003274,42,219534.0,,
19760.0,-0.5599999999999454,39,219590.0,,
19765.0,-1.2699999999999818,45,219717.0,,
19770.0,-1.5599999999999454,50,219873.0,,
19775.0,-1.8200000000001637,55,220055.0,,
19780.0,-1.25,52,220180.0,,
19785.0,-0.5,45,220230.0,,
19790.0,-0.25999999999976353,42,220256.0,,
19795.0,-0.5599999999999454,40,220312.0,,
19800.0,-0.8299999999999272,40,220395.0,,
19805.0,-1.1700000000000728,41,220512.0,,
19810.0,-1.3400000000001455,45,220646.0,,
19815.0,-0.7699999999999818,47,220723.0,,
19820.0,-1.6199999999998909,50,220885.0,,
19825.0,-1.2200000000002547,47,221007.0,,
19830.0,-0.669999999999618,40,221074.0,,
19835.0,-0.830000000000382,41,221157.0,,
19840.0,-1.4299999999998363,49,221300.0,,
19845.0,-1.6700000000000728,52,221467.0,,
19850.0,-1.8400000000001455,54,221651.0,,
19855.0,-1.1799999999998363,52,221769.0,,
19860.0,-0.42000000000007276,43,221811.0,,
19865.0,-0.03999999999996362,39,221815.0,,
19870.0,-0.4800000000000182,38,221863.0,,
19875.0,-0.9299999999998363,40,221956.0,,
19880.0,-1.25,44,222081.0,,
19885.0,-1.4800000000000182,48,222229.0,,
19890.0,-1.7699999999999818,54,222406.0,,
19895.0,-1.3099999999999454,52,222537.0,,
19900.0,-0.5399999999999636,42,222591.0,,
19905.0,-0.8500000000003638,41,222676.0,,
19910.0,-1.319999999999709,45,222808.0,,
19915.0,-1.6399999999998727,52,222972.0,,
19920.0,-1.8700000000003456,56,223159.0,,
19925.0,-1.2899999999999636,56,223288.0,,
19930.0,-0.599999999999909,49,223348.0,,
19935.0,-0.11000000000012733,44,223359.0,,
19940.0,-0.6499999999996362,41,223424.0,,
19945.0,-0.6900000000000546,41,223493.0,,
19950.0,-0.5199999999999818,38,223545.0,,
19955.0,-1.0199999999999818,43,223647.0,,
19960.0,-1.4700000000002547,49,223794.0,,
19965.0,-1.2300000000000182,46,223917.0,,
19970.0,-0.75,41,223992.0,,
19975.0,-0.75,41,224067.0,,
19980.0,-1.2999999999997272,45,224197.0,,
19985.0,-1.1000000000003638,43,224307.0,,
19990.0,-0.7399999999997817,39,224381.0,,
19995.0,-0.7300000000000182,39,224454.0,,
20000.0,-1.1300000000001091,42,224567.0,,
20005.0,-0.9699999999997999,38,224664.0,,
20010.0,-1.0199999999999818,41,224766.0,,
20015.0,-1.1100000000001273,39,224877.0,,
20020.0,-0.9499999999998181,38,224972.0,,
20025.0,-1.0700000000001637,39,225079.0,,
20030.0,-1.1900000000000546,41,225198.0,,
20035.0,-1.349999999999909,46,225333.0,,
20040.0,-1.5199999999999818,48,225485.0,,
20045.0,-1.6600000000003092,51,225651.0,,
20050.0,-1.7599999999997635,54,225827.0,,
20055.0,-1.900000000000091,55,226017.0,,
20060.0,-1.9600000000000364,57,226213.0,,
20065.0,-2.099999999999909,59,226423.0,,
20070.0,-2.2100000000000364,63,226644.0,,
20075.0,-2.3099999999999454,64,226875.0,,
20080.0,-2.4400000000000546,67,227119.0,,
20085.0,-2.519999999999982,68,227371.0,,
20090.0,-2.6599999999998545,71,227637.0,,
20095.0,-2.7100000000000364,72,227908.0,,
20100.0,-2.880000000000109,75,228196.0,,
20105.0,-2.949999999999818,78,228491.0,,
20110.0,-1.3500000000003638,73,228626.0,,
20115.0,0.5500000000001819,65,228571.0,,
20120.0,0.3000000000001819,55,228541.0,,
20125.0,-1.4900000000002365,52,228690.0,,
20130.0,0.03000000000020009,46,228687.0,,
20135.0,2.480000000000018,42,228439.0,,
20140.0,1.8699999999998909,42,228252.0,,
20145.0,1.449999999999818,42,228107.0,,
20150.0,0.7899999999999636,42,228028.0,,
20155.0,-0.10999999999967258,38,228039.0,,
20160.0,-0.930000000000291,42,228132.0,,
20165.0,-0.599999999999909,43,228192.0,,
20170.0,0.5100000000002183,39,228141.0,,
20175.0,-0.9900000000002365,42,228240.0,,
20180.0,-1.25,44,228365.0,,
20185.0,-1.0899999999996908,42,228474.0,,
20190.0,-1.2200000000002547,47,228596.0,,
20195.0,-1.3699999999998909,46,228733.0,,
20200.0,-1.050000000000182,42,228838.0,,
20205.0,-0.9800000000000182,40,228936.0,,
20210.0,-0.9800000000000182,40,229034.0,,
20215.0,-1.1900000000000546,42,229153.0,,
20220.0,-1.3599999999996726,47,229289.0,,
20225.0,-1.6400000000003274,52,229453.0,,
20230.0,-1.849999999999909,56,229638.0,,
20235.0,-2.049999999999727,59,229843.0,,
20240.0,-2.150000000000091,60,230058.0,,
20245.0,-2.2400000000002365,63,230282.0,,
20250.0,-2.449999999999818,67,230527.0,,
20255.0,-2.619999999999891,70,230789.0,,
20260.0,-2.6700000000000728,71,231056.0,,
20265.0,-1.6799999999998363,68,231224.0,,
20270.0,-0.41000000000030923,59,231265.0,,
20275.0,0.6900000000000546,53,231196.0,,
20280.0,0.2899999999999636,45,231167.0,,
20285.0,1.3200000000001637,42,231035.0,,
20290.0,-0.6900000000000546,48,231104.0,,
20295.0,-1.4400000000000546,50,231248.0,,
20300.0,-1.7199999999998,57,231420.0,,
20305.0,-1.0700000000001637,58,231527.0,,
20310.0,0.07000000000016371,52,231520.0,,
20315.0,0.4899999999997817,48,231471.0,,
20320.0,-0.2699999999999818,45,231498.0,,
20325.0,-0.2300000000000182,44,231521.0,,
20330.0,-0.7399999999997817,44,231595.0,,
20335.0,-0.9900000000002365,44,231694.0,,
20340.0,-0.9099999999998545,42,231785.0,,
20345.0,-1.0199999999999818,45,231887.0,,
20350.0,-1.1199999999998909,43,231999.0,,
20355.0,-0.9500000000002728,42,232094.0,,
20360.0,-1.2300000000000182,44,232217.0,,
20365.0,-1.0900000000001455,41,232326.0,,
20370.0,-1.1199999999998909,44,232438.0,,
20375.0,-1.25,43,232563.0,,
20380.0,-1.069999999999709,40,232670.0,,
20385.0,0.11999999999989086,40,232658.0,,
20390.0,-1.2200000000002547,43,232780.0,,
20395.0,-1.5,48,232930.0,,
20400.0,-1.5799999999999272,50,233088.0,,
20405.0,-1.1399999999998727,46,233202.0,,
20410.0,-0.5199999999999818,42,233254.0,,
20415.0,-1.1300000000001091,40,233367.0,,
20420.0,-1.3099999999999454,45,233498.0,,
20425.0,-1.5799999999999272,51,233656.0,,
20430.0,-1.7600000000002183,54,233832.0,,
20435.0,-1.2899999999999636,51,233961.0,,
20440.0,-0.4899999999997817,44,234010.0,,
20445.0,0.01999999999998181,41,234008.0,,
20450.0,-1.150000000000091,39,234123.0,,
20455.0,-1.2899999999999636,45,234252.0,,
20460.0,-1.5700000000001637,50,234409.0,,
20465.0,-1.8399999999996908,58,234593.0,,
20470.0,-1.4100000000003092,56,234734.0,,
20475.0,-0.6799999999998363,47,234802.0,,
20480.0,-0.21000000000003638,44,234823.0,,
20485.0,-0.7699999999999818,40,234900.0,,
20490.0,-1.300000000000182,45,235030.0,,
20495.0,-1.5899999999996908,52,235189.0,,
20500.0,-1.8400000000001455,55,235373.0,,
20505.0,-1.2699999999999818,54,235500.0,,
20510.0,-0.3200000000001637,48,235532.0,,
20515.0,-0.19000000000005457,42,235551.0,,
20520.0,-0.4399999999995998,40,235595.0,,
20525.0,-0.41000000000030923,38,235636.0,,
20530.0,-1.0899999999996908,40,235745.0,,
20535.0,-1.2800000000002,46,235873.0,,
20540.0,-1.5799999999999272,50,236031.0,,
20545.0,-1.8099999999999454,56,236212.0,,
20550.0,-1.9500000000002728,56,236407.0,,
20555.0,-2.0799999999999272,59,236615.0,,
20560.0,-1.349999999999909,55,236750.0,,
20565.0,-0.010000000000218279,47,236751.0,,
20570.0,-1.2399999999997817,46,236875.0,,
20575.0,-1.449999999999818,46,237020.0,,
20580.0,-0.8900000000003274,48,237109.0,,
20585.0,-0.36999999999989086,42,237146.0,,
20590.0,-0.2199999999997999,40,237168.0,,
20595.0,0.03999999999996362,40,237164.0,,
20600.0,-1.3200000000001637,46,237296.0,,
20605.0,197.8699999999999,45,217509.0,,
20610.0,396.9000000000001,45,177819.0,,
20615.0,98.75999999999999,38,167943.0,,
20620.0,0.09000000000014552,26,167934.0,,
20625.0,-0.060000000000172804,24,167940.0,,
20630.0,-0.9399999999998272,32,168034.0,,
20635.0,-0.6900000000000546,38,168103.0,,
20640.0,-0.5099999999999909,43,168154.0,,
20645.0,-0.7899999999999636,46,168233.0,,
20650.0,-0.9100000000000819,43,168324.0,,
20655.0,-0.7100000000000364,46,168395.0,,
20660.0,-1.3199999999999363,45,168527.0,,
20665.0,-1.009999999999991,40,168628.0,,
20670.0,-1.3199999999999363,42,168760.0,,
20675.0,-1.75,46,168935.0,,
20680.0,-1.9600000000000364,51,169131.0,,
20685.0,-2.240000000000009,56,169355.0,,
20690.0,-1.740000000000009,55,169529.0,,
20695.0,-1.0599999999999454,51,169635.0,,
20700.0,-0.7000000000000455,44,169705.0,,
20705.0,-0.7000000000000455,41,169775.0,,
20710.0,-1.4700000000000273,40,169922.0,,
20715.0,-1.6900000000000546,47,170091.0,,
20720.0,-1.4199999999998454,46,170233.0,,
20725.0,-0.900000000000091,40,170323.0,,
20730.0,-0.7300000000000182,38,170396.0,,
20735.0,-1.259999999999991,38,170522.0,,
20740.0,-1.5599999999999454,43,170678.0,,
20745.0,-1.8500000000001364,50,170863.0,,
20750.0,-2.1299999999998818,55,171076.0,,
20755.0,-1.7999999999999545,54,171256.0,,
20760.0,-1.2300000000000182,48,171379.0,,
20765.0,-1.3099999999999454,42,171510.0,,
20770.0,-1.740000000000009,46,171684.0,,
20775.0,-1.4800000000000182,48,171832.0,,
20780.0,-0.6900000000000546,44,171901.0,,
20785.0,-0.7999999999999545,40,171981.0,,
20790.0,-1.1700000000000728,43,172098.0,,
20795.0,-0.9500000000000455,38,172193.0,,
20800.0,-1.3599999999999,42,172329.0,,
20805.0,-1.5499999999999545,44,172484.0,,
20810.0,-1.25,38,172609.0,,
20815.0,-1.3400000000001455,38,172743.0,,
20820.0,-1.6099999999999,44,172904.0,,
20825.0,-1.9700000000000273,53,173101.0,,
20830.0,-2.2100000000000364,55,173322.0,,
20835.0,-2.339999999999918,58,173556.0,,
20840.0,-2.4300000000000637,60,173799.0,,
20845.0,-2.589999999999918,62,174058.0,,
20850.0,-2.6200000000001182,64,174320.0,,
20855.0,-2.7799999999999727,66,174598.0,,
20860.0,-2.869999999999891,69,174885.0,,
20865.0,-1.8600000000001273,64,175071.0,,
20870.0,-0.06999999999993634,59,175078.0,,
20875.0,0.0,51,175078.0,,
20880.0,0.4700000000000273,45,175031.0,,
20885.0,-0.2899999999999636,39,175060.0,,
20890.0,-1.6400000000001,45,175224.0,,
20895.0,-1.9200000000000728,51,175416.0,,
20900.0,-2.2999999999999545,59,175646.0,,
20905.0,196.55999999999995,58,155990.0,,
20910.0,395.51,54,116439.0,,
20915.0,-1.009999999999991,45,116540.0,,
20920.0,0.5600000000001728,34,116484.0,,
20925.0,1.2999999999999545,28,116354.0,,
20930.0,0.5399999999999636,31,116300.0,,
20935.0,-0.41000000000008185,35,116341.0,,
20940.0,-0.4800000000000182,42,116389.0,,
20945.0,-1.6099999999999,40,116550.0,,
20950.0,-1.7699999999999818,46,116727.0,,
20955.0,-1.6700000000000728,47,116894.0,,
20960.0,-1.0699999999999363,43,117001.0,,
20965.0,-1.0399999999999636,39,117105.0,,
20970.0,-1.8400000000001455,43,117289.0,,
20975.0,-2.099999999999909,48,117499.0,,
20980.0,-2.0,48,117699.0,,
20985.0,-1.6199999999998909,44,117861.0,,
20990.0,196.9799999999999,38,98163.0,,
20995.0,312.5,34,66913.0,,
21000.0,-1.240000000000009,29,67037.0,,
21005.0,-0.67999999999995,22,67105.0,,
21010.0,0.5499999999999545,21,67050.0,,
21015.0,-1.07000000000005,33,67157.0,,
21020.0,-1.5799999999999272,41,67315.0,,
21025.0,-1.5600000000000591,43,67471.0,,
21030.0,-1.5599999999999454,40,67627.0,,
21035.0,-1.6700000000000728,45,67794.0,,
21040.0,-2.0699999999999363,50,68001.0,,
21045.0,-1.82000000000005,49,68183.0,,
21050.0,-1.8799999999999955,44,68371.0,,
21055.0,-1.8399999999999181,41,68555.0,,
21060.0,-1.9800000000000182,47,68753.0,,
21065.0,-2.1299999999999955,47,68966.0,,
21070.0,-1.8400000000000318,43,69150.0,,
21075.0,-1.580000000000041,41,69308.0,,
21080.0,-2.0699999999999363,42,69515.0,,
21085.0,-2.2100000000000364,47,69736.0,,
21090.0,-2.189999999999941,48,69955.0,,
21095.0,-1.7700000000000955,40,70132.0,,
21100.0,-1.6599999999999682,40,70298.0,,
21105.0,-2.0299999999999727,42,70501.0,,
21110.0,-2.2899999999999636,50,70730.0,,
21115.0,-2.2800000000000864,48,70958.0,,
21120.0,-1.8399999999999181,42,71142.0,,
21125.0,-1.7700000000000955,42,71319.0,,
21130.0,-2.089999999999918,42,71528.0,,
21135.0,-2.1000000000000227,42,71738.0,,
21140.0,-2.1000000000000227,42,71948.0,,
21145.0,-2.199999999999932,46,72168.0,,
21150.0,-2.1000000000000227,43,72378.0,,
21155.0,-2.1100000000000136,44,72589.0,,
21160.0,-2.2000000000000455,44,72809.0,,
21165.0,-2.199999999999932,44,73029.0,,
21170.0,-1.9700000000000273,42,73226.0,,
21175.0,-1.9800000000000182,44,73424.0,,
21180.0,-2.3099999999999454,47,73655.0,,
21185.0,-2.1700000000000728,47,73872.0,,
21190.0,-2.1000000000000227,46,74082.0,,
21195.0,0.8600000000000136,43,73996.0,,
21200.0,-0.2599999999999909,45,74022.0,,
21205.0,-1.8799999999999955,45,74210.0,,
21210.0,-2.340000000000032,47,74444.0,,
21215.0,-1.8999999999999773,44,74634.0,,
21220.0,-1.3799999999999955,41,74772.0,,
21225.0,-1.8500000000000227,40,74957.0,,
21230.0,-2.1200000000000045,46,75169.0,,
21235.0,-1.9799999999999045,45,75367.0,,
21240.0,-1.509999999999991,38,75518.0,,
21245.0,-1.5900000000000318,38,75677.0,,
21250.0,-1.9200000000000728,40,75869.0,,
21255.0,-2.17999999999995,46,76087.0,,
21260.0,-2.1100000000000136,44,76298.0,,
21265.0,-1.7300000000000182,40,76471.0,,
21270.0,-1.7899999999999636,40,76650.0,,
21275.0,-1.6100000000000136,39,76811.0,,
21280.0,-2.1200000000000045,44,77023.0,,
21285.0,-2.2100000000000364,45,77244.0,,
21290.0,-2.369999999999891,48,77481.0,,
21295.0,-1.9800000000000182,45,77679.0,,
21300.0,-1.4100000000000819,39,77820.0,,
21305.0,-1.4599999999999227,39,77966.0,,
21310.0,-1.8899999999999864,39,78155.0,,
21315.0,-1.740000000000009,38,78329.0,,
21320.0,-2.0300000000000864,42,78532.0,,
21325.0,-2.099999999999909,42,78742.0,,
21330.0,-2.259999999999991,48,78968.0,,
21335.0,-1.9700000000000273,43,79165.0,,
21340.0,-1.6000000000000227,40,79325.0,,
21345.0,-1.6100000000000136,40,79486.0,,
21350.0,-2.159999999999968,46,79702.0,,
21355.0,-2.3600000000000136,48,79938.0,,
21360.0,-2.4700000000000273,51,80185.0,,
21365.0,-1.990000000000009,46,80384.0,,
21370.0,-1.4399999999999409,40,80528.0,,
21375.0,-1.1600000000000819,39,80644.0,,
21380.0,-1.8299999999999272,40,80827.0,,
21385.0,-2.1800000000000637,46,81045.0,,
21390.0,-2.439999999999941,51,81289.0,,
21395.0,-2.560000000000059,52,81545.0,,
21400.0,-2.1399999999999864,52,81759.0,,
21405.0,-1.5399999999999636,44,81913.0,,
21410.0,-1.759999999999991,43,82089.0,,
21415.0,-2.300000000000068,49,82319.0,,
21420.0,-2.25,55,82544.0,,
21425.0,-2.7999999999999545,57,82824.0,,
21430.0,-2.1499999999999773,54,83039.0,,
21435.0,-1.1399999999999864,46,83153.0,,
21440.0,-0.9600000000000364,44,83249.0,,
21445.0,-1.8600000000000136,38,83435.0,,
21450.0,-1.919999999999959,43,83627.0,,
21455.0,-1.7899999999999636,44,83806.0,,
21460.0,-1.1300000000001091,40,83919.0,,
21465.0,-1.9899999999998954,41,84118.0,,
21470.0,-2.2000000000000455,47,84338.0,,
21475.0,-2.509999999999991,53,84589.0,,
21480.0,-2.7799999999999727,58,84867.0,,
21485.0,-2.259999999999991,55,85093.0,,
21490.0,-1.5300000000000864,49,85246.0,,
21495.0,-1.0799999999999272,42,85354.0,,
21500.0,-1.080000000000041,38,85462.0,,
21505.0,-1.3999999999999773,39,85602.0,,
21510.0,-1.8500000000000227,40,85787.0,,
21515.0,-2.1100000000000136,45,85998.0,,
21520.0,-1.92999999999995,44,86191.0,,
21525.0,-1.490000000000009,39,86340.0,,
21530.0,-1.6900000000000546,38,86509.0,,
21535.0,-1.9599999999999227,40,86705.0,,
21540.0,-2.1800000000000637,45,86923.0,,
21545.0,-2.1000000000000227,48,87133.0,,
21550.0,-1.740000000000009,42,87307.0,,
21555.0,-1.849999999999909,42,87492.0,,
21560.0,-2.240000000000009,47,87716.0,,
21565.0,-2.1200000000000045,46,87928.0,,
21570.0,-1.7200000000000273,40,88100.0,,
21575.0,-1.9700000000000273,41,88297.0,,
21580.0,-2.240000000000009,47,88521.0,,
21585.0,-2.1100000000000136,46,88732.0,,
21590.0,-1.6499999999999773,40,88897.0,,
21595.0,-1.8099999999999454,40,89078.0,,
21600.0,-1.9600000000000364,40,89274.0,,
21605.0,-2.0,40,89474.0,,
21610.0,-2.0,40,89674.0,,
21615.0,-2.0499999999999545,43,89879.0,,
21620.0,-2.1299999999999955,42,90092.0,,
21625.0,-2.050000000000068,42,90297.0,,
21630.0,-0.30999999999994543,38,90328.0,,
21635.0,-1.6600000000000819,39,90494.0,,
21640.0,-2.0699999999999363,43,90701.0,,
21645.0,-2.169999999999959,44,90918.0,,
21650.0,-2.300000000000068,47,91148.0,,
21655.0,-1.919999999999959,44,91340.0,,
21660.0,-1.3899999999999864,38,91479.0,,
21665.0,-1.509999999999991,38,91630.0,,
21670.0,-1.8900000000001,38,91819.0,,
21675.0,-1.8999999999999773,38,92009.0,,
21680.0,-1.8999999999999773,38,92199.0,,
21685.0,-1.9099999999999682,39,92390.0,,
21690.0,-1.9800000000000182,40,92588.0,,
21695.0,-2.0,40,92788.0,,
21700.0,-2.0,40,92988.0,,
21705.0,-2.0,40,93188.0,,
21710.0,-1.5299999999999727,39,93341.0,,
21715.0,-2.0400000000000773,41,93545.0,,
21720.0,-2.1200000000000045,44,93757.0,,
21725.0,-2.2399999999998954,45,93981.0,,
21730.0,-1.8700000000000045,43,94168.0,,
21735.0,-1.4300000000000637,38,94311.0,,
21740.0,-1.8799999999999955,41,94499.0,,
21745.0,-2.159999999999968,45,94715.0,,
21750.0,-2.4200000000000728,50,94957.0,,
21755.0,-2.5,50,95207.0,,
21760.0,-2.6499999999999773,56,95472.0,,
21765.0,-2.1200000000000045,50,95684.0,,
21770.0,-1.169999999999959,44,95801.0,,
21775.0,-1.740000000000009,40,95975.0,,
21780.0,-2.1399999999999864,45,96189.0,,
21785.0,-1.759999999999991,46,96365.0,,
21790.0,-1.2200000000000273,43,96487.0,,
21795.0,-1.2000000000000455,39,96607.0,,
21800.0,-1.9499999999999318,40,96802.0,,
21805.0,-2.1100000000000136,46,97013.0,,
21810.0,-2.0499999999999545,46,97218.0,,
21815.0,-1.6800000000000637,39,97386.0,,
21820.0,-1.5399999999999636,38,97540.0,,
21825.0,-1.7200000000000273,38,97712.0,,
21830.0,-1.9500000000000455,40,97907.0,,
21835.0,-2.259999999999991,48,98133.0,,
21840.0,-2.1100000000000136,45,98344.0,,
21845.0,-1.7899999999999636,40,98523.0,,
21850.0,-1.7799999999999727,40,98701.0,,
21855.0,-1.9800000000000182,40,98899.0,,
21860.0,-2.0,40,99099.0,,
21865.0,-2.0399999999999636,43,99303.0,,
21870.0,-2.019999999999982,40,99505.0,,
21875.0,-1.9400000000000546,40,99699.0,,
21880.0,-1.0,38,99799.0,,
21885.0,-1.92999999999995,40,99992.0,,
21890.0,-2.080000000000041,42,100200.0,,
21895.0,-2.2100000000000364,46,100421.0,,
21900.0,-2.2999999999999545,46,100651.0,,
21905.0,-2.0299999999999727,47,100854.0,,
21910.0,-1.4100000000000819,41,100995.0,,
21915.0,-1.9599999999999227,42,101191.0,,
21920.0,-2.269999999999982,48,101418.0,,
21925.0,-2.0300000000000864,45,101621.0,,
21930.0,-1.669999999999959,40,101788.0,,
21935.0,-1.9800000000000182,42,101986.0,,
21940.0,-2.25,48,102211.0,,
21945.0,-2.090000000000032,46,102420.0,,
21950.0,-1.7100000000000364,40,102591.0,,
21955.0,-0.8999999999998636,41,102681.0,,
21960.0,-2.1800000000000637,46,102899.0,,
21965.0,-2.119999999999891,47,103111.0,,
21970.0,-1.6100000000001273,38,103272.0,,
21975.0,-1.7699999999999818,40,103449.0,,
21980.0,-2.2000000000000455,47,103669.0,,
21985.0,-2.1299999999998818,47,103882.0,,
21990.0,-1.650000000000091,40,104047.0,,
21995.0,-1.5399999999999636,40,104201.0,,
22000.0,-2.150000000000091,45,104416.0,,
22005.0,-2.3799999999998818,49,104654.0,,
22010.0,-2.6100000000001273,53,104915.0,,
22015.0,-2.1599999999998545,50,105131.0,,
22020.0,-1.4100000000000819,41,105272.0,,
22025.0,-1.0299999999999727,38,105375.0,,
22030.0,-1.4700000000000273,38,105522.0,,
22035.0,-1.759999999999991,38,105698.0,,
22040.0,-2.0599999999999454,43,105904.0,,
22045.0,-2.3400000000001455,48,106138.0,,
22050.0,-2.1299999999998818,48,106351.0,,
22055.0,-1.650000000000091,42,106516.0,,
22060.0,-1.6899999999998272,41,106685.0,,
22065.0,-1.9600000000000364,41,106881.0,,
22070.0,-1.8600000000001273,42,107067.0,,
22075.0,-2.1399999999998727,43,107281.0,,
22080.0,-1.9700000000000273,41,107478.0,,
22085.0,-1.9400000000000546,43,107672.0,,
22090.0,-2.0,40,107872.0,,
22095.0,-2.0599999999999454,43,108078.0,,
22100.0,-1.9400000000000546,40,108272.0,,
22105.0,-1.9300000000000637,40,108465.0,,
22110.0,-2.0399999999999636,43,108669.0,,
22115.0,-2.240000000000009,45,108893.0,,
22120.0,-2.1799999999998363,46,109111.0,,
22125.0,-1.9300000000000637,44,109304.0,,
22130.0,-1.9500000000000455,44,109499.0,,
22135.0,-2.3299999999999272,48,109732.0,,
22140.0,-2.0900000000001455,44,109941.0,,
22145.0,-1.8399999999999181,42,110125.0,,
22150.0,-2.119999999999891,44,110337.0,,
22155.0,-2.3700000000001182,49,110574.0,,
22160.0,-2.1800000000000637,45,110792.0,,
22165.0,-1.8399999999999181,42,110976.0,,
22170.0,0.36999999999989086,40,110939.0,,
22175.0,-1.1399999999998727,46,111053.0,,
22180.0,-2.3900000000001,50,111292.0,,
22185.0,-2.5499999999999545,51,111547.0,,
22190.0,-2.6800000000000637,56,111815.0,,
22195.0,-2.1599999999998545,51,112031.0,,
22200.0,-1.3800000000001091,44,112169.0,,
22205.0,-1.6099999999999,40,112330.0,,
22210.0,-2.2000000000000455,46,112550.0,,
22215.0,-1.8399999999999181,47,112734.0,,
22220.0,-1.240000000000009,43,112858.0,,
22225.0,-1.009999999999991,38,112959.0,,
22230.0,-1.9200000000000728,39,113151.0,,
22235.0,-2.099999999999909,44,113361.0,,
22240.0,-2.0,44,113561.0,,
22245.0,-1.650000000000091,40,113726.0,,
22250.0,-1.509999999999991,38,113877.0,,
22255.0,-1.9100000000000819,39,114068.0,,
22260.0,-2.1299999999998818,45,114281.0,,
22265.0,-2.519999999999982,53,114533.0,,
22270.0,-2.310000000000173,50,114764.0,,
22275.0,-1.740000000000009,43,114938.0,,
22280.0,-1.5,39,115088.0,,
22285.0,-2.1399999999998727,45,115302.0,,
22290.0,-2.4500000000000455,51,115547.0,,
22295.0,-2.75,57,115822.0,,
22300.0,-2.2000000000000455,53,116042.0,,
22305.0,-1.3399999999999181,49,116176.0,,
22310.0,-1.2699999999999818,44,116303.0,,
22315.0,-1.650000000000091,39,116468.0,,
22320.0,-1.9299999999998363,44,116661.0,,
22325.0,-1.8900000000001,45,116850.0,,
22330.0,-1.2100000000000364,40,116971.0,,
22335.0,-1.4700000000000273,40,117118.0,,
22340.0,-2.0499999999999545,42,117323.0,,
22345.0,-2.2100000000000364,47,117544.0,,
22350.0,-2.1099999999999,46,117755.0,,
22355.0,-1.759999999999991,42,117931.0,,
22360.0,-1.7100000000000364,40,118102.0,,
22365.0,-1.9100000000000819,40,118293.0,,
22370.0,-2.009999999999991,41,118494.0,,
22375.0,-2.1399999999998727,44,118708.0,,
22380.0,-2.019999999999982,42,118910.0,,
22385.0,-1.8800000000001091,40,119098.0,,
22390.0,-1.9200000000000728,40,119290.0,,
22395.0,-2.0,40,119490.0,,
22400.0,-2.009999999999991,41,119691.0,,
22405.0,-2.099999999999909,42,119901.0,,
22410.0,-1.990000000000009,42,120100.0,,
22415.0,-2.089999999999918,42,120309.0,,
22420.0,-0.38000000000010914,40,120347.0,,
22425.0,-1.7999999999999545,41,120527.0,,
22430.0,-2.1200000000001182,45,120739.0,,
22435.0,-2.269999999999982,47,120966.0,,
22440.0,-1.9099999999998545,43,121157.0,,
22445.0,-1.5199999999999818,42,121309.0,,
22450.0,-1.900000000000091,40,121499.0,,
22455.0,-2.0799999999999272,46,121707.0,,
22460.0,-1.9100000000000819,42,121898.0,,
22465.0,-1.490000000000009,38,122047.0,,
22470.0,-1.9400000000000546,40,122241.0,,
22475.0,-2.1599999999998545,46,122457.0,,
22480.0,-2.4300000000000637,51,122700.0,,
22485.0,-2.1800000000000637,47,122918.0,,
22490.0,-1.6199999999998909,42,123080.0,,
22495.0,-1.7100000000000364,41,123251.0,,
22500.0,-2.230000000000018,48,123474.0,,
22505.0,-2.019999999999982,46,123676.0,,
22510.0,-1.3399999999999181,41,123810.0,,
22515.0,-1.8400000000001455,40,123994.0,,
22520.0,-2.1299999999998818,45,124207.0,,
22525.0,-1.9600000000000364,46,124403.0,,
22530.0,-1.4700000000000273,40,124550.0,,
22535.0,-1.5499999999999545,38,124705.0,,
22540.0,-1.9300000000000637,40,124898.0,,
22545.0,-2.1299999999998818,45,125111.0,,
22550.0,-2.400000000000091,50,125351.0,,
22555.0,-2.7000000000000455,55,125621.0,,
22560.0,-2.2999999999999545,53,125851.0,,
22565.0,-1.4500000000000455,43,125996.0,,
22570.0,-1.3099999999999454,40,126127.0,,
22575.0,-1.3900000000001,40,126266.0,,
22580.0,-1.9099999999998545,40,126457.0,,
22585.0,-2.0,40,126657.0,,
22590.0,-2.130000000000109,44,126870.0,,
22595.0,-2.2000000000000455,44,127090.0,,
22600.0,-2.199999999999818,44,127310.0,,
22605.0,-2.2000000000000455,44,127530.0,,
22610.0,-2.2000000000000455,44,127750.0,,
22615.0,-1.5899999999999181,41,127909.0,,
22620.0,-1.5900000000001455,42,128068.0,,
22625.0,-1.990000000000009,42,128267.0,,
22630.0,-2.0799999999999272,42,128475.0,,
22635.0,-0.44000000000005457,41,128519.0,,
22640.0,-1.8599999999999,42,128705.0,,
22645.0,-1.8099999999999454,38,128886.0,,
22650.0,-1.7300000000000182,38,129059.0,,
22655.0,-1.900000000000091,38,129249.0,,
22660.0,-1.900000000000091,38,129439.0,,
22665.0,-1.959999999999809,41,129635.0,,
22670.0,-1.900000000000091,38,129825.0,,
22675.0,-1.8399999999999181,38,130009.0,,
22680.0,-1.9300000000000637,39,130202.0,,
22685.0,-1.9500000000000455,39,130397.0,,
22690.0,-2.0799999999999272,43,130605.0,,
22695.0,-2.2200000000000273,48,130827.0,,
22700.0,-2.019999999999982,43,131029.0,,
22705.0,-1.6100000000001273,40,131190.0,,
22710.0,-1.7799999999999727,42,131368.0,,
22715.0,-2.230000000000018,46,131591.0,,
22720.0,-1.9700000000000273,43,131788.0,,
22725.0,-1.5199999999999818,38,131940.0,,
22730.0,-1.6299999999998818,40,132103.0,,
22735.0,-1.9700000000000273,40,132300.0,,
22740.0,-2.0599999999999454,44,132506.0,,
22745.0,-1.9400000000000546,39,132700.0,,
22750.0,-1.6600000000000819,38,132866.0,,
22755.0,-1.8299999999999272,38,133049.0,,
22760.0,-1.900000000000091,38,133239.0,,
22765.0,-1.8999999999998636,38,133429.0,,
22770.0,-2.0399999999999636,44,133633.0,,
22775.0,-2.2000000000000455,44,133853.0,,
22780.0,-1.900000000000091,40,134043.0,,
22785.0,-1.8099999999999454,40,134224.0,,
22790.0,-2.0,40,134424.0,,
22795.0,-2.0,40,134624.0,,
22800.0,-2.009999999999991,41,134825.0,,
22805.0,-2.089999999999918,42,135034.0,,
22810.0,-1.9600000000000364,40,135230.0,,
22815.0,-1.9400000000000546,40,135424.0,,
22820.0,-2.0,40,135624.0,,
22825.0,-2.0,40,135824.0,,
22830.0,-2.0,40,136024.0,,
22835.0,-2.0,40,136224.0,,
22840.0,-2.0499999999999545,43,136429.0,,
22845.0,-2.1100000000001273,42,136640.0,,
22850.0,-2.0599999999999454,42,136846.0,,
22855.0,-2.099999999999909,42,137056.0,,
22860.0,-2.1000000000001364,42,137266.0,,
22865.0,-2.099999999999909,42,137476.0,,
22870.0,-2.1099999999999,43,137687.0,,
22875.0,-2.2200000000000273,45,137909.0,,
22880.0,-2.0299999999999727,42,138112.0,,
22885.0,-2.040000000000191,42,138316.0,,
22890.0,-2.099999999999909,42,138526.0,,
22895.0,-2.099999999999909,42,138736.0,,
22900.0,-2.1000000000001364,42,138946.0,,
22905.0,-2.099999999999909,42,139156.0,,
22910.0,-2.150000000000091,45,139371.0,,
22915.0,-2.369999999999891,48,139608.0,,
22920.0,-2.150000000000091,44,139823.0,,
22925.0,-2.1700000000000728,48,140040.0,,
22930.0,-2.189999999999827,44,140259.0,,
22935.0,-2.1100000000001273,44,140470.0,,
22940.0,-2.2200000000000273,45,140692.0,,
22945.0,-2.349999999999909,48,140927.0,,
22950.0,-2.1800000000000637,44,141145.0,,
22955.0,-2.0499999999999545,44,141350.0,,
22960.0,1.6900000000000546,39,141181.0,,
22965.0,1.3599999999999,43,141045.0,,
22970.0,-2.2000000000000455,44,141265.0,,
22975.0,-2.3299999999999272,48,141498.0,,
22980.0,-2.4200000000000728,49,141740.0,,
22985.0,-2.1099999999999,49,141951.0,,
22990.0,-1.4700000000000273,42,142098.0,,
22995.0,-1.9100000000000819,43,142289.0,,
23000.0,-2.3599999999999,49,142525.0,,
23005.0,-2.1700000000000728,51,142742.0,,
23010.0,-2.6799999999998363,54,143010.0,,
23015.0,-2.009999999999991,52,143211.0,,
23020.0,-1.25,48,143336.0,,
23025.0,-1.0900000000001455,43,143445.0,,
23030.0,-1.5899999999999181,42,143604.0,,
23035.0,-1.5199999999999818,38,143756.0,,
23040.0,-1.8099999999999454,44,143937.0,,
23045.0,-1.9400000000000546,42,144131.0,,
23050.0,-1.5800000000001546,39,144289.0,,
23055.0,-1.9799999999997908,42,144487.0,,
23060.0,-2.270000000000209,48,144714.0,,
23065.0,-2.1599999999998545,49,144930.0,,
23070.0,-1.6600000000000819,41,145096.0,,
23075.0,-1.6800000000000637,40,145264.0,,
23080.0,-1.8199999999999363,40,145446.0,,
23085.0,-2.009999999999991,41,145647.0,,
23090.0,-2.1900000000000546,46,145866.0,,
23095.0,-2.089999999999918,43,146075.0,,
23100.0,-1.8299999999999272,40,146258.0,,
23105.0,-1.8800000000001091,40,146446.0,,
23110.0,-2.0499999999999545,42,146651.0,,
23115.0,-2.1400000000001,43,146865.0,,
23120.0,-2.269999999999982,47,147092.0,,
23125.0,-2.349999999999909,47,147327.0,,
23130.0,-2.0599999999999454,47,147533.0,,
23135.0,-1.6000000000001364,42,147693.0,,
23140.0,-0.2999999999999545,39,147723.0,,
23145.0,-1.8899999999998727,45,147912.0,,
23150.0,-2.380000000000109,49,148150.0,,
23155.0,-2.5,50,148400.0,,
23160.0,-2.089999999999918,48,148609.0,,
23165.0,-1.4500000000000455,44,148754.0,,
23170.0,-1.25,42,148879.0,,
23175.0,-1.8299999999999272,40,149062.0,,
23180.0,-1.9800000000000182,44,149260.0,,
23185.0,-1.9400000000000546,44,149454.0,,
23190.0,-1.5900000000001455,38,149613.0,,
23195.0,-1.6299999999998818,38,149776.0,,
23200.0,-1.9600000000000364,42,149972.0,,
23205.0,-2.230000000000018,47,150195.0,,
23210.0,-2.1599999999998545,45,150411.0,,
23215.0,-1.7700000000002092,40,150588.0,,
23220.0,-1.6099999999999,40,150749.0,,
23225.0,-2.1900000000000546,46,150968.0,,
23230.0,-2.439999999999827,51,151212.0,,
23235.0,-2.6000000000001364,52,151472.0,,
23240.0,-2.119999999999891,50,151684.0,,
23245.0,-1.3500000000001364,40,151819.0,,
23250.0,-1.009999999999991,38,151920.0,,
23255.0,-1.3199999999999363,38,152052.0,,
23260.0,-1.8700000000001182,38,152239.0,,
23265.0,-1.8999999999998636,38,152429.0,,
23270.0,-2.0,41,152629.0,,
23275.0,-1.9800000000000182,40,152827.0,,
23280.0,-1.9300000000000637,40,153020.0,,
23285.0,-1.7100000000000364,39,153191.0,,
23290.0,-2.0,40,153391.0,,
23295.0,-2.099999999999909,44,153601.0,,
23300.0,-2.2000000000000455,44,153821.0,,
23305.0,-1.8599999999999,42,154007.0,,
23310.0,-1.6200000000001182,42,154169.0,,
23315.0,-1.9500000000000455,42,154364.0,,
23320.0,-2.1099999999999,46,154575.0,,
23325.0,-2.019999999999982,44,154777.0,,
23330.0,-1.5299999999999727,38,154930.0,,
23335.0,-1.9400000000000546,40,155124.0,,
23340.0,-2.240000000000009,48,155348.0,,
23345.0,-2.1299999999998818,49,155561.0,,
23350.0,-1.7300000000000182,42,155734.0,,
23355.0,-1.9400000000000546,43,155928.0,,
23360.0,-2.3700000000001182,50,156165.0,,
23365.0,-2.189999999999827,50,156384.0,,
23370.0,-1.6400000000001,42,156548.0,,
23375.0,-2.099999999999909,44,156758.0,,
23380.0,-2.3200000000001637,49,156990.0,,
23385.0,-2.099999999999909,50,157200.0,,
23390.0,-1.7000000000000455,44,157370.0,,
23395.0,-1.0599999999999454,40,157476.0,,
23400.0,-2.160000000000082,46,157692.0,,
23405.0,-1.8799999999998818,46,157880.0,,
23410.0,-1.5499999999999545,43,158035.0,,
23415.0,-1.3700000000001182,38,158172.0,,
23420.0,-1.9400000000000546,44,158366.0,,
23425.0,-2.019999999999982,44,158568.0,,
23430.0,-2.1699999999998454,44,158785.0,,
23435.0,-1.7699999999999818,40,158962.0,,
23440.0,-1.800000000000182,44,159142.0,,
23445.0,-1.9800000000000182,40,159340.0,,
23450.0,-1.8899999999998727,40,159529.0,,
23455.0,-2.0499999999999545,41,159734.0,,
23460.0,-2.160000000000082,45,159950.0,,
23465.0,-1.9700000000000273,40,160147.0,,
23470.0,-1.8199999999999363,40,160329.0,,
23475.0,-0.8199999999999363,39,160411.0,,
23480.0,-2.1000000000001364,43,160621.0,,
23485.0,-2.2100000000000364,46,160842.0,,
23490.0,-2.4099999999998545,50,161083.0,,
23495.0,-2.0399999999999636,45,161287.0,,
23500.0,-1.540000000000191,40,161441.0,,
23505.0,-1.5199999999999818,39,161593.0,,
23510.0,-2.1699999999998454,46,161810.0,,
23515.0,-2.4300000000000637,50,162053.0,,
23520.0,-2.6100000000001273,53,162314.0,,
23525.0,-2.019999999999982,51,162516.0,,
23530.0,-1.449999999999818,43,162661.0,,
23535.0,-1.0200000000002092,39,162763.0,,
23540.0,-1.8199999999999363,39,162945.0,,
23545.0,-2.1599999999998545,46,163161.0,,
23550.0,-1.9400000000000546,46,163355.0,,
23555.0,-1.4600000000000364,38,163501.0,,
23560.0,-1.9200000000000728,42,163693.0,,
23565.0,-2.269999999999982,48,163920.0,,
23570.0,-2.0799999999999272,47,164128.0,,
23575.0,-1.7200000000000273,41,164300.0,,
23580.0,-1.6199999999998909,40,164462.0,,
23585.0,-1.8200000000001637,40,164644.0,,
23590.0,-2.0,40,164844.0,,
23595.0,-2.1599999999998545,45,165060.0,,
23600.0,-2.060000000000173,42,165266.0,,
23605.0,-1.8699999999998909,40,165453.0,,
23610.0,-1.0299999999999727,41,165556.0,,
23615.0,-2.1800000000000637,45,165774.0,,
23620.0,-1.9400000000000546,41,165968.0,,
23625.0,-1.599999999999909,38,166128.0,,
23630.0,-1.759999999999991,39,166304.0,,
23635.0,-2.0900000000001455,44,166513.0,,
23640.0,-1.959999999999809,40,166709.0,,
23645.0,-2.040000000000191,44,166913.0,,
23650.0,-1.9699999999998,40,167110.0,,
23655.0,-1.8800000000001091,40,167298.0,,
23660.0,-2.0299999999999727,41,167501.0,,
23665.0,-2.1400000000001,44,167715.0,,
23670.0,-2.0,40,167915.0,,
23675.0,-1.8299999999999272,40,168098.0,,
23680.0,-1.009999999999991,38,168199.0,,
23685.0,-2.0,41,168399.0,,
23690.0,-2.1299999999998818,43,168612.0,,
23695.0,-2.2100000000000364,46,168833.0,,
23700.0,-2.3600000000001273,48,169069.0,,
23705.0,-2.5599999999999454,52,169325.0,,
23710.0,-2.0299999999999727,47,169528.0,,
23715.0,-1.3199999999999363,42,169660.0,,
23720.0,-1.290000000000191,40,169789.0,,
23725.0,-1.459999999999809,39,169935.0,,
23730.0,-2.1000000000001364,45,170145.0,,
23735.0,-2.4199999999998454,51,170387.0,,
23740.0,-2.550000000000182,51,170642.0,,
23745.0,-2.019999999999982,48,170844.0,,
23750.0,-1.259999999999991,40,170970.0,,
23755.0,-1.2300000000000182,38,171093.0,,
23760.0,-1.5299999999999727,38,171246.0,,
23765.0,-1.8299999999999272,38,171429.0,,
23770.0,-1.9300000000000637,40,171622.0,,
23775.0,-2.0,40,171822.0,,
23780.0,-1.8999999999998636,40,172012.0,,
23785.0,-1.9400000000000546,40,172206.0,,
23790.0,-2.0,40,172406.0,,
23795.0,-2.0,40,172606.0,,
23800.0,-2.0,40,172806.0,,
23805.0,-2.0,40,173006.0,,
23810.0,-2.1000000000001364,44,173216.0,,
23815.0,-2.0,41,173416.0,,
23820.0,-1.959999999999809,41,173612.0,,
23825.0,-2.050000000000182,41,173817.0,,
23830.0,-2.0499999999999545,41,174022.0,,
23835.0,-2.0499999999999545,41,174227.0,,
23840.0,-1.7899999999999636,40,174406.0,,
23845.0,-2.0599999999999454,42,174612.0,,
23850.0,-2.050000000000182,42,174817.0,,
23855.0,-2.1399999999998727,43,175031.0,,
23860.0,-0.4500000000000455,40,175076.0,,
23865.0,-1.7799999999999727,41,175254.0,,
23870.0,-1.9100000000000819,42,175445.0,,
23875.0,-2.1900000000000546,44,175664.0,,
23880.0,-1.8299999999999272,42,175847.0,,
23885.0,-1.599999999999909,42,176007.0,,
23890.0,-1.9400000000000546,40,176201.0,,
23895.0,-2.0799999999999272,45,176409.0,,
23900.0,-1.9600000000000364,42,176605.0,,
23905.0,-1.5900000000001455,38,176764.0,,
23910.0,-1.849999999999909,39,176949.0,,
23915.0,-2.1299999999998818,45,177162.0,,
23920.0,-2.3900000000001,51,177401.0,,
23925.0,-2.130000000000109,45,177614.0,,
23930.0,-1.599999999999909,40,177774.0,,
23935.0,-1.75,41,177949.0,,
23940.0,-2.25,47,178174.0,,
23945.0,-1.990000000000009,45,178373.0,,
23950.0,-1.4700000000000273,39,178520.0,,
23955.0,-1.490000000000009,41,178669.0,,
23960.0,-1.9600000000000364,40,178865.0,,
23965.0,-2.1099999999999,45,179076.0,,
23970.0,-1.990000000000009,43,179275.0,,
23975.0,-1.5799999999999272,38,179433.0,,
23980.0,-1.6900000000000546,38,179602.0,,
23985.0,-1.9100000000000819,39,179793.0,,
23990.0,-2.099999999999909,43,180003.0,,
23995.0,-2.0399999999999636,42,180207.0,,
24000.0,-1.7999999999999545,40,180387.0,,
24005.0,-1.9300000000000637,40,180580.0,,
24010.0,-2.0,40,180780.0,,
24015.0,-2.0,40,180980.0,,
24020.0,-2.0,40,181180.0,,
24025.0,-2.1000000000001364,44,181390.0,,
24030.0,-1.990000000000009,40,181589.0,,
24035.0,-1.9099999999998545,40,181780.0,,
24040.0,-2.0,40,181980.0,,
24045.0,-0.9100000000000819,40,182071.0,,
24050.0,-2.0499999999999545,41,182276.0,,
24055.0,-2.099999999999909,44,182486.0,,
24060.0,-2.25,45,182711.0,,
24065.0,-1.9300000000000637,45,182904.0,,
24070.0,-1.6000000000001364,41,183064.0,,
24075.0,-1.75,41,183239.0,,
24080.0,-2.199999999999818,46,183459.0,,
24085.0,-2.0800000000001546,45,183667.0,,
24090.0,-1.6399999999998727,39,183831.0,,
24095.0,-1.7200000000000273,39,184003.0,,
24100.0,-1.9700000000000273,42,184200.0,,
24105.0,-1.6400000000001,39,184364.0,,
24110.0,-1.9199999999998454,42,184556.0,,
24115.0,-1.8800000000001091,39,184744.0,,
24120.0,-1.759999999999991,38,184920.0,,
24125.0,-1.8899999999998727,38,185109.0,,
24130.0,-1.900000000000091,38,185299.0,,
24135.0,-1.9300000000000637,40,185492.0,,
24140.0,-2.019999999999982,41,185694.0,,
24145.0,-2.0399999999999636,41,185898.0,,
24150.0,-1.75,40,186073.0,,
24155.0,-2.019999999999982,42,186275.0,,
24160.0,-1.9400000000000546,43,186469.0,,
24165.0,-2.1799999999998363,45,186687.0,,
24170.0,-1.900000000000091,41,186877.0,,
24175.0,-1.6100000000001273,42,187038.0,,
24180.0,-1.9199999999998454,40,187230.0,,
24185.0,-2.0900000000001455,45,187439.0,,
24190.0,-1.990000000000009,43,187638.0,,
24195.0,-1.5899999999999181,38,187797.0,,
24200.0,-1.849999999999909,40,187982.0,,
24205.0,-2.1800000000000637,46,188200.0,,
24210.0,-2.150000000000091,46,188415.0,,
24215.0,-1.6299999999998818,40,188578.0,,
24220.0,-1.7200000000000273,39,188750.0,,
24225.0,-2.150000000000091,45,188965.0,,
24230.0,-2.099999999999909,45,189175.0,,
24235.0,-1.5299999999999727,39,189328.0,,
24240.0,-1.9600000000000364,41,189524.0,,
24245.0,-2.160000000000082,45,189740.0,,
24250.0,-2.019999999999982,46,189942.0,,
24255.0,-1.4299999999998363,38,190085.0,,
24260.0,-1.6400000000001,38,190249.0,,
24265.0,-1.7999999999999545,38,190429.0,,
24270.0,-1.9200000000000728,39,190621.0,,
24275.0,-2.0699999999999363,42,190828.0,,
24280.0,-2.1900000000000546,46,191047.0,,
24285.0,-2.009999999999991,42,191248.0,,
24290.0,-1.7200000000000273,40,191420.0,,
24295.0,-1.6099999999999,39,191581.0,,
24300.0,-2.0599999999999454,42,191787.0,,
24305.0,-1.900000000000091,40,191977.0,,
24310.0,-1.6700000000000728,38,192144.0,,
24315.0,-1.9099999999998545,39,192335.0,,
24320.0,-2.050000000000182,42,192540.0,,
24325.0,-1.949999999999818,40,192735.0,,
24330.0,-1.740000000000009,38,192909.0,,
24335.0,-1.9400000000000546,40,193103.0,,
24340.0,-2.1200000000001182,44,193315.0,,
24345.0,-2.2799999999999727,47,193543.0,,
24350.0,-2.4099999999998545,50,193784.0,,
24355.0,-2.1000000000001364,48,193994.0,,
24360.0,-1.599999999999909,43,194154.0,,
24365.0,-1.8400000000001455,41,194338.0,,
24370.0,-2.2799999999999727,49,194566.0,,
24375.0,-2.0,47,194766.0,,
24380.0,-1.449999999999818,41,194911.0,,
24385.0,-1.3500000000001364,39,195046.0,,
24390.0,-1.6700000000000728,40,195213.0,,
24395.0,-2.1399999999998727,46,195427.0,,
24400.0,-2.009999999999991,43,195628.0,,
24405.0,-1.5899999999999181,39,195787.0,,
24410.0,-1.650000000000091,38,195952.0,,
24415.0,-1.9400000000000546,40,196146.0,,
24420.0,-2.119999999999891,44,196358.0,,
24425.0,-2.0700000000001637,45,196565.0,,
24430.0,-1.75,40,196740.0,,
24435.0,-1.8699999999998909,40,196927.0,,
24440.0,-1.9100000000000819,40,197118.0,,
24445.0,-2.0399999999999636,42,197322.0,,
24450.0,-2.230000000000018,45,197545.0,,
24455.0,-2.3099999999999454,48,197776.0,,
24460.0,-2.0599999999999454,44,197982.0,,
24465.0,-1.6600000000000819,42,198148.0,,
24470.0,-1.9700000000000273,44,198345.0,,
24475.0,-2.2899999999999636,47,198574.0,,
24480.0,-2.089999999999918,45,198783.0,,
24485.0,-1.6600000000000819,40,198949.0,,
24490.0,-2.0699999999999363,43,199156.0,,
24495.0,-2.3200000000001637,50,199388.0,,
24500.0,-2.259999999999991,49,199614.0,,
24505.0,-1.7299999999997908,43,199787.0,,
24510.0,-1.800000000000182,42,199967.0,,
24515.0,-0.2300000000000182,41,199990.0,,
24520.0,-1.7799999999999727,45,200168.0,,
24525.0,-2.3799999999998818,49,200406.0,,
24530.0,-2.5299999999999727,51,200659.0,,
24535.0,-2.050000000000182,48,200864.0,,
24540.0,-1.349999999999909,39,200999.0,,
24545.0,-1.0699999999999363,38,201106.0,,
24550.0,-1.6000000000001364,38,201266.0,,
24555.0,-1.8299999999999272,38,201449.0,,
24560.0,-1.9500000000000455,41,201644.0,,
24565.0,-2.089999999999918,42,201853.0,,
24570.0,-2.019999999999982,42,202055.0,,
24575.0,-1.7699999999999818,40,202232.0,,
24580.0,-1.7999999999999545,42,202412.0,,
24585.0,-2.1700000000000728,44,202629.0,,
24590.0,-1.900000000000091,42,202819.0,,
24595.0,-1.5899999999999181,38,202978.0,,
24600.0,-1.8099999999999454,38,203159.0,,
24605.0,-1.9200000000000728,39,203351.0,,
24610.0,-2.0699999999999363,43,203558.0,,
24615.0,-1.9100000000000819,38,203749.0,,
24620.0,-1.7000000000000455,38,203919.0,,
24625.0,-1.8999999999998636,38,204109.0,,
24630.0,-1.9500000000000455,40,204304.0,,
24635.0,-2.0799999999999272,42,204512.0,,
24640.0,-1.8700000000001182,40,204699.0,,
24645.0,-1.8999999999998636,41,204889.0,,
24650.0,-1.9700000000002547,41,205086.0,,
24655.0,-2.230000000000018,45,205309.0,,
24660.0,-1.9800000000000182,40,205507.0,,
24665.0,-1.7699999999999818,40,205684.0,,
24670.0,-2.049999999999727,42,205889.0,,
24675.0,-2.1700000000000728,45,206106.0,,
24680.0,-2.019999999999982,42,206308.0,,
24685.0,-1.800000000000182,40,206488.0,,
24690.0,-2.069999999999709,43,206695.0,,
24695.0,-2.3200000000001637,48,206927.0,,
24700.0,-2.0700000000001637,43,207134.0,,
24705.0,-1.6900000000000546,40,207303.0,,
24710.0,-1.8899999999998727,43,207492.0,,
24715.0,-2.319999999999709,49,207724.0,,
24720.0,-2.2200000000002547,46,207946.0,,
24725.0,-1.7599999999997635,42,208122.0,,
24730.0,-0.22000000000025466,39,208144.0,,
24735.0,-1.7300000000000182,44,208317.0,,
24740.0,-2.3299999999999272,48,208550.0,,
24745.0,-2.4600000000000364,50,208796.0,,
24750.0,-2.0399999999999636,47,209000.0,,
24755.0,-1.1799999999998363,39,209118.0,,
24760.0,-1.8600000000001273,40,209304.0,,
24765.0,-2.1399999999998727,44,209518.0,,
24770.0,-1.8900000000003274,44,209707.0,,
24775.0,-1.319999999999709,38,209839.0,,
24780.0,-1.900000000000091,38,210029.0,,
24785.0,-2.119999999999891,46,210241.0,,
24790.0,-2.150000000000091,47,210456.0,,
24795.0,-1.7100000000000364,40,210627.0,,
24800.0,-1.6100000000001273,40,210788.0,,
24805.0,-2.150000000000091,44,211003.0,,
24810.0,-2.419999999999618,51,211245.0,,
24815.0,-2.6100000000001273,53,211506.0,,
24820.0,-2.1399999999998727,48,211720.0,,
24825.0,-1.4800000000000182,44,211868.0,,
24830.0,-1.080000000000382,39,211976.0,,
24835.0,-1.4799999999995634,39,212124.0,,
24840.0,-1.75,39,212299.0,,
24845.0,-1.9500000000002728,39,212494.0,,
24850.0,-1.650000000000091,38,212659.0,,
24855.0,-1.9299999999998363,40,212852.0,,
24860.0,-2.0100000000002183,40,213053.0,,
24865.0,-1.9899999999997817,40,213252.0,,
24870.0,-2.0,40,213452.0,,
24875.0,-2.0,40,213652.0,,
24880.0,-2.0799999999999272,43,213860.0,,
24885.0,-1.9900000000002365,40,214059.0,,
24890.0,-1.9299999999998363,40,214252.0,,
24895.0,-2.0599999999999454,42,214458.0,,
24900.0,-2.1900000000000546,46,214677.0,,
24905.0,-1.9900000000002365,40,214876.0,,
24910.0,-1.7599999999997635,40,215052.0,,
24915.0,-0.8299999999999272,41,215135.0,,
24920.0,-2.1700000000000728,45,215352.0,,
24925.0,-2.269999999999982,46,215579.0,,
24930.0,-2.480000000000018,51,215827.0,,
24935.0,-2.0599999999999454,47,216033.0,,
24940.0,-1.430000000000291,40,216176.0,,
24945.0,-1.5399999999999636,41,216330.0,,
24950.0,-2.169999999999618,45,216547.0,,
24955.0,-2.4200000000000728,51,216789.0,,
24960.0,-2.650000000000091,54,217054.0,,
24965.0,-2.0300000000002,51,217257.0,,
24970.0,-1.349999999999909,43,217392.0,,
24975.0,-1.0599999999999454,39,217498.0,,
24980.0,-1.3699999999998909,39,217635.0,,
24985.0,-1.75,39,217810.0,,
24990.0,-1.7000000000002728,39,217980.0,,
24995.0,-2.0599999999999454,42,218186.0,,
25000.0,-1.8799999999996544,41,218374.0,,
25005.0,-2.0200000000004366,43,218576.0,,
25010.0,-1.9799999999995634,43,218774.0,,
25015.0,-2.2200000000002547,49,218996.0,,
25020.0,-2.230000000000018,45,219219.0,,
25025.0,-1.8299999999999272,44,219402.0,,
25030.0,193.8499999999999,43,200017.0,,
25035.0,361.01,35,163916.0,,
25040.0,411.74,32,122742.0,,
25045.0,307.47,27,91995.0,,
25050.0,253.5,25,66645.0,,
25055.0,43.48000000000002,26,62297.0,,
25060.0,0.05000000000006821,29,62292.0,,
25065.0,86.32999999999993,36,53659.0,,
25070.0,205.88000000000005,34,33071.0,,
25075.0,200.84999999999997,38,12986.0,,
25080.0,118.9,36,1096.0,,
25085.0,-0.7299999999999986,38,1169.0,,
25090.0,0.1999999999999993,38,1149.0,,
25095.0,-1.129999999999999,33,1262.0,,
25100.0,-1.2300000000000004,30,1385.0,,
25105.0,-1.2800000000000011,33,1513.0,,
25110.0,-1.7799999999999994,41,1691.0,,
25115.0,-0.9699999999999989,46,1788.0,,
25120.0,-0.16000000000000014,51,1804.0,,
25125.0,-1.8500000000000014,48,1989.0,,
25130.0,-2.030000000000001,45,2192.0,,
25135.0,-1.9399999999999977,45,2386.0,,
25140.0,-0.6000000000000014,48,2446.0,,
25145.0,0.870000000000001,51,2359.0,,
25150.0,-1.9499999999999993,55,2554.0,,
25155.0,-2.59,64,2813.0,,
25160.0,-3.0700000000000003,68,3120.0,,
25165.0,-3.2500000000000036,68,3445.0,,
25170.0,-1.4799999999999969,65,3593.0,,
25175.0,0.35999999999999943,60,3557.0,,
25180.0,-2.780000000000001,57,3835.0,,
25185.0,-2.4099999999999966,53,4076.0,,
25190.0,-2.210000000000001,52,4297.0,,
25195.0,-1.1200000000000045,59,4409.0,,
25200.0,-0.09999999999999432,59,4419.0,,
25205.0,-2.8800000000000026,65,4707.0,,
25210.0,-3.1199999999999974,73,5019.0,,
25215.0,-3.3400000000000034,76,5353.0,,
25220.0,-3.6499999999999986,76,5718.0,,
25225.0,-3.6600000000000037,77,6084.0,,
25230.0,-1.3999999999999986,77,6224.0,,
25235.0,2.25,72,5999.0,,
25240.0,-3.3500000000000014,68,6334.0,,
25245.0,-2.9399999999999977,60,6628.0,,
25250.0,-0.8299999999999983,57,6711.0,,
25255.0,0.45000000000000284,58,6666.0,,
25260.0,-2.8299999999999983,65,6949.0,,
25265.0,-3.1700000000000017,76,7266.0,,
25270.0,-3.6300000000000097,84,7629.0,,
25275.0,-4.109999999999999,88,8040.0,,
25280.0,-4.289999999999992,88,8469.0,,
25285.0,-2.3900000000000006,86,8708.0,,
25290.0,-1.0100000000000051,84,8809.0,,
25295.0,-3.239999999999995,81,9133.0,,
25300.0,-3.799999999999997,83,9513.0,,
25305.0,-3.980000000000004,87,9911.0,,
25310.0,-4.310000000000002,90,10342.0,,
25315.0,1.1000000000000085,86,10232.0,,
25320.0,6.219999999999999,83,9610.0,,
25325.0,2.0799999999999983,79,9402.0,,
25330.0,3.509999999999991,74,9051.0,,
25335.0,0.3299999999999983,72,9018.0,,
25340.0,-2.8299999999999983,74,9301.0,,
25345.0,-2.7099999999999937,78,9572.0,,
25350.0,-1.5600000000000023,76,9728.0,,
25355.0,0.4200000000000017,74,9686.0,,
25360.0,-2.680000000000007,81,9954.0,,
25365.0,-3.2099999999999937,83,10275.0,,
25370.0,-3.3700000000000045,91,10612.0,,
25375.0,-3.8699999999999903,93,10999.0,,
25380.0,-2.490000000000009,90,11248.0,,
25385.0,-1.039999999999992,88,11352.0,,
25390.0,-3.8599999999999994,82,11738.0,,
25395.0,-3.3900000000000006,85,12077.0,,
25400.0,-3.8100000000000023,89,12458.0,,
25405.0,-4.489999999999995,96,12907.0,,
25410.0,-2.8100000000000023,91,13188.0,,
25415.0,-1.259999999999991,88,13314.0,,
25420.0,2.1699999999999875,86,13097.0,,
25425.0,7.75,85,12322.0,,
25430.0,-1.0700000000000074,86,12429.0,,
25435.0,-3.6999999999999886,88,12799.0,,
25440.0,-3.4599999999999937,86,13145.0,,
25445.0,-3.700000000000017,87,13515.0,,
25450.0,-3.6200000000000045,87,13877.0,,
25455.0,-2.4499999999999886,90,14122.0,,
25460.0,-1.2199999999999989,90,14244.0,,
25465.0,-2.640000000000015,86,14508.0,,
25470.0,-3.4899999999999807,84,14857.0,,
25475.0,-3.4099999999999966,89,15198.0,,
25480.0,1.8499999999999943,90,15013.0,,
25485.0,8.090000000000003,86,14204.0,,
25490.0,-0.7800000000000011,82,14282.0,,
25495.0,-3.469999999999999,76,14629.0,,
25500.0,-1.6299999999999955,72,14792.0,,
25505.0,-0.4200000000000159,76,14834.0,,
25510.0,-2.8700000000000045,76,15121.0,,
25515.0,-3.4799999999999898,84,15469.0,,
25520.0,-4.1200000000000045,91,15881.0,,
25525.0,-4.47999999999999,96,16329.0,,
25530.0,-3.0700000000000216,92,16636.0,,
25535.0,-1.4699999999999989,87,16783.0,,
25540.0,4.430000000000007,86,16340.0,,
25545.0,9.51000000000002,86,15389.0,,
25550.0,2.289999999999992,86,15160.0,,
25555.0,-3.4000000000000057,85,15500.0,,
25560.0,-3.3100000000000023,81,15831.0,,
25565.0,-3.3799999999999955,80,16169.0,,
25570.0,-3.2700000000000102,82,16496.0,,
25575.0,-2.3499999999999943,85,16731.0,,
25580.0,-1.460000000000008,87,16877.0,,
25585.0,3.3000000000000114,85,16547.0,,
25590.0,8.039999999999992,87,15743.0,,
25595.0,-0.7800000000000011,84,15821.0,,
25600.0,-2.9899999999999807,82,16120.0,,
25605.0,-2.730000000000018,85,16393.0,,
25610.0,-3.4099999999999966,84,16734.0,,
25615.0,-3.7299999999999898,85,17107.0,,
25620.0,-2.5999999999999943,90,17367.0,,
25625.0,-1.6500000000000057,92,17532.0,,
25630.0,2.269999999999982,86,17305.0,,
25635.0,6.75,88,16630.0,,
25640.0,-3.8899999999999864,91,17019.0,,
25645.0,-3.3100000000000023,84,17350.0,,
25650.0,-2.8100000000000023,85,17631.0,,
25655.0,-3.210000000000008,84,17952.0,,
25660.0,-3.6299999999999955,87,18315.0,,
25665.0,-2.539999999999992,90,18569.0,,
25670.0,-0.9000000000000057,90,18659.0,,
25675.0,1.3199999999999932,87,18527.0,,
25680.0,6.2900000000000205,88,17898.0,,
25685.0,0.9899999999999807,89,17799.0,,
25690.0,-3.1399999999999864,84,18113.0,,
25695.0,-2.6500000000000057,84,18378.0,,
25700.0,-3.259999999999991,80,18704.0,,
25705.0,-3.2600000000000193,82,19030.0,,
25710.0,-2.219999999999999,86,19252.0,,
25715.0,-0.2599999999999909,86,19278.0,,
25720.0,1.0200000000000102,83,19176.0,,
25725.0,6.469999999999999,86,18529.0,,
25730.0,-3.75,85,18904.0,,
25735.0,-3.140000000000015,83,19218.0,,
25740.0,-2.6200000000000045,80,19480.0,,
25745.0,-3.359999999999985,83,19816.0,,
25750.0,-3.4000000000000057,84,20156.0,,
25755.0,-2.5,89,20406.0,,
25760.0,-1.1800000000000068,86,20524.0,,
25765.0,-2.4599999999999795,87,20770.0,,
25770.0,-3.5100000000000193,85,21121.0,,
25775.0,-3.509999999999991,88,21472.0,,
25780.0,-3.930000000000007,89,21865.0,,
25785.0,0.6599999999999966,87,21799.0,,
25790.0,2.210000000000008,83,21578.0,,
25795.0,9.710000000000008,79,20607.0,,
25800.0,26.129999999999995,74,17994.0,,
25805.0,2.7299999999999898,70,17721.0,,
25810.0,-2.829999999999984,73,18004.0,,
25815.0,-2.7700000000000102,79,18281.0,,
25820.0,-1.6699999999999875,77,18448.0,,
25825.0,0.1799999999999784,75,18430.0,,
25830.0,-3.4799999999999898,81,18778.0,,
25835.0,-3.4399999999999977,89,19122.0,,
25840.0,-3.539999999999992,92,19476.0,,
25845.0,-4.02000000000001,96,19878.0,,
25850.0,-2.460000000000008,93,20124.0,,
25855.0,-0.9599999999999795,91,20220.0,,
25860.0,-0.0700000000000216,89,20227.0,,
25865.0,3.530000000000001,89,19874.0,,
25870.0,-0.09000000000000341,88,19883.0,,
25875.0,-3.039999999999992,87,20187.0,,
25880.0,-3.469999999999999,86,20534.0,,
25885.0,-3.6299999999999955,86,20897.0,,
25890.0,-1.9699999999999989,82,21094.0,,
25895.0,-0.5800000000000125,88,21152.0,,
25900.0,0.05000000000001137,83,21147.0,,
25905.0,5.039999999999992,85,20643.0,,
25910.0,-3.799999999999983,88,21023.0,,
25915.0,-3.240000000000009,87,21347.0,,
25920.0,-2.7700000000000102,86,21624.0,,
25925.0,-3.2399999999999807,87,21948.0,,
25930.0,-1.9099999999999966,84,22139.0,,
25935.0,-0.5600000000000023,85,22195.0,,
25940.0,0.4299999999999784,80,22152.0,,
25945.0,3.0100000000000193,82,21851.0,,
25950.0,-3.460000000000008,86,22197.0,,
25955.0,-2.9199999999999875,84,22489.0,,
25960.0,-3.210000000000008,90,22810.0,,
25965.0,10.5,84,21760.0,,
25970.0,24.669999999999987,81,19293.0,,
25975.0,5.340000000000003,75,18759.0,,
25980.0,0.12000000000000455,74,18747.0,,
25985.0,-2.3000000000000114,72,18977.0,,
25990.0,-2.2099999999999795,75,19198.0,,
25995.0,-2.420000000000016,85,19440.0,,
26000.0,-3.4499999999999886,88,19785.0,,
26005.0,-2.1100000000000136,88,19996.0,,
26010.0,-1.0,83,20096.0,,
26015.0,0.4900000000000091,85,20047.0,,
26020.0,4.25,86,19622.0,,
26025.0,-1.460000000000008,85,19768.0,,
26030.0,-2.6699999999999875,85,20035.0,,
26035.0,-2.700000000000017,87,20305.0,,
26040.0,-3.4399999999999977,87,20649.0,,
26045.0,-2.0999999999999943,84,20859.0,,
26050.0,-0.7800000000000011,83,20937.0,,
26055.0,1.0,84,20837.0,,
26060.0,5.150000000000006,83,20322.0,,
26065.0,-3.3700000000000045,81,20659.0,,
26070.0,-2.9199999999999875,83,20951.0,,
26075.0,-2.730000000000018,87,21224.0,,
26080.0,-3.3899999999999864,86,21563.0,,
26085.0,-1.8499999999999943,82,21748.0,,
26090.0,-0.8400000000000034,83,21832.0,,
26095.0,0.46999999999999886,79,21785.0,,
26100.0,2.789999999999992,77,21506.0,,
26105.0,-1.6099999999999852,78,21667.0,,
26110.0,-2.7600000000000193,80,21943.0,,
26115.0,-2.6899999999999977,88,22212.0,,
26120.0,-3.0600000000000023,86,22518.0,,
26125.0,-2.1999999999999886,81,22738.0,,
26130.0,-0.8499999999999943,80,22823.0,,
26135.0,0.0,78,22823.0,,
26140.0,2.1699999999999875,76,22606.0,,
26145.0,-3.1899999999999977,81,22925.0,,
26150.0,-2.990000000000009,84,23224.0,,
26155.0,-2.819999999999993,87,23506.0,,
26160.0,-3.1299999999999955,84,23819.0,,
26165.0,-2.0,80,24019.0,,
26170.0,-0.710000000000008,77,24090.0,,
26175.0,-3.299999999999983,76,24420.0,,
26180.0,-2.960000000000008,75,24716.0,,
26185.0,-2.930000000000007,79,25009.0,,
26190.0,-3.3499999999999943,82,25344.0,,
26195.0,-3.7800000000000296,85,25722.0,,
26200.0,-2.409999999999968,85,25963.0,,
26205.0,-0.9800000000000182,80,26061.0,,
26210.0,-2.930000000000007,78,26354.0,,
26215.0,-3.659999999999968,79,26720.0,,
26220.0,-3.740000000000009,81,27094.0,,
26225.0,-4.050000000000011,85,27499.0,,
26230.0,-4.170000000000016,88,27916.0,,
26235.0,-2.769999999999982,89,28193.0,,
26240.0,-1.4099999999999682,85,28334.0,,
26245.0,0.4199999999999591,83,28292.0,,
26250.0,4.160000000000025,85,27876.0,,
26255.0,-3.8700000000000045,84,28263.0,,
26260.0,-3.420000000000016,82,28605.0,,
26265.0,-3.5,89,28955.0,,
26270.0,-3.5299999999999727,88,29308.0,,
26275.0,-2.5200000000000387,87,29560.0,,
26280.0,-1.1399999999999864,83,29674.0,,
26285.0,0.6000000000000227,80,29614.0,,
26290.0,3.769999999999982,80,29237.0,,
26295.0,-3.4599999999999795,82,29583.0,,
26300.0,-2.920000000000016,84,29875.0,,
26305.0,-2.579999999999984,87,30133.0,,
26310.0,-3.3500000000000227,85,30468.0,,
26315.0,-2.089999999999975,83,30677.0,,
26320.0,-1.150000000000034,81,30792.0,,
26325.0,0.009999999999990905,81,30791.0,,
26330.0,3.340000000000032,82,30457.0,,
26335.0,-3.319999999999993,84,30789.0,,
26340.0,-2.7800000000000296,84,31067.0,,
26345.0,-2.8100000000000023,89,31348.0,,
26350.0,-3.159999999999968,86,31664.0,,
26355.0,-2.0500000000000114,84,31869.0,,
26360.0,-1.0,80,31969.0,,
26365.0,-1.8799999999999955,77,32157.0,,
26370.0,-2.910000000000025,79,32448.0,,
26375.0,-2.849999999999966,79,32733.0,,
26380.0,-3.430000000000007,85,33076.0,,
26385.0,0.2300000000000182,82,33053.0,,
26390.0,3.769999999999982,81,32676.0,,
26395.0,19.689999999999998,75,30707.0,,
26400.0,39.51999999999998,71,26755.0,,
26405.0,18.52000000000001,71,24903.0,,
26410.0,-2.8799999999999955,73,25191.0,,
26415.0,-2.780000000000001,79,25469.0,,
26420.0,-1.6100000000000136,76,25630.0,,
26425.0,0.4399999999999977,73,25586.0,,
26430.0,-1.490000000000009,73,25735.0,,
26435.0,-2.9499999999999886,77,26030.0,,
26440.0,-2.8999999999999773,82,26320.0,,
26445.0,-3.480000000000018,85,26668.0,,
26450.0,-3.8100000000000023,92,27049.0,,
26455.0,-2.4399999999999977,88,27293.0,,
26460.0,-0.7900000000000205,87,27372.0,,
26465.0,-3.9499999999999886,84,27767.0,,
26470.0,-3.769999999999982,85,28144.0,,
26475.0,-3.920000000000016,88,28536.0,,
26480.0,-4.180000000000007,90,28954.0,,
26485.0,-4.4599999999999795,96,29400.0,,
26490.0,-2.7799999999999727,93,29678.0,,
26495.0,-0.19000000000005457,90,29697.0,,
26500.0,1.1200000000000045,87,29585.0,,
26505.0,5.3799999999999955,85,29047.0,,
26510.0,21.970000000000027,84,26850.0,,
26515.0,39.75,84,22875.0,,
26520.0,7.3799999999999955,83,22137.0,,
26525.0,-2.7299999999999898,75,22410.0,,
26530.0,-2.25,76,22635.0,,
26535.0,-1.9099999999999966,77,22826.0,,
26540.0,-0.21999999999999886,74,22848.0,,
26545.0,-3.210000000000008,77,23169.0,,
26550.0,-2.5200000000000102,82,23421.0,,
26555.0,-2.9399999999999977,89,23715.0,,
26560.0,0.5300000000000011,91,23662.0,,
26565.0,4.560000000000002,87,23206.0,,
26570.0,-1.829999999999984,85,23389.0,,
26575.0,-2.8500000000000227,79,23674.0,,
26580.0,-2.25,79,23899.0,,
26585.0,-1.7099999999999795,77,24070.0,,
26590.0,-0.21999999999999886,82,24092.0,,
26595.0,-3.5700000000000216,83,24449.0,,
26600.0,-3.780000000000001,84,24827.0,,
26605.0,-3.769999999999982,87,25204.0,,
26610.0,-4.260000000000019,93,25630.0,,
26615.0,-4.529999999999973,94,26083.0,,
26620.0,-2.580000000000041,93,26341.0,,
26625.0,-0.7599999999999909,90,26417.0,,
26630.0,-3.3100000000000023,89,26748.0,,
26635.0,-3.9699999999999704,85,27145.0,,
26640.0,-4.1200000000000045,91,27557.0,,
26645.0,-4.4599999999999795,93,28003.0,,
26650.0,-4.650000000000034,97,28468.0,,
26655.0,-2.7799999999999727,95,28746.0,,
26660.0,-1.0400000000000205,91,28850.0,,
26665.0,2.8899999999999864,86,28561.0,,
26670.0,9.400000000000034,86,27621.0,,
26675.0,-1.650000000000034,86,27786.0,,
26680.0,-3.5500000000000114,85,28141.0,,
26685.0,-3.2899999999999636,87,28470.0,,
26690.0,-3.759999999999991,86,28846.0,,
26695.0,-2.160000000000025,85,29062.0,,
26700.0,-0.9300000000000068,86,29155.0,,
26705.0,1.6000000000000227,86,28995.0,,
26710.0,5.579999999999984,85,28437.0,,
26715.0,-1.1299999999999955,85,28550.0,,
26720.0,-3.1200000000000045,83,28862.0,,
26725.0,-3.0,87,29162.0,,
26730.0,-2.930000000000007,85,29455.0,,
26735.0,-2.3899999999999864,85,29694.0,,
26740.0,-1.2200000000000273,87,29816.0,,
26745.0,0.35000000000002274,86,29781.0,,
26750.0,4.28000000000003,87,29353.0,,
26755.0,-3.5600000000000023,86,29709.0,,
26760.0,-3.0500000000000114,87,30014.0,,
26765.0,-2.840000000000032,90,30298.0,,
26770.0,-3.25,87,30623.0,,
26775.0,21.52000000000004,87,28471.0,,
26780.0,44.079999999999984,85,24063.0,,
26785.0,-3.5500000000000114,79,24418.0,,
26790.0,-3.009999999999991,75,24719.0,,
26795.0,-1.3499999999999943,74,24854.0,,
26800.0,0.4399999999999977,75,24810.0,,
26805.0,-2.539999999999992,78,25064.0,,
26810.0,-3.2200000000000273,85,25386.0,,
26815.0,-3.409999999999968,94,25727.0,,
26820.0,-4.420000000000016,100,26169.0,,
26825.0,0.6499999999999773,93,26104.0,,
26830.0,6.730000000000018,90,25431.0,,
26835.0,-1.9300000000000068,83,25624.0,,
26840.0,0.8600000000000136,78,25538.0,,
26845.0,-2.269999999999982,76,25765.0,,
26850.0,-3.140000000000043,81,26079.0,,
26855.0,-3.319999999999993,90,26411.0,,
26860.0,-4.029999999999973,93,26814.0,,
26865.0,-3.840000000000032,93,27198.0,,
26870.0,-2.569999999999993,92,27455.0,,
26875.0,-0.9099999999999682,90,27546.0,,
26880.0,1.1499999999999773,88,27431.0,,
26885.0,4.730000000000018,89,26958.0,,
26890.0,-3.9700000000000273,90,27355.0,,
26895.0,-3.3600000000000136,88,27691.0,,
26900.0,-2.839999999999975,88,27975.0,,
26905.0,-3.3100000000000023,86,28306.0,,
26910.0,-2.0600000000000023,83,28512.0,,
26915.0,-0.6000000000000227,82,28572.0,,
26920.0,0.4300000000000068,85,28529.0,,
26925.0,3.680000000000007,83,28161.0,,
26930.0,-2.0,85,28361.0,,
26935.0,-3.099999999999966,85,28671.0,,
26940.0,-2.990000000000009,89,28970.0,,
26945.0,-3.2800000000000296,89,29298.0,,
26950.0,-1.7899999999999636,83,29477.0,,
26955.0,-0.7000000000000455,87,29547.0,,
26960.0,-0.3299999999999841,82,29580.0,,
26965.0,3.1100000000000136,83,29269.0,,
26970.0,-3.3999999999999773,84,29609.0,,
26975.0,-3.0100000000000477,83,29910.0,,
26980.0,-2.92999999999995,90,30203.0,,
26985.0,20.819999999999993,84,28121.0,,
26990.0,43.25999999999999,80,23795.0,,
26995.0,9.269999999999982,76,22868.0,,
27000.0,0.7700000000000102,71,22791.0,,
27005.0,-1.6200000000000045,69,22953.0,,
27010.0,-2.0999999999999943,77,23163.0,,
27015.0,-2.25,82,23388.0,,
27020.0,-3.3499999999999943,89,23723.0,,
27025.0,-2.1200000000000045,87,23935.0,,
27030.0,-1.2300000000000182,86,24058.0,,
27035.0,1.2199999999999989,84,23936.0,,
27040.0,4.260000000000019,82,23510.0,,
27045.0,-1.990000000000009,83,23709.0,,
27050.0,-2.539999999999992,80,23963.0,,
27055.0,-2.480000000000018,85,24211.0,,
27060.0,-3.1899999999999977,84,24530.0,,
27065.0,-2.089999999999975,83,24739.0,,
27070.0,-1.0600000000000023,82,24845.0,,
27075.0,0.4099999999999966,81,24804.0,,
27080.0,3.3499999999999943,81,24469.0,,
27085.0,-1.25,80,24594.0,,
27090.0,-2.969999999999999,83,24891.0,,
27095.0,-2.700000000000017,86,25161.0,,
27100.0,19.940000000000026,82,23167.0,,
27105.0,39.76999999999998,76,19190.0,,
27110.0,17.909999999999997,72,17399.0,,
27115.0,-2.1999999999999886,69,17619.0,,
27120.0,-1.1299999999999955,63,17732.0,,
27125.0,0.4399999999999977,66,17688.0,,
27130.0,-1.6599999999999966,69,17854.0,,
27135.0,-2.730000000000018,78,18127.0,,
27140.0,-0.13999999999998636,86,18141.0,,
27145.0,5.079999999999984,82,17633.0,,
27150.0,-1.9499999999999886,80,17828.0,,
27155.0,-2.8100000000000023,78,18109.0,,
27160.0,-1.789999999999992,80,18288.0,,
27165.0,-0.28999999999999204,79,18317.0,,
27170.0,-3.3400000000000034,79,18651.0,,
27175.0,-2.920000000000016,81,18943.0,,
27180.0,-3.1899999999999977,85,19262.0,,
27185.0,-0.5,84,19312.0,,
27190.0,4.439999999999998,81,18868.0,,
27195.0,18.680000000000007,78,17000.0,,
27200.0,24.849999999999994,76,14515.0,,
27205.0,-3.280000000000001,78,14843.0,,
27210.0,-2.769999999999982,80,15120.0,,
27215.0,-1.1300000000000239,75,15233.0,,
27220.0,0.6800000000000068,74,15165.0,,
27225.0,-2.9000000000000057,70,15455.0,,
27230.0,-2.5,75,15705.0,,
27235.0,-2.579999999999984,81,15963.0,,
27240.0,-1.8700000000000045,83,16150.0,,
27245.0,-0.1699999999999875,83,16167.0,,
27250.0,0.3299999999999841,81,16134.0,,
27255.0,2.990000000000009,78,15835.0,,
27260.0,-0.18999999999999773,80,15854.0,,
27265.0,-2.8300000000000125,83,16137.0,,
27270.0,11.52000000000001,85,14985.0,,
27275.0,24.97,76,12488.0,,
27280.0,3.75,74,12113.0,,
27285.0,-2.210000000000008,71,12334.0,,
27290.0,-0.3400000000000034,67,12368.0,,
27295.0,2.0400000000000063,67,12164.0,,
27300.0,-2.549999999999997,67,12419.0,,
27305.0,-1.8400000000000034,75,12603.0,,
27310.0,0.01999999999999602,74,12601.0,,
27315.0,4.25,78,12176.0,,
27320.0,10.370000000000005,76,11139.0,,
27325.0,24.239999999999995,78,8715.0,,
27330.0,-3.089999999999989,78,9024.0,,
27335.0,-2.510000000000005,79,9275.0,,
27340.0,-0.6299999999999955,73,9338.0,,
27345.0,0.9399999999999977,67,9244.0,,
27350.0,-0.5799999999999983,65,9302.0,,
27355.0,-2.160000000000011,72,9518.0,,
27360.0,0.22000000000001307,74,9496.0,,
27365.0,2.469999999999999,75,9249.0,,
27370.0,6.280000000000001,72,8621.0,,
27375.0,10.379999999999995,76,7583.0,,
27380.0,-0.12000000000000455,78,7595.0,,
27385.0,-2.539999999999992,76,7849.0,,
27390.0,-0.9500000000000028,79,7944.0,,
27395.0,0.8499999999999943,71,7859.0,,
27400.0,-1.5499999999999972,71,8014.0,,
27405.0,-2.25,77,8239.0,,
27410.0,0.12999999999999545,76,8226.0,,
27415.0,2.230000000000004,75,8003.0,,
27420.0,2.0700000000000074,76,7796.0,,
27425.0,9.83999999999999,78,6812.0,,
27430.0,-1.5899999999999892,78,6971.0,,
27435.0,0.3999999999999915,81,6931.0,,
27440.0,-2.8400000000000034,79,7215.0,,
27445.0,-1.539999999999992,76,7369.0,,
27450.0,-1.5600000000000023,80,7525.0,,
27455.0,-2.239999999999995,83,7749.0,,
27460.0,-1.1300000000000097,84,7862.0,,
27465.0,-0.10999999999999943,81,7873.0,,
27470.0,1.2900000000000063,76,7744.0,,
27475.0,2.569999999999993,75,7487.0,,
27480.0,-2.769999999999996,76,7764.0,,
27485.0,-2.1400000000000006,84,7978.0,,
27490.0,-1.9599999999999937,88,8174.0,,
27495.0,0.0,81,8174.0,,
27500.0,-2.3400000000000034,74,8408.0,,
27505.0,-2.049999999999997,74,8613.0,,
27510.0,-0.3500000000000085,74,8648.0,,
27515.0,3.1300000000000097,75,8335.0,,
27520.0,-1.710000000000008,71,8506.0,,
27525.0,-1.75,73,8681.0,,
27530.0,-1.980000000000004,78,8879.0,,
27535.0,-0.789999999999992,75,8958.0,,
27540.0,-2.769999999999996,72,9235.0,,
27545.0,-2.3599999999999994,72,9471.0,,
27550.0,-2.3100000000000023,76,9702.0,,
27555.0,2.6499999999999915,74,9437.0,,
27560.0,8.980000000000004,71,8539.0,,
27565.0,0.7000000000000028,68,8469.0,,
27570.0,-2.269999999999996,64,8696.0,,
27575.0,-1.0600000000000023,59,8802.0,,
27580.0,0.9699999999999989,62,8705.0,,
27585.0,-2.710000000000008,69,8976.0,,
27590.0,-2.8599999999999994,75,9262.0,,
27595.0,-3.1499999999999915,81,9577.0,,
27600.0,-0.20000000000000284,80,9597.0,,
27605.0,2.489999999999995,82,9348.0,,
27610.0,3.0600000000000023,75,9042.0,,
27615.0,7.769999999999996,76,8265.0,,
27620.0,-0.75,79,8340.0,,
27625.0,-2.9099999999999966,78,8631.0,,
27630.0,-0.9899999999999949,72,8730.0,,
27635.0,0.7099999999999937,65,8659.0,,
27640.0,-2.6400000000000006,65,8923.0,,
27645.0,-2.5600000000000023,74,9179.0,,
27650.0,-2.6499999999999915,79,9444.0,,
27655.0,-1.8799999999999955,79,9632.0,,
27660.0,-0.28000000000000114,79,9660.0,,
27665.0,-0.14000000000000057,76,9674.0,,
27670.0,2.8799999999999955,77,9386.0,,
27675.0,-1.5900000000000034,82,9545.0,,
27680.0,-2.8699999999999903,84,9832.0,,
27685.0,-1.980000000000004,86,10030.0,,
27690.0,-0.2400000000000091,79,10054.0,,
27695.0,-3.029999999999987,74,10357.0,,
27700.0,-2.3400000000000034,73,10591.0,,
27705.0,-2.1599999999999966,77,10807.0,,
27710.0,-2.260000000000005,77,11033.0,,
27715.0,-1.2800000000000011,78,11161.0,,
27720.0,-0.29999999999999716,79,11191.0,,
27725.0,2.6799999999999926,80,10923.0,,
27730.0,-1.6099999999999994,79,11084.0,,
27735.0,-2.7299999999999898,83,11357.0,,
27740.0,3.259999999999991,81,11031.0,,
27745.0,13.350000000000009,74,9696.0,,
27750.0,0.5799999999999983,68,9638.0,,
27755.0,-1.7600000000000051,62,9814.0,,
27760.0,-0.8199999999999932,59,9896.0,,
27765.0,0.3399999999999892,57,9862.0,,
27770.0,-2.319999999999993,64,10094.0,,
27775.0,-1.9399999999999977,71,10288.0,,
27780.0,0.39000000000000057,75,10249.0,,
27785.0,2.3900000000000006,76,10010.0,,
27790.0,-2.0400000000000063,74,10214.0,,
27795.0,-0.6200000000000045,76,10276.0,,
27800.0,-2.7099999999999937,83,10547.0,,
27805.0,-2.3900000000000006,85,10786.0,,
27810.0,-0.8100000000000023,81,10867.0,,
27815.0,3.489999999999995,72,10518.0,,
27820.0,4.610000000000014,66,10057.0,,
27825.0,11.419999999999987,69,8915.0,,
27830.0,-2.5999999999999943,71,9175.0,,
27835.0,-1.8199999999999932,70,9357.0,,
27840.0,-0.9900000000000091,65,9456.0,,
27845.0,0.29999999999999716,60,9426.0,,
27850.0,-1.0899999999999892,62,9535.0,,
27855.0,-1.8100000000000023,68,9716.0,,
27860.0,-1.8800000000000097,74,9904.0,,
27865.0,4.359999999999999,70,9468.0,,
27870.0,11.340000000000003,70,8334.0,,
27875.0,4.540000000000006,65,7880.0,,
27880.0,-1.8100000000000023,59,8061.0,,
27885.0,-0.7199999999999989,57,8133.0,,
27890.0,0.9599999999999937,59,8037.0,,
27895.0,-1.8100000000000023,63,8218.0,,
27900.0,-2.1099999999999994,69,8429.0,,
27905.0,0.22000000000001307,75,8407.0,,
27910.0,2.549999999999997,73,8152.0,,
27915.0,3.239999999999995,69,7828.0,,
27920.0,8.64,73,6964.0,,
27925.0,-3.019999999999996,74,7266.0,,
27930.0,-2.3500000000000085,75,7501.0,,
27935.0,-1.4099999999999966,73,7642.0,,
27940.0,0.4399999999999977,70,7598.0,,
27945.0,-2.839999999999989,68,7882.0,,
27950.0,-2.2900000000000063,74,8111.0,,
27955.0,-0.20000000000000284,73,8131.0,,
27960.0,3.480000000000004,73,7783.0,,
27965.0,2.6200000000000045,73,7521.0,,
27970.0,10.299999999999997,76,6491.0,,
27975.0,-3.1099999999999994,77,6802.0,,
27980.0,-2.4399999999999977,79,7046.0,,
27985.0,-0.9400000000000119,73,7140.0,,
27990.0,0.960000000000008,66,7044.0,,
27995.0,-1.0700000000000074,63,7151.0,,
28000.0,-2.0,73,7351.0,,
28005.0,-1.9399999999999977,80,7545.0,,
28010.0,2.0600000000000023,77,7339.0,,
28015.0,4.760000000000005,77,6863.0,,
28020.0,-3.1500000000000057,76,7178.0,,
28025.0,-2.3100000000000023,71,7409.0,,
28030.0,-0.539999999999992,65,7463.0,,
28035.0,1.0699999999999932,73,7356.0,,
28040.0,-1.1599999999999966,74,7472.0,,
28045.0,-2.719999999999999,77,7744.0,,
28050.0,0.3299999999999983,78,7711.0,,
28055.0,4.849999999999994,80,7226.0,,
28060.0,0.6000000000000085,72,7166.0,,
28065.0,4.390000000000001,78,6727.0,,
28070.0,-3.0900000000000034,78,7036.0,,
28075.0,-2.450000000000003,82,7281.0,,
28080.0,-1.5699999999999932,82,7438.0,,
28085.0,0.6799999999999926,74,7370.0,,
28090.0,-2.1299999999999955,71,7583.0,,
28095.0,-2.3700000000000045,74,7820.0,,
28100.0,-0.09000000000000341,78,7829.0,,
28105.0,2.8500000000000085,82,7544.0,,
28110.0,-0.12000000000000455,80,7556.0,,
28115.0,3.4399999999999977,82,7212.0,,
28120.0,-1.6899999999999977,84,7381.0,,
28125.0,-2.5,85,7631.0,,
28130.0,-1.4299999999999926,81,7774.0,,
28135.0,1.8699999999999903,73,7587.0,,
28140.0,-1.2099999999999937,72,7708.0,,
28145.0,-1.9399999999999977,78,7902.0,,
28150.0,-1.6200000000000045,81,8064.0,,
28155.0,-0.10999999999999943,80,8075.0,,
28160.0,5.290000000000006,79,7546.0,,
28165.0,0.0,77,7546.0,,
28170.0,0.6799999999999926,71,7478.0,,
28175.0,-0.539999999999992,71,7532.0,,
28180.0,-1.8000000000000114,80,7712.0,,
28185.0,-1.8299999999999983,84,7895.0,,
28190.0,-2.8699999999999903,88,8182.0,,
28195.0,-2.1200000000000045,86,8394.0,,
28200.0,-0.6899999999999977,86,8463.0,,
28205.0,0.5600000000000023,84,8407.0,,
28210.0,4.639999999999986,87,7943.0,,
28215.0,-1.5899999999999892,88,8102.0,,
28220.0,-3.1200000000000045,84,8414.0,,
28225.0,0.3200000000000074,84,8382.0,,
28230.0,3.6299999999999955,81,8019.0,,
28235.0,-1.4000000000000057,75,8159.0,,
28240.0,-2.5,74,8409.0,,
28245.0,-0.8400000000000034,69,8493.0,,
28250.0,0.480000000000004,74,8445.0,,
28255.0,-3.0600000000000023,78,8751.0,,
28260.0,-2.7099999999999937,83,9022.0,,
28265.0,0.5900000000000034,83,8963.0,,
28270.0,6.11999999999999,85,8351.0,,
28275.0,2.510000000000005,78,8100.0,,
28280.0,4.1200000000000045,77,7688.0,,
28285.0,-3.0799999999999983,77,7996.0,,
28290.0,-2.240000000000009,78,8220.0,,
28295.0,-1.3599999999999994,79,8356.0,,
28300.0,1.3400000000000034,76,8222.0,,
28305.0,-1.480000000000004,72,8370.0,,
28310.0,-2.1400000000000006,74,8584.0,,
28315.0,0.980000000000004,76,8486.0,,
28320.0,3.6899999999999977,79,8117.0,,
28325.0,1.8599999999999994,78,7931.0,,
28330.0,4.219999999999999,76,7509.0,,
28335.0,0.6800000000000068,77,7441.0,,
28340.0,-2.3500000000000085,79,7676.0,,
28345.0,-0.9299999999999926,78,7769.0,,
28350.0,1.519999999999996,71,7617.0,,
28355.0,-2.719999999999999,73,7889.0,,
28360.0,-2.280000000000001,78,8117.0,,
28365.0,0.21000000000000796,78,8096.0,,
28370.0,2.9199999999999875,82,7804.0,,
28375.0,-0.009999999999990905,79,7805.0,,
28380.0,3.5999999999999943,81,7445.0,,
28385.0,-3.1700000000000017,84,7762.0,,
28390.0,-2.2099999999999937,83,7983.0,,
28395.0,-1.3200000000000074,82,8115.0,,
28400.0,0.9100000000000108,78,8024.0,,
28405.0,-2.8400000000000034,78,8308.0,,
28410.0,-2.019999999999996,79,8510.0,,
28415.0,-2.160000000000011,87,8726.0,,
28420.0,0.010000000000005116,84,8725.0,,
28425.0,3.519999999999996,84,8373.0,,
28430.0,-1.4699999999999989,86,8520.0,,
28435.0,0.9200000000000017,77,8428.0,,
28440.0,-1.9899999999999949,75,8627.0,,
28445.0,-1.7600000000000051,80,8803.0,,
28450.0,-2.219999999999999,85,9025.0,,
28455.0,-2.9599999999999937,91,9321.0,,
28460.0,-1.740000000000009,91,9495.0,,
28465.0,-0.1700000000000017,89,9512.0,,
28470.0,2.4200000000000017,88,9270.0,,
28475.0,4.740000000000009,83,8796.0,,
28480.0,-3.3400000000000034,83,9130.0,,
28485.0,-3.0600000000000023,87,9436.0,,
28490.0,0.4200000000000017,87,9394.0,,
28495.0,6.429999999999993,87,8751.0,,
28500.0,0.010000000000005116,80,8750.0,,
28505.0,-0.10999999999999943,79,8761.0,,
28510.0,-2.8900000000000006,78,9050.0,,
28515.0,-2.239999999999995,81,9274.0,,
28520.0,-2.1500000000000057,86,9489.0,,
28525.0,-2.769999999999996,89,9766.0,,
28530.0,-1.8900000000000006,89,9955.0,,
28535.0,0.23999999999999488,88,9931.0,,
28540.0,1.210000000000008,86,9810.0,,
28545.0,5.1299999999999955,84,9297.0,,
28550.0,1.0,81,9197.0,,
28555.0,-2.3499999999999943,79,9432.0,,
28560.0,-1.3800000000000097,77,9570.0,,
28565.0,-1.019999999999996,75,9672.0,,
28570.0,-2.049999999999997,77,9877.0,,
28575.0,-2.0600000000000023,80,10083.0,,
28580.0,0.6200000000000045,79,10021.0,,
28585.0,4.329999999999998,78,9588.0,,
28590.0,1.4599999999999937,77,9442.0,,
28595.0,10.760000000000005,77,8366.0,,
28600.0,-2.930000000000007,78,8659.0,,
28605.0,-2.259999999999991,78,8885.0,,
28610.0,-1.990000000000009,75,9084.0,,
28615.0,-0.7599999999999909,76,9160.0,,
28620.0,-2.1000000000000085,75,9370.0,,
28625.0,-2.6599999999999966,82,9636.0,,
28630.0,1.0,82,9536.0,,
28635.0,4.189999999999998,77,9117.0,,
28640.0,2.8500000000000085,75,8832.0,,
28645.0,5.539999999999992,75,8278.0,,
28650.0,-0.6500000000000057,74,8343.0,,
28655.0,-2.089999999999989,75,8552.0,,
28660.0,-1.8100000000000023,77,8733.0,,
28665.0,-0.060000000000002274,77,8739.0,,
28670.0,-2.760000000000005,75,9015.0,,
28675.0,-2.280000000000001,81,9243.0,,
28680.0,-2.089999999999989,88,9452.0,,
28685.0,0.8299999999999983,86,9369.0,,
28690.0,9.659999999999997,83,8403.0,,
28695.0,-1.8599999999999994,80,8589.0,,
28700.0,-0.12000000000000455,73,8601.0,,
28705.0,-1.9899999999999949,72,8800.0,,
28710.0,-1.4599999999999937,78,8946.0,,
28715.0,-2.6500000000000057,85,9211.0,,
28720.0,-3.3799999999999955,89,9549.0,,
28725.0,1.1999999999999886,89,9429.0,,
28730.0,7.450000000000003,88,8684.0,,
28735.0,-2.1700000000000017,83,8901.0,,
28740.0,-0.23999999999999488,77,8925.0,,
28745.0,-1.4500000000000028,77,9070.0,,
28750.0,-2.9299999999999926,86,9363.0,,
28755.0,-0.05000000000001137,89,9368.0,,
28760.0,4.6000000000000085,85,8908.0,,
28765.0,-1.2999999999999972,78,9038.0,,
28770.0,-2.25,78,9263.0,,
28775.0,-1.8100000000000023,76,9444.0,,
28780.0,0.18999999999999773,78,9425.0,,
28785.0,-3.049999999999997,77,9730.0,,
28790.0,-2.1200000000000045,77,9942.0,,
28795.0,0.1700000000000017,76,9925.0,,
28800.0,2.319999999999993,78,9693.0,,
28805.0,2.5800000000000125,75,9435.0,,
28810.0,8.329999999999998,75,8602.0,,
28815.0,-3.1000000000000085,77,8912.0,,
28820.0,-2.4799999999999898,79,9160.0,,
28825.0,-0.9500000000000028,75,9255.0,,
28830.0,0.2599999999999909,71,9229.0,,
28835.0,-2.2299999999999898,68,9452.0,,
28840.0,-2.1500000000000057,74,9667.0,,
28845.0,0.21999999999999886,76,9645.0,,
28850.0,3.75,73,9270.0,,
28855.0,2.5900000000000034,70,9011.0,,
28860.0,10.370000000000005,76,7974.0,,
28865.0,-0.020000000000010232,74,7976.0,,
28870.0,-2.0,75,8176.0,,
28875.0,-0.9299999999999926,72,8269.0,,
28880.0,0.769999999999996,65,8192.0,,
28885.0,-1.980000000000004,65,8390.0,,
28890.0,-2.089999999999989,69,8599.0,,
28895.0,0.539999999999992,71,8545.0,,
28900.0,2.3900000000000006,73,8306.0,,
28905.0,3.6000000000000085,72,7946.0,,
28910.0,5.699999999999989,75,7376.0,,
28915.0,-3.019999999999996,77,7678.0,,
28920.0,-1.7800000000000011,77,7856.0,,
28925.0,-1.2399999999999949,75,7980.0,,
28930.0,0.9200000000000017,67,7888.0,,
28935.0,1.5899999999999892,70,7729.0,,
28940.0,7.230000000000004,76,7006.0,,
28945.0,-2.950000000000003,76,7301.0,,
28950.0,-2.019999999999996,73,7503.0,,
28955.0,-0.4000000000000057,70,7543.0,,
28960.0,1.0800000000000125,69,7435.0,,
28965.0,2.559999999999988,66,7179.0,,
28970.0,4.650000000000006,75,6714.0,,
28975.0,-0.9099999999999966,77,6805.0,,
28980.0,-1.75,74,6980.0,,
28985.0,-0.7800000000000011,73,7058.0,,
28990.0,-0.20000000000000284,73,7078.0,,
28995.0,0.6299999999999955,74,7015.0,,
29000.0,3.1099999999999994,79,6704.0,,
29005.0,0.4300000000000068,80,6661.0,,
29010.0,2.6899999999999977,80,6392.0,,
29015.0,-2.9399999999999977,85,6686.0,,
29020.0,-0.9099999999999966,81,6777.0,,
29025.0,-1.75,76,6952.0,,
29030.0,-0.09000000000000341,72,6961.0,,
29035.0,1.769999999999996,72,6784.0,,
29040.0,3.280000000000001,78,6456.0,,
29045.0,2.0600000000000023,79,6250.0,,
29050.0,1.1199999999999974,81,6138.0,,
29055.0,1.1900000000000048,85,6019.0,,
29060.0,-1.6000000000000014,80,6179.0,,
29065.0,-0.3200000000000003,76,6211.0,,
29070.0,-0.6600000000000037,70,6277.0,,
29075.0,0.45000000000000284,68,6232.0,,
29080.0,-1.3599999999999994,71,6368.0,,
29085.0,-0.29999999999999716,78,6398.0,,
29090.0,-1.9299999999999997,76,6591.0,,
29095.0,-0.18000000000000682,74,6609.0,,
29100.0,-1.9500000000000028,74,6804.0,,
29105.0,-0.789999999999992,73,6883.0,,
29110.0,-1.7199999999999989,75,7055.0,,
29115.0,-0.6300000000000097,79,7118.0,,
29120.0,1.0900000000000034,78,7009.0,,
29125.0,6.150000000000006,75,6394.0,,
29130.0,0.03999999999999915,70,6390.0,,
29135.0,0.7199999999999989,74,6318.0,,
29140.0,-1.8399999999999963,75,6502.0,,
29145.0,0.4299999999999926,76,6459.0,,
29150.0,-0.9500000000000028,72,6554.0,,
29155.0,0.9700000000000131,70,6457.0,,
29160.0,0.0899999999999892,74,6448.0,,
29165.0,5.550000000000004,76,5893.0,,
29170.0,-1.1300000000000026,74,6006.0,,
29175.0,1.0700000000000003,79,5899.0,,
29180.0,2.1200000000000045,84,5687.0,,
29185.0,-1.7899999999999991,76,5866.0,,
29190.0,-0.11000000000000654,76,5877.0,,
29195.0,-0.8399999999999963,72,5961.0,,
29200.0,0.259999999999998,66,5935.0,,
29205.0,-1.1599999999999966,69,6051.0,,
29210.0,-0.14999999999999858,75,6066.0,,
29215.0,-1.0600000000000023,71,6172.0,,
29220.0,-0.2700000000000031,77,6199.0,,
29225.0,-1.7100000000000009,73,6370.0,,
29230.0,-0.12999999999999545,74,6383.0,,
29235.0,-1.75,74,6558.0,,
29240.0,-1.0300000000000011,78,6661.0,,
29245.0,0.7000000000000028,79,6591.0,,
29250.0,3.239999999999995,75,6267.0,,
29255.0,-1.3400000000000034,76,6401.0,,
29260.0,0.8700000000000045,78,6314.0,,
29265.0,-2.3599999999999994,80,6550.0,,
29270.0,-0.9200000000000017,78,6642.0,,
29275.0,-1.0100000000000051,73,6743.0,,
29280.0,0.6200000000000045,71,6681.0,,
29285.0,1.2999999999999972,70,6551.0,,
29290.0,3.9100000000000037,75,6160.0,,
29295.0,-0.30999999999999517,77,6191.0,,
29300.0,-0.8000000000000043,79,6271.0,,
29305.0,-0.3100000000000023,79,6302.0,,
29310.0,1.740000000000002,76,6128.0,,
29315.0,-0.6700000000000017,70,6195.0,,
29320.0,-0.8499999999999943,66,6280.0,,
29325.0,-0.490000000000002,61,6329.0,,
29330.0,0.769999999999996,65,6252.0,,
29335.0,-0.6499999999999986,71,6317.0,,
29340.0,1.1499999999999986,77,6202.0,,
29345.0,-2.509999999999998,76,6453.0,,
29350.0,-1.519999999999996,75,6605.0,,
29355.0,-0.9500000000000028,70,6700.0,,
29360.0,-0.04999999999999716,66,6705.0,,
29365.0,0.6499999999999915,72,6640.0,,
29370.0,3.240000000000009,77,6316.0,,
29375.0,-1.3500000000000085,76,6451.0,,
29380.0,1.0400000000000063,79,6347.0,,
29385.0,2.780000000000001,85,6069.0,,
29390.0,-2.5500000000000043,80,6324.0,,
29395.0,-0.7899999999999991,74,6403.0,,
29400.0,-0.8400000000000034,69,6487.0,,
29405.0,0.18000000000000682,70,6469.0,,
29410.0,0.14999999999999147,71,6454.0,,
29415.0,2.670000000000009,75,6187.0,,
29420.0,-1.2000000000000028,78,6307.0,,
29425.0,-0.759999999999998,80,6383.0,,
29430.0,-0.769999999999996,82,6460.0,,
29435.0,2.6599999999999966,74,6194.0,,
29440.0,-2.0900000000000034,70,6403.0,,
29445.0,-0.75,67,6478.0,,
29450.0,-0.9200000000000017,62,6570.0,,
29455.0,0.9200000000000017,66,6478.0,,
29460.0,-1.9200000000000017,67,6670.0,,
29465.0,-1.0799999999999983,75,6778.0,,
29470.0,0.3299999999999983,74,6745.0,,
29475.0,1.1500000000000057,72,6630.0,,
29480.0,-1.2199999999999989,72,6752.0,,
29485.0,-1.25,69,6877.0,,
29490.0,-0.45000000000000284,64,6922.0,,
29495.0,0.9699999999999989,71,6825.0,,
29500.0,-1.0900000000000034,71,6934.0,,
29505.0,-2.0999999999999943,76,7144.0,,
29510.0,0.5999999999999943,79,7084.0,,
29515.0,4.0,79,6684.0,,
29520.0,-1.9099999999999966,75,6875.0,,
29525.0,-2.730000000000004,76,7148.0,,
29530.0,-1.3299999999999983,75,7281.0,,
29535.0,0.35999999999999943,76,7245.0,,
29540.0,-0.28000000000000114,78,7273.0,,
29545.0,2.6899999999999977,80,7004.0,,
29550.0,-1.2399999999999949,77,7128.0,,
29555.0,-2.6299999999999955,79,7391.0,,
29560.0,-0.3400000000000034,79,7425.0,,
29565.0,4.3700000000000045,75,6988.0,,
29570.0,-1.4100000000000108,68,7129.0,,
29575.0,-2.1599999999999966,63,7345.0,,
29580.0,-0.5099999999999909,60,7396.0,,
29585.0,2.3699999999999903,67,7159.0,,
29590.0,0.29000000000000625,67,7130.0,,
29595.0,2.530000000000001,74,6877.0,,
29600.0,-2.9000000000000057,75,7167.0,,
29605.0,-2.239999999999995,73,7391.0,,
29610.0,0.1700000000000017,69,7374.0,,
29615.0,2.5,67,7124.0,,
29620.0,-1.2600000000000051,69,7250.0,,
29625.0,-2.1299999999999955,73,7463.0,,
29630.0,-1.0,68,7563.0,,
29635.0,0.6999999999999886,71,7493.0,,
29640.0,-2.9399999999999977,79,7787.0,,
29645.0,-2.489999999999995,81,8036.0,,
29650.0,0.7800000000000011,84,7958.0,,
29655.0,4.450000000000003,83,7513.0,,
29660.0,-1.0300000000000011,80,7616.0,,
29665.0,-2.6300000000000097,77,7879.0,,
29670.0,-1.289999999999992,78,8008.0,,
29675.0,0.1799999999999926,76,7990.0,,
29680.0,-3.019999999999996,79,8292.0,,
29685.0,-2.8299999999999983,78,8575.0,,
29690.0,0.23000000000000398,80,8552.0,,
29695.0,3.589999999999989,79,8193.0,,
29700.0,0.2600000000000051,75,8167.0,,
29705.0,-2.7099999999999937,76,8438.0,,
29710.0,-1.6000000000000085,77,8598.0,,
29715.0,-0.030000000000001137,77,8601.0,,
29720.0,-3.4299999999999926,80,8944.0,,
29725.0,-3.1599999999999966,81,9260.0,,
29730.0,0.0899999999999892,77,9251.0,,
29735.0,2.6300000000000097,74,8988.0,,
29740.0,2.5600000000000023,70,8732.0,,
29745.0,5.86999999999999,72,8145.0,,
29750.0,-3.0999999999999943,76,8455.0,,
29755.0,-2.490000000000009,72,8704.0,,
29760.0,-0.9299999999999926,73,8797.0,,
29765.0,1.0799999999999983,71,8689.0,,
29770.0,-2.7900000000000063,70,8968.0,,
29775.0,-2.509999999999991,76,9219.0,,
29780.0,-0.3299999999999983,74,9252.0,,
29785.0,2.0799999999999983,72,9044.0,,
29790.0,1.6299999999999955,74,8881.0,,
29795.0,6.219999999999999,77,8259.0,,
29800.0,-3.1499999999999915,83,8574.0,,
29805.0,-2.440000000000012,79,8818.0,,
29810.0,-0.45999999999999375,73,8864.0,,
29815.0,1.6200000000000045,67,8702.0,,
29820.0,3.8599999999999994,67,8316.0,,
29825.0,5.97999999999999,71,7718.0,,
29830.0,-2.6099999999999994,73,7979.0,,
29835.0,-1.789999999999992,76,8158.0,,
29840.0,-1.0499999999999972,73,8263.0,,
29845.0,0.6700000000000017,69,8196.0,,
29850.0,1.279999999999987,72,8068.0,,
29855.0,2.6700000000000017,79,7801.0,,
29860.0,3.210000000000008,79,7480.0,,
29865.0,4.239999999999995,78,7056.0,,
29870.0,7.330000000000005,84,6323.0,,
29875.0,-2.6300000000000026,82,6586.0,,
29880.0,-0.35999999999999943,75,6622.0,,
29885.0,-1.5499999999999972,73,6777.0,,
29890.0,0.4299999999999926,67,6734.0,,
29895.0,0.7000000000000028,66,6664.0,,
29900.0,6.469999999999999,72,6017.0,,
29905.0,-0.1700000000000017,76,6034.0,,
29910.0,0.21000000000000085,74,6013.0,,
29915.0,-1.4899999999999949,71,6162.0,,
29920.0,0.1699999999999946,68,6145.0,,
29925.0,1.3500000000000014,69,6010.0,,
29930.0,2.8299999999999983,75,5727.0,,
29935.0,0.30000000000000426,76,5697.0,,
29940.0,0.4299999999999997,80,5654.0,,
29945.0,-0.6099999999999994,82,5715.0,,
29950.0,-0.14999999999999858,77,5730.0,,
29955.0,-0.740000000000002,73,5804.0,,
29960.0,-0.2700000000000031,67,5831.0,,
29965.0,-0.36999999999999744,65,5868.0,,
29970.0,-0.17999999999999972,71,5886.0,,
29975.0,-1.5300000000000011,73,6039.0,,
29980.0,0.13000000000000256,76,6026.0,,
29985.0,-1.1900000000000048,71,6145.0,,
29990.0,-0.769999999999996,67,6222.0,,
29995.0,-1.5700000000000003,69,6379.0,,
30000.0,0.060000000000002274,68,6373.0,,
30005.0,-0.7800000000000082,69,6451.0,,
30010.0,0.1700000000000017,69,6434.0,,
30015.0,1.720000000000006,76,6262.0,,
30020.0,3.75,81,5887.0,,
30025.0,-1.0700000000000003,82,5994.0,,
30030.0,-0.9100000000000037,85,6085.0,,
30035.0,-1.769999999999996,83,6262.0,,
30040.0,-0.5200000000000031,81,6314.0,,
30045.0,-0.9500000000000028,75,6409.0,,
30050.0,0.7000000000000028,74,6339.0,,
30055.0,-0.7800000000000011,69,6417.0,,
30060.0,-0.8199999999999932,77,6499.0,,
30065.0,1.0999999999999943,78,6389.0,,
30070.0,3.280000000000001,77,6061.0,,
30075.0,1.6000000000000014,73,5901.0,,
30080.0,0.36999999999999744,74,5864.0,,
30085.0,-1.4299999999999997,76,6007.0,,
30090.0,-1.009999999999998,75,6108.0,,
30095.0,-1.0399999999999991,74,6212.0,,
30100.0,0.29999999999999716,69,6182.0,,
30105.0,-0.6099999999999994,68,6243.0,,
30110.0,0.3999999999999986,72,6203.0,,
30115.0,-0.5399999999999991,73,6257.0,,
30120.0,-1.2899999999999991,72,6386.0,,
30125.0,-0.5600000000000023,73,6442.0,,
30130.0,0.5700000000000003,68,6385.0,,
30135.0,2.0600000000000023,69,6179.0,,
30140.0,4.519999999999996,72,5727.0,,
30145.0,0.5100000000000051,75,5676.0,,
30150.0,0.3200000000000003,77,5644.0,,
30155.0,-1.3800000000000026,78,5782.0,,
30160.0,-0.8200000000000003,76,5864.0,,
30165.0,-0.3399999999999963,72,5898.0,,
30170.0,1.1799999999999997,69,5780.0,,
30175.0,-1.1200000000000045,69,5892.0,,
30180.0,0.7100000000000009,73,5821.0,,
30185.0,-0.9200000000000017,71,5913.0,,
30190.0,-0.5399999999999991,71,5967.0,,
30195.0,-1.6899999999999977,73,6136.0,,
30200.0,0.3999999999999986,73,6096.0,,
30205.0,-1.1899999999999977,69,6215.0,,
30210.0,-0.740000000000002,71,6289.0,,
30215.0,-0.13000000000000256,69,6302.0,,
30220.0,0.3200000000000003,68,6270.0,,
30225.0,2.0400000000000063,71,6066.0,,
30230.0,3.979999999999997,78,5668.0,,
30235.0,-0.38000000000000256,81,5706.0,,
30240.0,-1.3999999999999986,82,5846.0,,
30245.0,-1.5300000000000011,82,5999.0,,
30250.0,-0.5300000000000011,77,6052.0,,
30255.0,-0.18999999999999773,73,6071.0,,
30260.0,0.14999999999999858,68,6056.0,,
30265.0,-1.9299999999999997,68,6249.0,,
30270.0,-1.0,76,6349.0,,
30275.0,0.7899999999999991,78,6270.0,,
30280.0,3.3100000000000023,79,5939.0,,
30285.0,-0.4399999999999977,76,5983.0,,
30290.0,0.01999999999999602,77,5981.0,,
30295.0,-0.9399999999999977,81,6075.0,,
30300.0,-1.4500000000000028,79,6220.0,,
30305.0,-0.7999999999999972,74,6300.0,,
30310.0,0.22999999999999687,74,6277.0,,
30315.0,1.7700000000000031,69,6100.0,,
30320.0,2.6099999999999994,74,5839.0,,
30325.0,0.35999999999999943,77,5803.0,,
30330.0,-1.4600000000000009,80,5949.0,,
30335.0,-1.8699999999999974,84,6136.0,,
30340.0,0.18999999999999773,79,6117.0,,
30345.0,-0.759999999999998,77,6193.0,,
30350.0,1.6899999999999977,73,6024.0,,
30355.0,-0.0799999999999983,68,6032.0,,
30360.0,2.049999999999997,71,5827.0,,
30365.0,-1.4299999999999997,76,5970.0,,
30370.0,1.4200000000000017,81,5828.0,,
30375.0,0.990000000000002,81,5729.0,,
30380.0,-1.0900000000000034,80,5838.0,,
30385.0,-0.02999999999999403,75,5841.0,,
30390.0,-1.5200000000000031,70,5993.0,,
30395.0,1.990000000000002,66,5794.0,,
30400.0,-0.5600000000000023,63,5850.0,,
30405.0,0.35999999999999943,66,5814.0,,
30410.0,-1.3299999999999983,73,5947.0,,
30415.0,1.4600000000000009,70,5801.0,,
30420.0,-1.6900000000000048,67,5970.0,,
30425.0,0.29000000000000625,65,5941.0,,
30430.0,-0.3300000000000054,59,5974.0,,
30435.0,0.7000000000000028,60,5904.0,,
30440.0,1.9299999999999997,64,5711.0,,
30445.0,2.759999999999998,70,5435.0,,
30450.0,-1.269999999999996,79,5562.0,,
30455.0,0.509999999999998,80,5511.0,,
30460.0,-1.2800000000000011,81,5639.0,,
30465.0,-1.0899999999999963,74,5748.0,,
30470.0,-0.7100000000000009,70,5819.0,,
30475.0,0.7100000000000009,65,5748.0,,
30480.0,-1.1000000000000014,65,5858.0,,
30485.0,0.5899999999999963,68,5799.0,,
30490.0,0.28000000000000114,72,5771.0,,
30495.0,2.1499999999999986,74,5556.0,,
30500.0,-0.8599999999999994,80,5642.0,,
30505.0,0.14999999999999858,83,5627.0,,
30510.0,-2.469999999999999,83,5874.0,,
30515.0,-0.6799999999999997,75,5942.0,,
30520.0,-1.0599999999999952,74,6048.0,,
30525.0,1.3399999999999963,70,5914.0,,
30530.0,0.04999999999999716,67,5909.0,,
30535.0,2.770000000000003,75,5632.0,,
30540.0,-0.8100000000000023,77,5713.0,,
30545.0,0.45000000000000284,79,5668.0,,
30550.0,-1.2299999999999969,77,5791.0,,
30555.0,0.20999999999999375,70,5770.0,,
30560.0,0.480000000000004,65,5722.0,,
30565.0,0.6199999999999974,59,5660.0,,
30570.0,-0.8099999999999952,57,5741.0,,
30575.0,1.1099999999999994,55,5630.0,,
30580.0,-0.47000000000000597,59,5677.0,,
30585.0,0.730000000000004,66,5604.0,,
30590.0,-0.6899999999999977,69,5673.0,,
30595.0,-0.6600000000000037,71,5739.0,,
30600.0,0.060000000000002274,65,5733.0,,
30605.0,0.6700000000000017,62,5666.0,,
30610.0,-0.8800000000000026,65,5754.0,,
30615.0,0.6499999999999986,64,5689.0,,
30620.0,1.4100000000000037,68,5548.0,,
30625.0,2.9599999999999937,77,5252.0,,
30630.0,-1.8699999999999974,81,5439.0,,
30635.0,-0.060000000000002274,82,5445.0,,
30640.0,0.2700000000000031,86,5418.0,,
30645.0,-1.6400000000000006,83,5582.0,,
30650.0,-1.5300000000000011,79,5735.0,,
30655.0,-0.10999999999999943,75,5746.0,,
30660.0,-0.39000000000000057,74,5785.0,,
30665.0,1.1700000000000017,76,5668.0,,
30670.0,-2.710000000000001,77,5939.0,,
30675.0,-2.1499999999999986,80,6154.0,,
30680.0,-2.3200000000000003,83,6386.0,,
30685.0,-2.5999999999999943,81,6646.0,,
30690.0,-1.7600000000000051,76,6822.0,,
30695.0,0.0799999999999983,72,6814.0,,
30700.0,-1.2199999999999989,74,6936.0,,
30705.0,0.3499999999999943,74,6901.0,,
30710.0,-2.9200000000000017,75,7193.0,,
30715.0,-2.6999999999999886,77,7463.0,,
30720.0,-2.5500000000000114,81,7718.0,,
30725.0,-3.1499999999999915,79,8033.0,,
30730.0,-2.9099999999999966,78,8324.0,,
30735.0,-1.5100000000000051,76,8475.0,,
30740.0,0.3100000000000023,73,8444.0,,
30745.0,-0.14000000000000057,72,8458.0,,
30750.0,0.060000000000002274,75,8452.0,,
30755.0,-3.25,76,8777.0,,
30760.0,-2.510000000000005,76,9028.0,,
30765.0,-2.8499999999999943,81,9313.0,,
30770.0,-2.8800000000000097,78,9601.0,,
30775.0,-3.280000000000001,80,9929.0,,
30780.0,-1.4299999999999926,76,10072.0,,
30785.0,0.4899999999999949,72,10023.0,,
30790.0,-1.2999999999999972,69,10153.0,,
30795.0,-0.14000000000000057,71,10167.0,,
30800.0,-1.8299999999999983,72,10350.0,,
30805.0,-2.6099999999999994,76,10611.0,,
30810.0,-2.489999999999995,82,10860.0,,
30815.0,-3.3300000000000125,81,11193.0,,
30820.0,-1.2299999999999898,73,11316.0,,
30825.0,0.6199999999999903,68,11254.0,,
30830.0,-1.1799999999999926,66,11372.0,,
30835.0,-2.519999999999996,63,11624.0,,
30840.0,3.1299999999999955,59,11311.0,,
30845.0,8.599999999999994,63,10451.0,,
30850.0,0.1600000000000108,61,10435.0,,
30855.0,-2.1500000000000057,61,10650.0,,
30860.0,-0.46999999999999886,56,10697.0,,
30865.0,1.0600000000000023,57,10591.0,,
30870.0,-2.549999999999997,63,10846.0,,
30875.0,-2.5,68,11096.0,,
30880.0,2.799999999999997,71,10816.0,,
30885.0,8.689999999999998,71,9947.0,,
30890.0,0.0,65,9947.0,,
30895.0,-2.5900000000000034,63,10206.0,,
30900.0,-0.7999999999999972,63,10286.0,,
30905.0,0.8400000000000034,63,10202.0,,
30910.0,1.7800000000000011,64,10024.0,,
30915.0,2.2299999999999898,74,9801.0,,
30920.0,-2.6299999999999955,79,10064.0,,
30925.0,-2.9200000000000017,81,10356.0,,
30930.0,-2.739999999999995,83,10630.0,,
30935.0,-3.049999999999997,82,10935.0,,
30940.0,-1.6400000000000006,77,11099.0,,
30945.0,-0.27000000000001023,73,11126.0,,
30950.0,0.20000000000000284,74,11106.0,,
30955.0,1.0300000000000011,75,11003.0,,
30960.0,-1.0799999999999983,76,11111.0,,
30965.0,-2.530000000000001,78,11364.0,,
30970.0,-2.299999999999997,81,11594.0,,
30975.0,-2.710000000000008,79,11865.0,,
30980.0,-1.3999999999999915,75,12005.0,,
30985.0,-0.12000000000000455,71,12017.0,,
30990.0,-3.0,72,12317.0,,
30995.0,-2.8900000000000006,70,12606.0,,
31000.0,-2.5200000000000102,70,12858.0,,
31005.0,-3.089999999999975,75,13167.0,,
31010.0,-1.5200000000000102,73,13319.0,,
31015.0,-0.4399999999999977,72,13363.0,,
31020.0,0.46000000000000796,71,13317.0,,
31025.0,3.2099999999999795,75,12996.0,,
31030.0,-3.109999999999985,72,13307.0,,
31035.0,-3.030000000000001,74,13610.0,,
31040.0,-2.920000000000016,77,13902.0,,
31045.0,-3.1799999999999784,74,14220.0,,
31050.0,-1.75,71,14395.0,,
31055.0,-0.5500000000000114,69,14450.0,,
31060.0,-2.030000000000001,67,14653.0,,
31065.0,-2.509999999999991,69,14904.0,,
31070.0,5.97999999999999,62,14306.0,,
31075.0,14.930000000000007,63,12813.0,,
31080.0,-2.719999999999999,63,13085.0,,
31085.0,-2.2700000000000102,61,13312.0,,
31090.0,-1.1699999999999875,60,13429.0,,
31095.0,-0.05000000000001137,63,13434.0,,
31100.0,-0.15000000000000568,70,13449.0,,
31105.0,1.5,76,13299.0,,
31110.0,-3.3899999999999864,82,13638.0,,
31115.0,-2.3100000000000023,79,13869.0,,
31120.0,-3.3600000000000136,84,14205.0,,
31125.0,-3.269999999999982,82,14532.0,,
31130.0,-1.9099999999999966,76,14723.0,,
31135.0,-0.8200000000000216,75,14805.0,,
31140.0,0.36000000000001364,74,14769.0,,
31145.0,0.6399999999999864,73,14705.0,,
31150.0,-2.9799999999999898,72,15003.0,,
31155.0,-2.359999999999985,73,15239.0,,
31160.0,-2.140000000000015,79,15453.0,,
31165.0,-2.359999999999985,78,15689.0,,
31170.0,-1.8800000000000239,71,15877.0,,
31175.0,-0.75,71,15952.0,,
31180.0,-1.3799999999999955,70,16090.0,,
31185.0,-0.09000000000000341,76,16099.0,,
31190.0,-2.8700000000000045,71,16386.0,,
31195.0,-2.509999999999991,75,16637.0,,
31200.0,-2.3799999999999955,78,16875.0,,
31205.0,-2.990000000000009,77,17174.0,,
31210.0,-1.3199999999999932,71,17306.0,,
31215.0,0.789999999999992,69,17227.0,,
31220.0,-1.4599999999999795,69,17373.0,,
31225.0,-0.36000000000001364,71,17409.0,,
31230.0,-1.4099999999999966,71,17550.0,,
31235.0,-2.490000000000009,74,17799.0,,
31240.0,-2.25,76,18024.0,,
31245.0,-2.8400000000000034,79,18308.0,,
31250.0,-1.2800000000000011,68,18436.0,,
31255.0,-0.09999999999999432,65,18446.0,,
31260.0,-1.7099999999999795,64,18617.0,,
31265.0,-2.480000000000018,62,18865.0,,
31270.0,9.740000000000009,60,17891.0,,
31275.0,22.27000000000001,61,15664.0,,
31280.0,4.909999999999997,58,15173.0,,
31285.0,-0.05000000000001137,57,15178.0,,
31290.0,0.37000000000000455,58,15141.0,,
31295.0,0.47999999999998977,69,15093.0,,
31300.0,-1.2299999999999898,69,15216.0,,
31305.0,-2.030000000000001,73,15419.0,,
31310.0,-1.789999999999992,78,15598.0,,
31315.0,-2.4399999999999977,74,15842.0,,
31320.0,-2.440000000000026,72,16086.0,,
31325.0,-1.3899999999999864,68,16225.0,,
31330.0,-0.22999999999998977,65,16248.0,,
31335.0,-1.4000000000000057,61,16388.0,,
31340.0,-1.920000000000016,62,16580.0,,
31345.0,-1.1999999999999886,63,16700.0,,
31350.0,-0.12999999999999545,70,16713.0,,
31355.0,-2.700000000000017,70,16983.0,,
31360.0,-2.019999999999982,69,17185.0,,
31365.0,-2.530000000000001,71,17438.0,,
31370.0,-3.200000000000017,70,17758.0,,
31375.0,-3.329999999999984,71,18091.0,,
31380.0,-1.4000000000000057,67,18231.0,,
31385.0,1.0900000000000034,66,18122.0,,
31390.0,-2.6599999999999966,64,18388.0,,
31395.0,-2.8100000000000023,62,18669.0,,
31400.0,-1.0900000000000034,62,18778.0,,
31405.0,0.0,66,18778.0,,
31410.0,-3.0900000000000034,67,19087.0,,
31415.0,-2.8799999999999955,68,19375.0,,
31420.0,-3.009999999999991,72,19676.0,,
31425.0,-3.3700000000000045,75,20013.0,,
31430.0,-1.5800000000000125,70,20171.0,,
31435.0,1.170000000000016,68,20054.0,,
31440.0,-3.1200000000000045,66,20366.0,,
31445.0,-2.7700000000000102,63,20643.0,,
31450.0,-2.789999999999992,67,20922.0,,
31455.0,12.659999999999997,67,19656.0,,
31460.0,28.120000000000005,67,16844.0,,
31465.0,-1.490000000000009,65,16993.0,,
31470.0,0.7199999999999989,57,16921.0,,
31475.0,-0.45999999999997954,60,16967.0,,
31480.0,0.8499999999999943,69,16882.0,,
31485.0,-2.8700000000000045,75,17169.0,,
31490.0,-2.509999999999991,76,17420.0,,
31495.0,-2.3000000000000114,78,17650.0,,
31500.0,-2.8600000000000136,77,17936.0,,
31505.0,-2.299999999999983,74,18166.0,,
31510.0,-1.6800000000000068,71,18334.0,,
31515.0,-0.04999999999998295,67,18339.0,,
31520.0,-0.3400000000000034,68,18373.0,,
31525.0,-0.14000000000001478,71,18387.0,,
31530.0,-2.930000000000007,75,18680.0,,
31535.0,-2.1799999999999784,77,18898.0,,
31540.0,-1.8300000000000125,80,19081.0,,
31545.0,-2.3499999999999943,76,19316.0,,
31550.0,-3.0,74,19616.0,,
31555.0,-1.6500000000000057,70,19781.0,,
31560.0,1.0,68,19681.0,,
31565.0,-2.530000000000001,68,19934.0,,
31570.0,-2.3400000000000034,66,20168.0,,
31575.0,14.480000000000018,64,18720.0,,
31580.0,29.899999999999977,63,15730.0,,
31585.0,-2.619999999999976,63,15992.0,,
31590.0,-2.030000000000001,56,16195.0,,
31595.0,-0.9800000000000182,59,16293.0,,
31600.0,0.0800000000000125,60,16285.0,,
31605.0,-0.4000000000000057,67,16325.0,,
31610.0,1.7800000000000011,74,16147.0,,
31615.0,-1.509999999999991,79,16298.0,,
31620.0,-2.700000000000017,79,16568.0,,
31625.0,-2.780000000000001,80,16846.0,,
31630.0,-2.829999999999984,78,17129.0,,
31635.0,10.819999999999993,70,16047.0,,
31640.0,24.22999999999999,70,13624.0,,
31645.0,-1.2399999999999807,65,13748.0,,
31650.0,0.5,58,13698.0,,
31655.0,-2.2700000000000102,61,13925.0,,
31660.0,-1.8300000000000125,64,14108.0,,
31665.0,10.660000000000025,72,13042.0,,
31670.0,30.689999999999984,73,9973.0,,
31675.0,-2.700000000000003,67,10243.0,,
31680.0,-1.9299999999999926,62,10436.0,,
31685.0,-0.9000000000000057,60,10526.0,,
31690.0,0.6600000000000108,62,10460.0,,
31695.0,-1.9699999999999989,67,10657.0,,
31700.0,-1.9300000000000068,69,10850.0,,
31705.0,7.060000000000002,77,10144.0,,
31710.0,17.67,79,8377.0,,
31715.0,-1.9500000000000028,74,8572.0,,
31720.0,-0.29000000000000625,70,8601.0,,
31725.0,0.37000000000000455,68,8564.0,,
31730.0,3.9099999999999966,75,8173.0,,
31735.0,-0.769999999999996,81,8250.0,,
31740.0,-2.1599999999999966,85,8466.0,,
31745.0,-1.4699999999999989,85,8613.0,,
31750.0,-2.5200000000000102,84,8865.0,,
31755.0,-1.2299999999999898,75,8988.0,,
31760.0,-0.37000000000000455,73,9025.0,,
31765.0,4.400000000000006,74,8585.0,,
31770.0,12.349999999999994,71,7350.0,,
31775.0,3.6400000000000006,72,6986.0,,
31780.0,2.219999999999999,69,6764.0,,
31785.0,-0.3499999999999943,74,6799.0,,
31790.0,-1.5700000000000074,75,6956.0,,
31795.0,-1.25,73,7081.0,,
31800.0,0.07000000000000739,68,7074.0,,
31805.0,-0.9000000000000057,71,7164.0,,
31810.0,-1.2600000000000051,72,7290.0,,
31815.0,0.020000000000010232,70,7288.0,,
31820.0,1.4299999999999926,69,7145.0,,
31825.0,3.9200000000000017,70,6753.0,,
31830.0,9.060000000000002,72,5847.0,,
31835.0,-1.7100000000000009,72,6018.0,,
31840.0,-0.11999999999999744,68,6030.0,,
31845.0,-1.2000000000000028,68,6150.0,,
31850.0,-0.3299999999999983,71,6183.0,,
31855.0,-0.8999999999999986,75,6273.0,,
31860.0,-0.6200000000000045,78,6335.0,,
31865.0,-0.1700000000000017,81,6352.0,,
31870.0,-1.6199999999999974,76,6514.0,,
31875.0,-0.5400000000000063,67,6568.0,,
31880.0,0.10000000000000853,62,6558.0,,
31885.0,-1.5799999999999983,64,6716.0,,
31890.0,-1.1800000000000068,69,6834.0,,
31895.0,-1.3900000000000006,72,6973.0,,
31900.0,-1.0999999999999943,75,7083.0,,
31905.0,-0.8599999999999994,79,7169.0,,
31910.0,-2.1000000000000085,72,7379.0,,
31915.0,-0.5,64,7429.0,,
31920.0,0.4700000000000131,60,7382.0,,
31925.0,-0.5700000000000074,60,7439.0,,
31930.0,-2.319999999999993,59,7671.0,,
31935.0,-2.1000000000000085,60,7881.0,,
31940.0,-2.5999999999999943,65,8141.0,,
31945.0,-2.960000000000008,66,8437.0,,
31950.0,-1.6700000000000017,67,8604.0,,
31955.0,-0.05999999999998806,63,8610.0,,
31960.0,-3.0600000000000023,65,8916.0,,
31965.0,-2.950000000000003,66,9211.0,,
31970.0,-1.4000000000000057,63,9351.0,,
31975.0,-0.28000000000000114,65,9379.0,,
31980.0,-2.1899999999999977,69,9598.0,,
31985.0,-3.0,70,9898.0,,
31990.0,2.990000000000009,68,9599.0,,
31995.0,9.0,65,8699.0,,
32000.0,1.6099999999999994,60,8538.0,,
32005.0,0.7299999999999898,54,8465.0,,
32010.0,-1.7099999999999937,54,8636.0,,
32015.0,-1.8700000000000045,59,8823.0,,
32020.0,-1.0699999999999932,62,8930.0,,
32025.0,-0.5400000000000063,66,8984.0,,
32030.0,-2.7099999999999937,69,9255.0,,
32035.0,-2.4399999999999977,72,9499.0,,
32040.0,-2.3299999999999983,75,9732.0,,
32045.0,-2.980000000000004,74,10030.0,,
32050.0,-2.6300000000000097,74,10293.0,,
32055.0,-1.1999999999999886,71,10413.0,,
32060.0,0.6799999999999926,68,10345.0,,
32065.0,1.3900000000000006,67,10206.0,,
32070.0,-2.799999999999997,68,10486.0,,
32075.0,-2.3700000000000045,68,10723.0,,
32080.0,-1.3100000000000023,68,10854.0,,
32085.0,-0.44999999999998863,67,10899.0,,
32090.0,-2.6700000000000017,63,11166.0,,
32095.0,-2.710000000000008,67,11437.0,,
32100.0,-2.759999999999991,71,11713.0,,
32105.0,-3.030000000000001,71,12016.0,,
32110.0,-3.25,74,12341.0,,
32115.0,-1.4500000000000028,69,12486.0,,
32120.0,0.2600000000000051,65,12460.0,,
32125.0,-2.5900000000000034,64,12719.0,,
32130.0,-2.680000000000007,63,12987.0,,
32135.0,-2.759999999999991,63,13263.0,,
32140.0,5.030000000000001,65,12760.0,,
32145.0,12.780000000000001,66,11482.0,,
32150.0,2.75,64,11207.0,,
32155.0,0.5799999999999983,57,11149.0,,
32160.0,1.1199999999999903,57,11037.0,,
32165.0,0.8299999999999983,66,10954.0,,
32170.0,-2.6400000000000006,70,11218.0,,
32175.0,-2.489999999999995,75,11467.0,,
32180.0,-2.6700000000000017,79,11734.0,,
32185.0,-2.700000000000003,76,12004.0,,
32190.0,5.230000000000004,68,11481.0,,
32195.0,13.310000000000002,65,10150.0,,
32200.0,-1.0699999999999932,60,10257.0,,
32205.0,0.6399999999999864,56,10193.0,,
32210.0,-1.7299999999999898,56,10366.0,,
32215.0,-1.5,65,10516.0,,
32220.0,5.599999999999994,63,9956.0,,
32225.0,12.670000000000002,66,8689.0,,
32230.0,-1.25,60,8814.0,,
32235.0,0.030000000000001137,63,8811.0,,
32240.0,0.9200000000000017,57,8719.0,,
32245.0,1.3299999999999983,68,8586.0,,
32250.0,-0.5,73,8636.0,,
32255.0,-1.269999999999996,75,8763.0,,
32260.0,-0.37000000000000455,77,8800.0,,
32265.0,-2.0,76,9000.0,,
32270.0,-1.6500000000000057,71,9165.0,,
32275.0,-1.0799999999999983,66,9273.0,,
32280.0,-0.20999999999999375,65,9294.0,,
32285.0,0.1599999999999966,63,9278.0,,
32290.0,0.18999999999999773,67,9259.0,,
32295.0,-1.1199999999999903,65,9371.0,,
32300.0,-1.7800000000000011,72,9549.0,,
32305.0,-1.6000000000000085,74,9709.0,,
32310.0,-2.780000000000001,72,9987.0,,
32315.0,-2.8900000000000006,68,10276.0,,
32320.0,-1.6099999999999994,66,10437.0,,
32325.0,-0.47999999999998977,68,10485.0,,
32330.0,-1.7800000000000011,67,10663.0,,
32335.0,-0.6000000000000085,68,10723.0,,
32340.0,-2.9299999999999926,70,11016.0,,
32345.0,-2.6500000000000057,75,11281.0,,
32350.0,-2.6799999999999926,77,11549.0,,
32355.0,-2.6500000000000057,72,11814.0,,
32360.0,-2.980000000000004,71,12112.0,,
32365.0,-1.4799999999999898,66,12260.0,,
32370.0,-0.10999999999999943,66,12271.0,,
32375.0,-3.0,67,12571.0,,
32380.0,-2.549999999999997,65,12826.0,,
32385.0,7.72999999999999,59,12053.0,,
32390.0,22.400000000000006,56,9813.0,,
32395.0,-1.1700000000000017,57,9930.0,,
32400.0,-0.04000000000000625,57,9934.0,,
32405.0,0.6099999999999994,57,9873.0,,
32410.0,0.46000000000000796,65,9827.0,,
32415.0,-2.469999999999999,72,10074.0,,
32420.0,-2.200000000000003,77,10294.0,,
32425.0,-2.549999999999997,78,10549.0,,
32430.0,-2.5799999999999983,76,10807.0,,
32435.0,-2.25,72,11032.0,,
32440.0,-1.490000000000009,68,11181.0,,
32445.0,-0.14000000000000057,67,11195.0,,
32450.0,-1.4899999999999949,66,11344.0,,
32455.0,0.6400000000000006,67,11280.0,,
32460.0,-2.710000000000008,71,11551.0,,
32465.0,-2.1400000000000006,74,11765.0,,
32470.0,-1.809999999999988,81,11946.0,,
32475.0,-2.5900000000000034,73,12205.0,,
32480.0,-2.960000000000008,70,12501.0,,
32485.0,-1.2199999999999989,65,12623.0,,
32490.0,0.3200000000000074,63,12591.0,,
32495.0,-1.6899999999999977,65,12760.0,,
32500.0,-1.039999999999992,69,12864.0,,
32505.0,-2.960000000000008,71,13160.0,,
32510.0,-2.5500000000000114,73,13415.0,,
32515.0,-2.460000000000008,79,13661.0,,
32520.0,-2.969999999999999,74,13958.0,,
32525.0,-2.8899999999999864,69,14247.0,,
32530.0,-1.1200000000000045,65,14359.0,,
32535.0,0.47999999999998977,62,14311.0,,
32540.0,-1.259999999999991,62,14437.0,,
32545.0,-2.460000000000008,61,14683.0,,
32550.0,9.810000000000002,57,13702.0,,
32555.0,20.720000000000013,56,11630.0,,
32560.0,2.4200000000000017,55,11388.0,,
32565.0,-1.7900000000000063,49,11567.0,,
32570.0,-0.3400000000000034,48,11601.0,,
32575.0,0.7800000000000011,54,11523.0,,
32580.0,-2.1599999999999966,58,11739.0,,
32585.0,-2.230000000000004,60,11962.0,,
32590.0,7.010000000000005,61,11261.0,,
32595.0,15.739999999999995,60,9687.0,,
32600.0,-2.6700000000000017,59,9954.0,,
32605.0,-2.25,56,10179.0,,
32610.0,-0.8900000000000006,55,10268.0,,
32615.0,0.4300000000000068,58,10225.0,,
32620.0,0.7600000000000051,66,10149.0,,
32625.0,1.259999999999991,71,10023.0,,
32630.0,-1.6299999999999955,74,10186.0,,
32635.0,-2.6400000000000006,78,10450.0,,
32640.0,-2.480000000000004,78,10698.0,,
32645.0,-2.759999999999991,77,10974.0,,
32650.0,-1.730000000000004,71,11147.0,,
32655.0,-0.23000000000000398,69,11170.0,,
32660.0,-0.769999999999996,66,11247.0,,
32665.0,0.3199999999999932,69,11215.0,,
32670.0,-2.809999999999988,71,11496.0,,
32675.0,-2.230000000000004,77,11719.0,,
32680.0,-2.6000000000000085,80,11979.0,,
32685.0,-2.6599999999999966,76,12245.0,,
32690.0,-2.8400000000000034,73,12529.0,,
32695.0,-1.5499999999999972,70,12684.0,,
32700.0,-0.06999999999999318,69,12691.0,,
32705.0,-1.4699999999999989,69,12838.0,,
32710.0,-0.539999999999992,71,12892.0,,
32715.0,-1.8400000000000034,71,13076.0,,
32720.0,-2.6299999999999955,75,13339.0,,
32725.0,-2.490000000000009,77,13588.0,,
32730.0,-2.780000000000001,75,13866.0,,
32735.0,-1.490000000000009,67,14015.0,,
32740.0,0.17000000000001592,65,13998.0,,
32745.0,-1.3300000000000125,63,14131.0,,
32750.0,-2.359999999999985,62,14367.0,,
32755.0,7.519999999999982,60,13615.0,,
32760.0,17.480000000000004,59,11867.0,,
32765.0,7.590000000000003,54,11108.0,,
32770.0,-1.480000000000004,51,11256.0,,
32775.0,-0.37999999999999545,48,11294.0,,
32780.0,0.6799999999999926,48,11226.0,,
32785.0,0.8500000000000085,56,11141.0,,
32790.0,0.5900000000000034,64,11082.0,,
32795.0,-1.5300000000000011,69,11235.0,,
32800.0,-2.3900000000000006,75,11474.0,,
32805.0,-2.700000000000003,78,11744.0,,
32810.0,-3.180000000000007,74,12062.0,,
32815.0,-2.6199999999999903,70,12324.0,,
32820.0,-1.6600000000000108,67,12490.0,,
32825.0,0.020000000000010232,68,12488.0,,
32830.0,-1.5100000000000051,69,12639.0,,
32835.0,-0.5600000000000023,70,12695.0,,
32840.0,-1.8999999999999915,71,12885.0,,
32845.0,-2.450000000000017,74,13130.0,,
32850.0,-2.25,77,13355.0,,
32855.0,-2.839999999999975,73,13639.0,,
32860.0,-2.670000000000016,68,13906.0,,
32865.0,-1.5,70,14056.0,,
32870.0,-0.13999999999998636,68,14070.0,,
32875.0,-0.7400000000000091,67,14144.0,,
32880.0,-1.1400000000000148,66,14258.0,,
32885.0,-2.759999999999991,68,14534.0,,
32890.0,-2.460000000000008,73,14780.0,,
32895.0,-2.1399999999999864,74,14994.0,,
32900.0,-2.5900000000000034,71,15253.0,,
32905.0,-3.0,70,15553.0,,
32910.0,-1.2299999999999898,67,15676.0,,
32915.0,0.1599999999999966,64,15660.0,,
32920.0,-1.6400000000000148,61,15824.0,,
32925.0,-2.3899999999999864,61,16063.0,,
32930.0,-2.259999999999991,61,16289.0,,
32935.0,-2.930000000000007,66,16582.0,,
32940.0,9.829999999999984,64,15599.0,,
32945.0,29.030000000000015,63,12696.0,,
32950.0,-1.1700000000000017,58,12813.0,,
32955.0,0.5499999999999972,52,12758.0,,
32960.0,-2.3800000000000097,57,12996.0,,
32965.0,-2.329999999999984,64,13229.0,,
32970.0,9.909999999999997,66,12238.0,,
32975.0,23.129999999999995,65,9925.0,,
32980.0,-1.3499999999999943,60,10060.0,,
32985.0,1.1099999999999994,60,9949.0,,
32990.0,-0.1700000000000017,59,9966.0,,
32995.0,1.4699999999999989,67,9819.0,,
33000.0,-0.730000000000004,69,9892.0,,
33005.0,-2.039999999999992,77,10096.0,,
33010.0,-1.7000000000000028,81,10266.0,,
33015.0,-1.8299999999999983,77,10449.0,,
33020.0,-2.3700000000000045,73,10686.0,,
33025.0,-1.4399999999999977,68,10830.0,,
33030.0,-0.13000000000000966,66,10843.0,,
33035.0,-0.5699999999999932,64,10900.0,,
33040.0,0.7399999999999949,67,10826.0,,
33045.0,-1.5499999999999972,70,10981.0,,
33050.0,-1.8100000000000023,77,11162.0,,
33055.0,-1.6700000000000017,79,11329.0,,
33060.0,-2.75,75,11604.0,,
33065.0,-2.8299999999999983,70,11887.0,,
33070.0,-1.289999999999992,66,12016.0,,
33075.0,1.0600000000000023,63,11910.0,,
33080.0,-1.1400000000000006,65,12024.0,,
33085.0,-0.75,66,12099.0,,
33090.0,-2.7700000000000102,67,12376.0,,
33095.0,-2.519999999999996,74,12628.0,,
33100.0,-2.3000000000000114,76,12858.0,,
33105.0,-2.9399999999999977,70,13152.0,,
33110.0,-2.6499999999999773,66,13417.0,,
33115.0,-2.880000000000024,70,13705.0,,
33120.0,-1.5699999999999932,68,13862.0,,
33125.0,-0.03999999999999204,65,13866.0,,
33130.0,-1.8400000000000034,65,14050.0,,
33135.0,-2.4099999999999966,59,14291.0,,
33140.0,10.370000000000005,58,13254.0,,
33145.0,18.989999999999995,55,11355.0,,
33150.0,2.6700000000000017,55,11088.0,,
33155.0,-2.010000000000005,55,11289.0,,
33160.0,7.659999999999997,51,10523.0,,
33165.0,17.210000000000008,51,8802.0,,
33170.0,4.329999999999998,51,8369.0,,
33175.0,0.9500000000000028,55,8274.0,,
33180.0,0.7099999999999937,57,8203.0,,
33185.0,0.6700000000000017,70,8136.0,,
33190.0,-1.7099999999999937,73,8307.0,,
33195.0,-2.5200000000000102,78,8559.0,,
33200.0,-2.700000000000003,82,8829.0,,
33205.0,-2.3999999999999915,78,9069.0,,
33210.0,-2.519999999999996,74,9321.0,,
33215.0,7.179999999999993,70,8603.0,,
33220.0,11.659999999999997,68,7437.0,,
33225.0,-1.0499999999999972,66,7542.0,,
33230.0,0.9899999999999949,61,7443.0,,
33235.0,-2.1599999999999966,61,7659.0,,
33240.0,-1.759999999999991,68,7835.0,,
33245.0,-1.460000000000008,75,7981.0,,
33250.0,-2.4099999999999966,78,8222.0,,
33255.0,-3.3900000000000006,79,8561.0,,
33260.0,-1.5,78,8711.0,,
33265.0,0.1700000000000017,76,8694.0,,
33270.0,0.3499999999999943,72,8659.0,,
33275.0,1.480000000000004,68,8511.0,,
33280.0,-1.5499999999999972,72,8666.0,,
33285.0,-2.6500000000000057,77,8931.0,,
33290.0,-2.6299999999999955,84,9194.0,,
33295.0,-3.3700000000000045,84,9531.0,,
33300.0,-3.469999999999999,81,9878.0,,
33305.0,-1.6099999999999994,79,10039.0,,
33310.0,0.20999999999999375,77,10018.0,,
33315.0,-1.1299999999999955,73,10131.0,,
33320.0,0.5900000000000034,73,10072.0,,
33325.0,-1.5400000000000063,74,10226.0,,
33330.0,-2.530000000000001,81,10479.0,,
33335.0,-2.9299999999999926,85,10772.0,,
33340.0,-3.260000000000005,83,11098.0,,
33345.0,-3.280000000000001,79,11426.0,,
33350.0,-1.3799999999999955,76,11564.0,,
33355.0,0.8299999999999983,71,11481.0,,
33360.0,-1.4899999999999949,67,11630.0,,
33365.0,-0.29000000000000625,70,11659.0,,
33370.0,-1.8900000000000006,73,11848.0,,
33375.0,-2.839999999999989,82,12132.0,,
33380.0,-2.970000000000013,85,12429.0,,
33385.0,-3.3299999999999983,83,12762.0,,
33390.0,-3.1699999999999875,76,13079.0,,
33395.0,-1.0400000000000205,72,13183.0,,
33400.0,1.210000000000008,71,13062.0,,
33405.0,-1.0199999999999818,66,13164.0,,
33410.0,-2.3600000000000136,64,13400.0,,
33415.0,-2.490000000000009,67,13649.0,,
33420.0,-2.9599999999999795,71,13945.0,,
33425.0,-1.2800000000000011,69,14073.0,,
33430.0,0.44999999999998863,70,14028.0,,
33435.0,-0.8000000000000114,70,14108.0,,
33440.0,0.6900000000000261,69,14039.0,,
33445.0,-3.25,76,14364.0,,
33450.0,-3.180000000000007,81,14682.0,,
33455.0,-3.3300000000000125,84,15015.0,,
33460.0,-3.3100000000000023,79,15346.0,,
33465.0,-3.030000000000001,74,15649.0,,
33470.0,-1.3499999999999943,72,15784.0,,
33475.0,1.8100000000000023,71,15603.0,,
33480.0,-1.289999999999992,65,15732.0,,
33485.0,-0.5999999999999943,65,15792.0,,
33490.0,-2.930000000000007,74,16085.0,,
33495.0,-2.25,79,16310.0,,
33500.0,-3.0200000000000102,80,16612.0,,
33505.0,-2.789999999999992,75,16891.0,,
33510.0,-3.1299999999999955,74,17204.0,,
33515.0,-1.2900000000000205,72,17333.0,,
33520.0,0.4200000000000159,68,17291.0,,
33525.0,-1.1299999999999955,64,17404.0,,
33530.0,-2.5,64,17654.0,,
33535.0,-2.390000000000015,64,17893.0,,
33540.0,-2.9199999999999875,66,18185.0,,
33545.0,-3.4000000000000057,74,18525.0,,
33550.0,-1.6699999999999875,73,18692.0,,
33555.0,-0.21999999999999886,70,18714.0,,
33560.0,-1.0800000000000125,69,18822.0,,
33565.0,0.21000000000000796,69,18801.0,,
33570.0,-2.6599999999999966,74,19067.0,,
33575.0,-3.160000000000025,78,19383.0,,
33580.0,-3.1799999999999784,82,19701.0,,
33585.0,-3.490000000000009,80,20050.0,,
33590.0,-3.289999999999992,77,20379.0,,
33595.0,-1.450000000000017,72,20524.0,,
33600.0,0.12000000000000455,69,20512.0,,
33605.0,-0.2599999999999909,66,20538.0,,
33610.0,-0.3100000000000023,67,20569.0,,
33615.0,-2.170000000000016,73,20786.0,,
33620.0,-2.789999999999992,79,21065.0,,
33625.0,-2.799999999999983,84,21345.0,,
33630.0,-3.170000000000016,79,21662.0,,
33635.0,-3.1299999999999955,74,21975.0,,
33640.0,-1.289999999999992,71,22104.0,,
33645.0,0.5600000000000023,67,22048.0,,
33650.0,-1.8900000000000148,65,22237.0,,
33655.0,-1.0300000000000011,70,22340.0,,
33660.0,-3.1699999999999875,77,22657.0,,
33665.0,-2.9099999999999966,82,22948.0,,
33670.0,-2.6500000000000057,82,23213.0,,
33675.0,-2.930000000000007,78,23506.0,,
33680.0,-1.25,69,23631.0,,
33685.0,1.3900000000000148,65,23492.0,,
33690.0,-2.8300000000000125,65,23775.0,,
33695.0,-2.5,65,24025.0,,
33700.0,-2.3899999999999864,67,24264.0,,
33705.0,-2.8500000000000227,70,24549.0,,
33710.0,-1.259999999999991,69,24675.0,,
33715.0,0.27000000000001023,65,24648.0,,
33720.0,-1.2199999999999989,65,24770.0,,
33725.0,-0.4200000000000159,68,24812.0,,
33730.0,-2.6899999999999977,73,25081.0,,
33735.0,-3.1899999999999977,80,25400.0,,
33740.0,-3.490000000000009,84,25749.0,,
33745.0,-3.1899999999999977,77,26068.0,,
33750.0,-1.4699999999999704,70,26215.0,,
33755.0,0.40999999999996817,67,26174.0,,
33760.0,-1.6299999999999955,65,26337.0,,
33765.0,-2.6499999999999773,68,26602.0,,
33770.0,-2.410000000000025,69,26843.0,,
33775.0,-2.7799999999999727,69,27121.0,,
33780.0,-2.9500000000000455,72,27416.0,,
33785.0,-1.589999999999975,71,27575.0,,
33790.0,0.10000000000002274,67,27565.0,,
33795.0,0.38999999999998636,64,27526.0,,
33800.0,1.1599999999999682,67,27410.0,,
33805.0,-2.6899999999999977,71,27679.0,,
33810.0,-3.0,78,27979.0,,
33815.0,-3.0,80,28279.0,,
33820.0,-3.3899999999999864,74,28618.0,,
33825.0,-2.9399999999999977,70,28912.0,,
33830.0,-1.4499999999999886,67,29057.0,,
33835.0,0.5799999999999841,67,28999.0,,
33840.0,-1.6999999999999886,67,29169.0,,
33845.0,-0.9200000000000159,64,29261.0,,
33850.0,-2.9499999999999886,74,29556.0,,
33855.0,-2.7900000000000205,80,29835.0,,
33860.0,-2.609999999999957,79,30096.0,,
33865.0,-2.8799999999999955,73,30384.0,,
33870.0,-2.8500000000000227,72,30669.0,,
33875.0,-1.3000000000000114,68,30799.0,,
33880.0,0.22000000000002728,64,30777.0,,
33885.0,-0.6000000000000227,63,30837.0,,
33890.0,-1.2199999999999704,66,30959.0,,
33895.0,-2.4399999999999977,71,31203.0,,
33900.0,-2.6200000000000045,75,31465.0,,
33905.0,-2.660000000000025,78,31731.0,,
33910.0,-2.740000000000009,75,32005.0,,
33915.0,-2.839999999999975,71,32289.0,,
33920.0,-1.1999999999999886,66,32409.0,,
33925.0,0.6099999999999568,62,32348.0,,
33930.0,-2.2199999999999704,60,32570.0,,
33935.0,-2.319999999999993,59,32802.0,,
33940.0,-2.230000000000018,64,33025.0,,
33945.0,-2.9700000000000273,70,33322.0,,
33950.0,-3.509999999999991,72,33673.0,,
33955.0,-1.6200000000000045,68,33835.0,,
33960.0,0.6100000000000136,65,33774.0,,
33965.0,-1.25,61,33899.0,,
33970.0,-0.2400000000000091,65,33923.0,,
33975.0,-2.259999999999991,71,34149.0,,
33980.0,-2.980000000000018,74,34447.0,,
33985.0,-3.1299999999999955,77,34760.0,,
33990.0,-3.17999999999995,73,35078.0,,
33995.0,-2.8600000000000136,70,35364.0,,
34000.0,-1.259999999999991,67,35490.0,,
34005.0,1.5699999999999932,63,35333.0,,
34010.0,-1.2100000000000364,62,35454.0,,
34015.0,-1.3100000000000023,67,35585.0,,
34020.0,-2.9699999999999704,73,35882.0,,
34025.0,-2.6399999999999864,75,36146.0,,
34030.0,-2.420000000000016,75,36388.0,,
34035.0,-2.740000000000009,70,36662.0,,
34040.0,-2.740000000000009,66,36936.0,,
34045.0,-1.25,63,37061.0,,
34050.0,0.5600000000000023,62,37005.0,,
34055.0,-2.240000000000009,64,37229.0,,
34060.0,-2.269999999999982,69,37456.0,,
34065.0,-2.680000000000007,73,37724.0,,
34070.0,-2.5299999999999727,75,37977.0,,
34075.0,-2.2000000000000455,74,38197.0,,
34080.0,-2.5299999999999727,69,38450.0,,
34085.0,-2.6499999999999773,66,38715.0,,
34090.0,-0.9800000000000182,65,38813.0,,
34095.0,0.7599999999999909,62,38737.0,,
34100.0,-0.9099999999999682,58,38828.0,,
34105.0,-2.1300000000000523,56,39041.0,,
34110.0,-1.9099999999999682,57,39232.0,,
34115.0,-2.5400000000000205,61,39486.0,,
34120.0,-3.089999999999975,65,39795.0,,
34125.0,-1.5,67,39945.0,,
34130.0,0.060000000000002274,65,39939.0,,
34135.0,-0.9700000000000273,63,40036.0,,
34140.0,-1.3999999999999773,67,40176.0,,
34145.0,-3.2200000000000273,73,40498.0,,
34150.0,-3.079999999999984,74,40806.0,,
34155.0,-2.769999999999982,73,41083.0,,
34160.0,-2.8000000000000114,71,41363.0,,
34165.0,-2.980000000000018,69,41661.0,,
34170.0,-1.3199999999999932,67,41793.0,,
34175.0,1.3500000000000227,64,41658.0,,
34180.0,-2.670000000000016,60,41925.0,,
34185.0,-2.2200000000000273,57,42147.0,,
34190.0,-2.2199999999999704,62,42369.0,,
34195.0,-2.6999999999999886,67,42639.0,,
34200.0,-3.2800000000000296,70,42967.0,,
34205.0,-3.4799999999999613,73,43315.0,,
34210.0,-1.5600000000000023,70,43471.0,,
34215.0,0.13999999999998636,65,43457.0,,
34220.0,-2.0500000000000114,62,43662.0,,
34225.0,-2.8500000000000227,62,43947.0,,
34230.0,-2.9699999999999704,68,44244.0,,
34235.0,-3.3799999999999955,72,44582.0,,
34240.0,-3.590000000000032,75,44941.0,,
34245.0,-3.75,76,45316.0,,
34250.0,-1.759999999999991,73,45492.0,,
34255.0,-0.19999999999998863,68,45512.0,,
34260.0,-0.4800000000000182,67,45560.0,,
34265.0,1.2100000000000364,69,45439.0,,
34270.0,-2.150000000000034,72,45654.0,,
34275.0,-2.9899999999999523,77,45953.0,,
34280.0,-3.4600000000000364,85,46299.0,,
34285.0,-3.329999999999984,78,46632.0,,
34290.0,-3.230000000000018,75,46955.0,,
34295.0,-1.4599999999999795,72,47101.0,,
34300.0,0.0999999999999659,70,47091.0,,
34305.0,-1.1199999999999477,69,47203.0,,
34310.0,0.2599999999999909,69,47177.0,,
34315.0,-2.340000000000032,73,47411.0,,
34320.0,-2.7099999999999795,82,47682.0,,
34325.0,-3.1100000000000136,86,47993.0,,
34330.0,-3.230000000000018,78,48316.0,,
34335.0,-3.159999999999968,76,48632.0,,
34340.0,-1.400000000000034,73,48772.0,,
34345.0,0.3900000000000432,71,48733.0,,
34350.0,-1.5200000000000387,66,48885.0,,
34355.0,-0.75,67,48960.0,,
34360.0,-2.7399999999999523,77,49234.0,,
34365.0,-2.9500000000000455,82,49529.0,,
34370.0,-2.8899999999999864,83,49818.0,,
34375.0,-2.839999999999975,78,50102.0,,
34380.0,-3.080000000000041,76,50410.0,,
34385.0,-1.3899999999999864,72,50549.0,,
34390.0,0.8400000000000318,68,50465.0,,
34395.0,-1.170000000000016,64,50582.0,,
34400.0,-2.3799999999999955,59,50820.0,,
34405.0,-2.170000000000016,61,51037.0,,
34410.0,-2.909999999999968,71,51328.0,,
34415.0,-3.6100000000000136,74,51689.0,,
34420.0,-1.5399999999999636,74,51843.0,,
34425.0,0.2599999999999909,69,51817.0,,
34430.0,-1.3000000000000682,68,51947.0,,
34435.0,0.36000000000001364,67,51911.0,,
34440.0,-1.7899999999999636,74,52090.0,,
34445.0,-3.25,81,52415.0,,
34450.0,-3.340000000000032,86,52749.0,,
34455.0,-3.509999999999991,80,53100.0,,
34460.0,-3.269999999999982,75,53427.0,,
34465.0,-1.3000000000000682,71,53557.0,,
34470.0,0.7600000000001046,67,53481.0,,
34475.0,-2.9200000000000728,65,53773.0,,
34480.0,-2.480000000000018,65,54021.0,,
34485.0,-2.7199999999999136,69,54293.0,,
34490.0,-3.2000000000000455,74,54613.0,,
34495.0,-3.7100000000000364,78,54984.0,,
34500.0,-1.6200000000000045,75,55146.0,,
34505.0,0.38999999999998636,71,55107.0,,
34510.0,0.20000000000004547,67,55087.0,,
34515.0,0.7300000000000182,66,55014.0,,
34520.0,-3.090000000000032,73,55323.0,,
34525.0,-3.1200000000000045,79,55635.0,,
34530.0,-3.3500000000000227,84,55970.0,,
34535.0,-3.5299999999999727,81,56323.0,,
34540.0,-1.5299999999999727,74,56476.0,,
34545.0,0.4600000000000364,69,56430.0,,
34550.0,-1.2800000000000864,67,56558.0,,
34555.0,0.0,71,56558.0,,
34560.0,-3.169999999999959,77,56875.0,,
34565.0,-3.2100000000000364,87,57196.0,,
34570.0,-3.0699999999999363,88,57503.0,,
34575.0,-3.340000000000032,80,57837.0,,
34580.0,-1.07000000000005,71,57944.0,,
34585.0,0.4700000000000273,68,57897.0,,
34590.0,-0.9099999999999682,65,57988.0,,
34595.0,-0.7100000000000364,64,58059.0,,
34600.0,-2.189999999999941,72,58278.0,,
34605.0,-2.5299999999999727,83,58531.0,,
34610.0,-3.1200000000000045,85,58843.0,,
34615.0,-2.830000000000041,77,59126.0,,
34620.0,-0.9500000000000455,68,59221.0,,
34625.0,0.6299999999999955,65,59158.0,,
34630.0,-2.1100000000000136,65,59369.0,,
34635.0,-2.519999999999982,63,59621.0,,
34640.0,-2.2999999999999545,65,59851.0,,
34645.0,-2.8700000000000045,70,60138.0,,
34650.0,-1.4400000000000546,70,60282.0,,
34655.0,0.15000000000009095,66,60267.0,,
34660.0,-1.5900000000000318,67,60426.0,,
34665.0,-0.37999999999999545,67,60464.0,,
34670.0,-2.419999999999959,75,60706.0,,
34675.0,-3.300000000000068,83,61036.0,,
34680.0,-3.269999999999982,83,61363.0,,
34685.0,-3.480000000000018,77,61711.0,,
34690.0,-1.259999999999991,69,61837.0,,
34695.0,0.2699999999999818,65,61810.0,,
34700.0,-0.5499999999999545,63,61865.0,,
34705.0,-0.9099999999999682,66,61956.0,,
34710.0,-2.9500000000000455,71,62251.0,,
34715.0,-2.6800000000000637,79,62519.0,,
34720.0,-2.5,80,62769.0,,
34725.0,-2.769999999999982,75,63046.0,,
34730.0,-2.67999999999995,71,63314.0,,
34735.0,-1.2899999999999636,69,63443.0,,
34740.0,0.34999999999990905,67,63408.0,,
34745.0,-2.3799999999999955,63,63646.0,,
34750.0,-2.449999999999932,61,63891.0,,
34755.0,-2.259999999999991,63,64117.0,,
34760.0,-2.910000000000082,68,64408.0,,
34765.0,-3.3799999999999955,72,64746.0,,
34770.0,-1.5599999999999454,73,64902.0,,
34775.0,0.0,71,64902.0,,
34780.0,-2.240000000000009,68,65126.0,,
34785.0,-2.9500000000000455,66,65421.0,,
34790.0,-3.0499999999999545,67,65726.0,,
34795.0,-3.2799999999999727,71,66054.0,,
34800.0,-3.550000000000068,74,66409.0,,
34805.0,-1.919999999999959,77,66601.0,,
34810.0,-0.43000000000006366,73,66644.0,,
34815.0,-0.39999999999997726,69,66684.0,,
34820.0,1.1600000000000819,68,66568.0,,
34825.0,-1.3700000000000045,74,66705.0,,
34830.0,-3.060000000000059,82,67011.0,,
34835.0,-3.409999999999968,83,67352.0,,
34840.0,-3.230000000000018,78,67675.0,,
34845.0,-3.090000000000032,76,67984.0,,
34850.0,-1.8099999999999454,72,68165.0,,
34855.0,-0.009999999999990905,67,68166.0,,
34860.0,-1.0900000000000318,66,68275.0,,
34865.0,0.2899999999999636,65,68246.0,,
34870.0,-2.92999999999995,73,68539.0,,
34875.0,-2.6200000000000045,79,68801.0,,
34880.0,-3.060000000000059,86,69107.0,,
34885.0,-3.3799999999999955,80,69445.0,,
34890.0,-3.2999999999999545,76,69775.0,,
34895.0,-1.3400000000000318,72,69909.0,,
34900.0,0.37999999999999545,68,69871.0,,
34905.0,-2.92999999999995,65,70164.0,,
34910.0,-2.580000000000041,65,70422.0,,
34915.0,-2.669999999999959,71,70689.0,,
34920.0,-3.330000000000041,76,71022.0,,
34925.0,-3.7799999999999727,78,71400.0,,
34930.0,-1.7300000000000182,77,71573.0,,
34935.0,1.4800000000000182,74,71425.0,,
34940.0,-0.8600000000000136,70,71511.0,,
34945.0,0.8799999999999955,70,71423.0,,
34950.0,-3.3299999999999272,77,71756.0,,
34955.0,-3.300000000000068,82,72086.0,,
34960.0,-3.340000000000032,87,72420.0,,
34965.0,-3.449999999999932,82,72765.0,,
34970.0,-3.269999999999982,78,73092.0,,
34975.0,-1.4500000000000455,73,73237.0,,
34980.0,1.2100000000000364,70,73116.0,,
34985.0,-0.9100000000000819,70,73207.0,,
34990.0,0.8300000000000409,67,73124.0,,
34995.0,-1.9800000000000182,74,73322.0,,
35000.0,-2.7200000000000273,80,73594.0,,
35005.0,-2.689999999999941,82,73863.0,,
35010.0,-3.259999999999991,79,74189.0,,
35015.0,-3.1900000000000546,75,74508.0,,
35020.0,-1.3899999999999864,73,74647.0,,
35025.0,0.21000000000003638,71,74626.0,,
35030.0,-0.8799999999999955,69,74714.0,,
35035.0,-0.12999999999999545,67,74727.0,,
35040.0,-2.4400000000000546,75,74971.0,,
35045.0,-2.8899999999999864,81,75260.0,,
35050.0,-2.689999999999941,81,75529.0,,
35055.0,-3.090000000000032,77,75838.0,,
35060.0,-3.2100000000000364,76,76159.0,,
35065.0,-1.3999999999999773,72,76299.0,,
35070.0,0.4900000000000091,69,76250.0,,
35075.0,-1.669999999999959,65,76417.0,,
35080.0,-0.7200000000000273,67,76489.0,,
35085.0,-2.6900000000000546,77,76758.0,,
35090.0,-2.8899999999999864,81,77047.0,,
35095.0,-2.6499999999999773,84,77312.0,,
35100.0,-3.009999999999991,79,77613.0,,
35105.0,-3.330000000000041,75,77946.0,,
35110.0,-2.089999999999918,71,78155.0,,
35115.0,-1.8400000000000318,73,78339.0,,
35120.0,-3.2100000000000364,77,78660.0,,
35125.0,-3.1100000000000136,75,78971.0,,
35130.0,-2.8799999999999955,74,79259.0,,
35135.0,-0.7899999999999636,73,79338.0,,
35140.0,1.7000000000000455,69,79168.0,,
35145.0,-2.0200000000000955,63,79370.0,,
35150.0,-2.669999999999959,60,79637.0,,
35155.0,-2.6200000000000045,61,79899.0,,
35160.0,-3.0499999999999545,69,80204.0,,
35165.0,-3.2000000000000455,70,80524.0,,
35170.0,-0.9800000000000182,75,80622.0,,
35175.0,2.769999999999982,71,80345.0,,
35180.0,-3.2199999999999136,67,80667.0,,
35185.0,-2.910000000000082,64,80958.0,,
35190.0,-2.7899999999999636,63,81237.0,,
35195.0,-3.1000000000000227,68,81547.0,,
35200.0,-3.490000000000009,76,81896.0,,
35205.0,-1.259999999999991,74,82022.0,,
35210.0,2.259999999999991,76,81796.0,,
35215.0,-1.4099999999999682,70,81937.0,,
35220.0,0.25,67,81912.0,,
35225.0,-3.2200000000000273,74,82234.0,,
35230.0,-3.2999999999999545,80,82564.0,,
35235.0,-3.3999999999999773,85,82904.0,,
35240.0,-3.6900000000000546,83,83273.0,,
35245.0,-1.17999999999995,75,83391.0,,
35250.0,0.8500000000000227,71,83306.0,,
35255.0,-1.150000000000091,65,83421.0,,
35260.0,-2.5,63,83671.0,,
35265.0,-2.3199999999999363,65,83903.0,,
35270.0,-2.8500000000000227,71,84188.0,,
35275.0,-1.4700000000000273,73,84335.0,,
35280.0,0.15999999999996817,71,84319.0,,
35285.0,0.020000000000095497,69,84317.0,,
35290.0,0.67999999999995,67,84249.0,,
35295.0,-3.009999999999991,74,84550.0,,
35300.0,-3.259999999999991,82,84876.0,,
35305.0,-3.2799999999999727,85,85204.0,,
35310.0,-3.5,82,85554.0,,
35315.0,-1.8500000000000227,74,85739.0,,
35320.0,-0.22000000000002728,72,85761.0,,
35325.0,-1.3099999999999454,66,85892.0,,
35330.0,0.07999999999992724,66,85884.0,,
35335.0,-2.5799999999999272,73,86142.0,,
35340.0,-2.9600000000000364,82,86438.0,,
35345.0,-2.990000000000009,84,86737.0,,
35350.0,-3.080000000000041,82,87045.0,,
35355.0,-1.6299999999999955,73,87208.0,,
35360.0,-0.09999999999990905,68,87218.0,,
35365.0,-1.5900000000000318,66,87377.0,,
35370.0,-0.9900000000000091,70,87476.0,,
35375.0,-2.1399999999999864,74,87690.0,,
35380.0,-2.7000000000000455,81,87960.0,,
35385.0,-2.8099999999999454,83,88241.0,,
35390.0,-2.480000000000018,78,88489.0,,
35395.0,-1.1599999999999682,68,88605.0,,
35400.0,1.490000000000009,63,88456.0,,
35405.0,-2.5,61,88706.0,,
35410.0,-1.9600000000000364,58,88902.0,,
35415.0,-2.2799999999999727,63,89130.0,,
35420.0,-2.840000000000032,71,89414.0,,
35425.0,-3.1499999999999773,74,89729.0,,
35430.0,-1.5199999999999818,71,89881.0,,
35435.0,0.13999999999998636,67,89867.0,,
35440.0,-3.080000000000041,63,90175.0,,
35445.0,-2.7899999999999636,60,90454.0,,
35450.0,-2.910000000000082,65,90745.0,,
35455.0,-3.3799999999999955,76,91083.0,,
35460.0,-1.75,72,91258.0,,
35465.0,-0.2099999999999227,70,91279.0,,
35470.0,-0.9600000000000364,67,91375.0,,
35475.0,0.6699999999999591,68,91308.0,,
35480.0,-3.2899999999999636,77,91637.0,,
35485.0,-3.3700000000000045,84,91974.0,,
35490.0,-3.519999999999982,88,92326.0,,
35495.0,-3.490000000000009,82,92675.0,,
35500.0,-1.7799999999999727,73,92853.0,,
35505.0,0.01999999999998181,68,92851.0,,
35510.0,0.2300000000000182,64,92828.0,,
35515.0,0.18999999999994088,64,92809.0,,
35520.0,-2.9599999999999227,73,93105.0,,
35525.0,-2.759999999999991,81,93381.0,,
35530.0,-2.7000000000000455,85,93651.0,,
35535.0,-2.7999999999999545,79,93931.0,,
35540.0,-1.7100000000000364,69,94102.0,,
35545.0,-0.009999999999990905,67,94103.0,,
35550.0,-0.7100000000000364,63,94174.0,,
35555.0,-0.5099999999999909,66,94225.0,,
35560.0,-1.990000000000009,72,94424.0,,
35565.0,-2.490000000000009,79,94673.0,,
35570.0,-2.740000000000009,80,94947.0,,
35575.0,-2.7200000000000273,73,95219.0,,
35580.0,-2.4799999999999045,70,95467.0,,
35585.0,-1.3100000000000591,65,95598.0,,
35590.0,0.42000000000007276,61,95556.0,,
35595.0,-1.07000000000005,58,95663.0,,
35600.0,-0.9400000000000546,64,95757.0,,
35605.0,-2.839999999999918,70,96041.0,,
35610.0,-2.7000000000000455,76,96311.0,,
35615.0,-2.42999999999995,77,96554.0,,
35620.0,-3.080000000000041,72,96862.0,,
35625.0,-2.7100000000000364,68,97133.0,,
35630.0,-1.0299999999999727,63,97236.0,,
35635.0,0.5800000000000409,62,97178.0,,
35640.0,-2.2100000000000364,63,97399.0,,
35645.0,-2.080000000000041,66,97607.0,,
35650.0,-2.8999999999999773,74,97897.0,,
35655.0,-2.769999999999982,75,98174.0,,
35660.0,-2.3999999999999773,76,98414.0,,
35665.0,-2.8999999999999773,69,98704.0,,
35670.0,-2.660000000000082,66,98970.0,,
35675.0,-0.8999999999999773,64,99060.0,,
35680.0,1.5600000000000591,61,98904.0,,
35685.0,-1.4700000000000273,57,99051.0,,
35690.0,-2.159999999999968,55,99267.0,,
35695.0,-1.9300000000000637,57,99460.0,,
35700.0,-2.590000000000032,62,99719.0,,
35705.0,-3.0599999999999454,66,100025.0,,
35710.0,-1.2799999999999727,66,100153.0,,
35715.0,0.2899999999999636,64,100124.0,,
35720.0,-1.9500000000000455,63,100319.0,,
35725.0,-1.3699999999998909,65,100456.0,,
35730.0,-3.0200000000000955,73,100758.0,,
35735.0,-2.8899999999999864,75,101047.0,,
35740.0,-3.089999999999918,76,101356.0,,
35745.0,-2.82000000000005,71,101638.0,,
35750.0,-2.9600000000000364,68,101934.0,,
35755.0,-1.1100000000000136,64,102045.0,,
35760.0,0.7400000000000091,63,101971.0,,
35765.0,-1.0499999999999545,58,102076.0,,
35770.0,-2.060000000000059,56,102282.0,,
35775.0,-1.8999999999999773,55,102472.0,,
35780.0,-2.2799999999999727,64,102700.0,,
35785.0,-3.2000000000000455,68,103020.0,,
35790.0,-3.4500000000000455,71,103365.0,,
35795.0,-1.3599999999999,67,103501.0,,
35800.0,0.33999999999991815,64,103467.0,,
35805.0,-1.0799999999999272,60,103575.0,,
35810.0,-0.8099999999999454,66,103656.0,,
35815.0,-2.8300000000001546,70,103939.0,,
35820.0,-3.019999999999982,75,104241.0,,
35825.0,-3.0799999999999272,78,104549.0,,
35830.0,-3.1099999999999,72,104860.0,,
35835.0,-2.759999999999991,68,105136.0,,
35840.0,-1.1800000000000637,64,105254.0,,
35845.0,0.6299999999998818,60,105191.0,,
35850.0,-2.599999999999909,62,105451.0,,
35855.0,-2.4200000000000728,61,105693.0,,
35860.0,-2.2999999999999545,62,105923.0,,
35865.0,-2.75,66,106198.0,,
35870.0,-3.3199999999999363,70,106530.0,,
35875.0,-1.3900000000001,66,106669.0,,
35880.0,0.39000000000010004,64,106630.0,,
35885.0,-1.9600000000000364,63,106826.0,,
35890.0,-2.880000000000109,63,107114.0,,
35895.0,-2.9199999999998454,65,107406.0,,
35900.0,-3.240000000000009,69,107730.0,,
35905.0,-3.4400000000000546,71,108074.0,,
35910.0,-1.6299999999998818,70,108237.0,,
35915.0,0.07999999999992724,66,108229.0,,
35920.0,0.4099999999998545,65,108188.0,,
35925.0,0.5,65,108138.0,,
35930.0,-1.6899999999998272,71,108307.0,,
35935.0,-3.009999999999991,76,108608.0,,
35940.0,-3.1100000000001273,80,108919.0,,
35945.0,-3.2999999999999545,73,109249.0,,
35950.0,-2.75,69,109524.0,,
35955.0,-1.4400000000000546,66,109668.0,,
35960.0,-0.06999999999993634,67,109675.0,,
35965.0,-0.5699999999999363,63,109732.0,,
35970.0,-0.7699999999999818,65,109809.0,,
35975.0,-3.0,73,110109.0,,
35980.0,-2.790000000000191,80,110388.0,,
35985.0,-2.619999999999891,80,110650.0,,
35990.0,-2.9400000000000546,73,110944.0,,
35995.0,-2.7999999999999545,72,111224.0,,
36000.0,-1.3399999999999181,68,111358.0,,
36005.0,0.10999999999989996,64,111347.0,,
36010.0,-0.7999999999999545,61,111427.0,,
36015.0,-1.1400000000001,65,111541.0,,
36020.0,-2.9700000000000273,75,111838.0,,
36025.0,-2.7999999999999545,77,112118.0,,
36030.0,-2.4600000000000364,79,112364.0,,
36035.0,-2.8199999999999363,75,112646.0,,
36040.0,-3.0399999999999636,71,112950.0,,
36045.0,-1.3800000000001091,67,113088.0,,
36050.0,1.3200000000001637,64,112956.0,,
36055.0,-1.0700000000001637,57,113063.0,,
36060.0,-1.2999999999999545,67,113193.0,,
36065.0,-2.769999999999982,74,113470.0,,
36070.0,-2.839999999999918,79,113754.0,,
36075.0,-2.6000000000001364,80,114014.0,,
36080.0,-2.949999999999818,71,114309.0,,
36085.0,-2.5800000000001546,68,114567.0,,
36090.0,-2.8099999999999454,68,114848.0,,
36095.0,-1.009999999999991,63,114949.0,,
36100.0,1.3099999999999454,62,114818.0,,
36105.0,-1.9600000000000364,59,115014.0,,
36110.0,-1.6599999999998545,65,115180.0,,
36115.0,-2.630000000000109,75,115443.0,,
36120.0,-2.480000000000018,77,115691.0,,
36125.0,-2.8999999999998636,78,115981.0,,
36130.0,-2.880000000000109,71,116269.0,,
36135.0,-2.75,66,116544.0,,
36140.0,-2.7999999999999545,69,116824.0,,
36145.0,-1.1099999999999,68,116935.0,,
36150.0,0.8199999999999363,64,116853.0,,
36155.0,-2.6900000000000546,60,117122.0,,
36160.0,-2.2799999999999727,59,117350.0,,
36165.0,-2.2899999999999636,61,117579.0,,
36170.0,-3.0599999999999454,65,117885.0,,
36175.0,-3.3700000000001182,73,118222.0,,
36180.0,-1.3099999999999454,70,118353.0,,
36185.0,1.2100000000000364,68,118232.0,,
36190.0,-1.75,64,118407.0,,
36195.0,-0.8700000000001182,66,118494.0,,
36200.0,-2.5,74,118744.0,,
36205.0,-3.1799999999998363,77,119062.0,,
36210.0,-3.1800000000000637,80,119380.0,,
36215.0,-3.130000000000109,75,119693.0,,
36220.0,-2.849999999999909,71,119978.0,,
36225.0,-1.1100000000001273,67,120089.0,,
36230.0,0.8500000000001364,63,120004.0,,
36235.0,-1.5199999999999818,60,120156.0,,
36240.0,-2.0599999999999454,59,120362.0,,
36245.0,-2.2200000000000273,64,120584.0,,
36250.0,-2.910000000000082,69,120875.0,,
36255.0,-3.4500000000000455,72,121220.0,,
36260.0,-1.3999999999998636,69,121360.0,,
36265.0,0.2999999999999545,67,121330.0,,
36270.0,-0.4700000000000273,61,121377.0,,
36275.0,-0.5099999999999909,66,121428.0,,
36280.0,-2.9300000000000637,74,121721.0,,
36285.0,-3.2200000000000273,80,122043.0,,
36290.0,-3.1799999999998363,81,122361.0,,
36295.0,-3.3300000000001546,74,122694.0,,
36300.0,-2.8599999999999,71,122980.0,,
36305.0,65.59999999999991,67,116420.0,,
36310.0,131.42000000000007,64,103278.0,,
36315.0,32.08999999999992,60,100069.0,,
36320.0,1.2900000000000773,59,99940.0,,
36325.0,-1.3899999999999864,55,100079.0,,
36330.0,-1.830000000000041,63,100262.0,,
36335.0,-1.9600000000000364,68,100458.0,,
36340.0,-2.1200000000000045,71,100670.0,,
36345.0,-2.849999999999909,74,100955.0,,
36350.0,-1.5300000000000864,73,101108.0,,
36355.0,0.3300000000000409,73,101075.0,,
36360.0,0.5299999999999727,69,101022.0,,
36365.0,0.3300000000000409,64,100989.0,,
36370.0,-2.919999999999959,73,101281.0,,
36375.0,-2.380000000000109,80,101519.0,,
36380.0,-2.7199999999999136,83,101791.0,,
36385.0,-2.759999999999991,77,102067.0,,
36390.0,-3.2800000000000864,76,102395.0,,
36395.0,-1.259999999999991,72,102521.0,,
36400.0,0.37000000000011823,69,102484.0,,
36405.0,-0.3100000000001728,62,102515.0,,
36410.0,-0.09999999999990905,63,102525.0,,
36415.0,-1.759999999999991,71,102701.0,,
36420.0,-2.7999999999999545,76,102981.0,,
36425.0,-2.7000000000000455,80,103251.0,,
36430.0,-3.1400000000001,77,103565.0,,
36435.0,-1.5,70,103715.0,,
36440.0,0.3300000000001546,66,103682.0,,
36445.0,-2.1900000000000546,63,103901.0,,
36450.0,-2.4300000000000637,63,104144.0,,
36455.0,-2.480000000000018,65,104392.0,,
36460.0,-2.6299999999998818,69,104655.0,,
36465.0,-1.7000000000000455,71,104825.0,,
36470.0,-0.17000000000007276,70,104842.0,,
36475.0,-1.5899999999999181,67,105001.0,,
36480.0,0.4600000000000364,66,104955.0,,
36485.0,-3.0599999999999454,79,105261.0,,
36490.0,-2.910000000000082,81,105552.0,,
36495.0,-3.2899999999999636,82,105881.0,,
36500.0,-3.130000000000109,76,106194.0,,
36505.0,-3.1699999999998454,73,106511.0,,
36510.0,-1.3500000000001364,69,106646.0,,
36515.0,0.3400000000001455,64,106612.0,,
36520.0,-1.7700000000002092,59,106789.0,,
36525.0,-2.259999999999991,58,107015.0,,
36530.0,-2.3999999999998636,65,107255.0,,
36535.0,-2.990000000000009,72,107554.0,,
36540.0,-1.7699999999999818,70,107731.0,,
36545.0,0.4700000000000273,68,107684.0,,
36550.0,-0.4500000000000455,64,107729.0,,
36555.0,0.38999999999987267,65,107690.0,,
36560.0,-1.7799999999999727,71,107868.0,,
36565.0,-2.8599999999999,78,108154.0,,
36570.0,-3.3199999999999363,82,108486.0,,
36575.0,-3.25,74,108811.0,,
36580.0,-2.9600000000000364,70,109107.0,,
36585.0,-1.4500000000000455,66,109252.0,,
36590.0,-0.09999999999990905,63,109262.0,,
36595.0,-0.5700000000001637,58,109319.0,,
36600.0,-0.5899999999999181,64,109378.0,,
36605.0,-2.910000000000082,73,109669.0,,
36610.0,-2.8599999999999,82,109955.0,,
36615.0,-2.900000000000091,82,110245.0,,
36620.0,-2.7000000000000455,72,110515.0,,
36625.0,-2.8899999999998727,70,110804.0,,
36630.0,-2.980000000000018,70,111102.0,,
36635.0,-1.259999999999991,66,111228.0,,
36640.0,0.30999999999994543,65,111197.0,,
36645.0,-1.6499999999998636,63,111362.0,,
36650.0,-0.44000000000005457,65,111406.0,,
36655.0,-2.630000000000109,72,111669.0,,
36660.0,-2.7899999999999636,78,111948.0,,
36665.0,-2.7100000000000364,79,112219.0,,
36670.0,-3.0799999999999272,71,112527.0,,
36675.0,-2.910000000000082,69,112818.0,,
36680.0,-2.980000000000018,72,113116.0,,
36685.0,-1.1899999999998272,68,113235.0,,
36690.0,0.7999999999999545,63,113155.0,,
36695.0,-1.9200000000000728,61,113347.0,,
36700.0,-1.5499999999999545,64,113502.0,,
36705.0,-3.089999999999918,75,113811.0,,
36710.0,-2.910000000000082,78,114102.0,,
36715.0,-2.8700000000001182,80,114389.0,,
36720.0,-3.3799999999998818,78,114727.0,,
36725.0,-3.1400000000001,72,115041.0,,
36730.0,-0.9499999999998181,68,115136.0,,
36735.0,2.0599999999999454,64,114930.0,,
36740.0,-0.9100000000000819,58,115021.0,,
36745.0,-1.849999999999909,66,115206.0,,
36750.0,-2.5800000000001546,69,115464.0,,
36755.0,-2.689999999999827,77,115733.0,,
36760.0,-2.5,79,115983.0,,
36765.0,-2.8700000000001182,73,116270.0,,
36770.0,-2.869999999999891,69,116557.0,,
36775.0,-0.7300000000000182,63,116630.0,,
36780.0,2.339999999999918,60,116396.0,,
36785.0,-2.5399999999999636,58,116650.0,,
36790.0,-2.2200000000000273,58,116872.0,,
36795.0,-2.2200000000000273,61,117094.0,,
36800.0,-2.9400000000000546,67,117388.0,,
36805.0,-3.349999999999909,70,117723.0,,
36810.0,-1.240000000000009,67,117847.0,,
36815.0,0.6900000000000546,65,117778.0,,
36820.0,-1.8700000000001182,65,117965.0,,
36825.0,-1.1399999999998727,66,118079.0,,
36830.0,-2.5,73,118329.0,,
36835.0,-3.2100000000000364,79,118650.0,,
36840.0,-3.099999999999909,82,118960.0,,
36845.0,-3.0300000000002,73,119263.0,,
36850.0,-2.8799999999998818,68,119551.0,,
36855.0,-0.900000000000091,66,119641.0,,
36860.0,1.7799999999999727,64,119463.0,,
36865.0,-1.7399999999997817,60,119637.0,,
36870.0,-2.2200000000000273,55,119859.0,,
36875.0,-2.0800000000001546,59,120067.0,,
36880.0,-2.839999999999918,65,120351.0,,
36885.0,-3.339999999999918,69,120685.0,,
36890.0,-1.2800000000002,66,120813.0,,
36895.0,0.3400000000001455,66,120779.0,,
36900.0,-0.900000000000091,61,120869.0,,
36905.0,-0.8999999999998636,66,120959.0,,
36910.0,-2.800000000000182,75,121239.0,,
36915.0,-3.1799999999998363,77,121557.0,,
36920.0,-3.0299999999999727,78,121860.0,,
36925.0,-3.1100000000001273,72,122171.0,,
36930.0,-2.9200000000000728,71,122463.0,,
36935.0,-1.25,68,122588.0,,
36940.0,1.290000000000191,65,122459.0,,
36945.0,-1.8600000000001273,57,122645.0,,
36950.0,-1.599999999999909,66,122805.0,,
36955.0,-3.019999999999982,74,123107.0,,
36960.0,-2.75,78,123382.0,,
36965.0,-2.810000000000173,78,123663.0,,
36970.0,-2.709999999999809,73,123934.0,,
36975.0,-3.0,71,124234.0,,
36980.0,-1.1300000000001091,65,124347.0,,
36985.0,1.5299999999999727,63,124194.0,,
36990.0,-1.990000000000009,57,124393.0,,
36995.0,-1.8899999999998727,66,124582.0,,
37000.0,-3.009999999999991,73,124883.0,,
37005.0,-2.519999999999982,79,125135.0,,
37010.0,-2.9300000000000637,81,125428.0,,
37015.0,-2.8099999999999454,73,125709.0,,
37020.0,-2.990000000000009,70,126008.0,,
37025.0,-1.0399999999999636,66,126112.0,,
37030.0,0.8599999999999,62,126026.0,,
37035.0,-1.3099999999999454,60,126157.0,,
37040.0,-2.2000000000000455,66,126377.0,,
37045.0,-2.980000000000018,73,126675.0,,
37050.0,-2.5,79,126925.0,,
37055.0,-2.730000000000018,78,127198.0,,
37060.0,-2.740000000000009,70,127472.0,,
37065.0,-2.7000000000000455,66,127742.0,,
37070.0,-0.5699999999999363,64,127799.0,,
37075.0,1.2899999999999636,59,127670.0,,
37080.0,-1.7000000000000455,58,127840.0,,
37085.0,-2.119999999999891,55,128052.0,,
37090.0,-2.0399999999999636,58,128256.0,,
37095.0,-2.7899999999999636,65,128535.0,,
37100.0,-3.3400000000001455,69,128869.0,,
37105.0,-1.1499999999998636,66,128984.0,,
37110.0,0.709999999999809,66,128913.0,,
37115.0,-1.259999999999991,61,129039.0,,
37120.0,-1.5599999999999454,65,129195.0,,
37125.0,-2.6699999999998454,71,129462.0,,
37130.0,-3.0,75,129762.0,,
37135.0,-3.040000000000191,77,130066.0,,
37140.0,-3.1399999999998727,71,130380.0,,
37145.0,-2.6100000000001273,66,130641.0,,
37150.0,-0.8599999999999,65,130727.0,,
37155.0,0.8899999999998727,62,130638.0,,
37160.0,-0.7999999999999545,56,130718.0,,
37165.0,-2.0699999999999363,55,130925.0,,
37170.0,-1.8599999999999,53,131111.0,,
37175.0,-2.050000000000182,64,131316.0,,
37180.0,-3.009999999999991,70,131617.0,,
37185.0,-2.7799999999999727,71,131895.0,,
37190.0,-2.9199999999998454,70,132187.0,,
37195.0,-3.3400000000001455,70,132521.0,,
37200.0,-3.3599999999999,71,132857.0,,
37205.0,-1.0800000000001546,68,132965.0,,
37210.0,0.9800000000000182,64,132867.0,,
37215.0,-2.0399999999999636,59,133071.0,,
37220.0,-2.6099999999999,61,133332.0,,
37225.0,-2.660000000000082,62,133598.0,,
37230.0,-3.0499999999999545,71,133903.0,,
37235.0,-3.400000000000091,72,134243.0,,
37240.0,-1.3299999999999272,71,134376.0,,
37245.0,0.6099999999999,66,134315.0,,
37250.0,0.18000000000006366,62,134297.0,,
37255.0,-0.8099999999999454,67,134378.0,,
37260.0,-2.8199999999999363,73,134660.0,,
37265.0,-3.2000000000000455,81,134980.0,,
37270.0,-3.1000000000001364,81,135290.0,,
37275.0,-3.099999999999909,73,135600.0,,
37280.0,-2.8199999999999363,69,135882.0,,
37285.0,-2.769999999999982,71,136159.0,,
37290.0,-3.150000000000091,73,136474.0,,
37295.0,-1.25,72,136599.0,,
37300.0,0.8599999999999,69,136513.0,,
37305.0,0.2400000000000091,63,136489.0,,
37310.0,-1.3899999999998727,64,136628.0,,
37315.0,-2.980000000000018,74,136926.0,,
37320.0,-2.75,78,137201.0,,
37325.0,-2.9700000000000273,77,137498.0,,
37330.0,-3.2000000000000455,75,137818.0,,
37335.0,-2.9700000000000273,73,138115.0,,
37340.0,-1.2199999999998,69,138237.0,,
37345.0,0.8799999999998818,65,138149.0,,
37350.0,-2.160000000000082,62,138365.0,,
37355.0,-1.740000000000009,68,138539.0,,
37360.0,-2.740000000000009,73,138813.0,,
37365.0,-2.6799999999998363,77,139081.0,,
37370.0,-2.6200000000001182,82,139343.0,,
37375.0,-2.869999999999891,75,139630.0,,
37380.0,-3.130000000000109,72,139943.0,,
37385.0,-0.7599999999999909,67,140019.0,,
37390.0,1.2899999999999636,61,139890.0,,
37395.0,-2.6299999999998818,56,140153.0,,
37400.0,-2.259999999999991,58,140379.0,,
37405.0,-2.4200000000000728,64,140621.0,,
37410.0,-3.0699999999999363,69,140928.0,,
37415.0,-3.5299999999999727,74,141281.0,,
37420.0,-3.769999999999982,76,141658.0,,
37425.0,-1.0399999999999636,70,141762.0,,
37430.0,1.099999999999909,69,141652.0,,
37435.0,-0.5099999999999909,66,141703.0,,
37440.0,-0.7599999999999909,64,141779.0,,
37445.0,-2.7999999999999545,72,142059.0,,
37450.0,-3.269999999999982,80,142386.0,,
37455.0,-3.400000000000091,82,142726.0,,
37460.0,-3.1900000000000546,77,143045.0,,
37465.0,-3.1399999999998727,74,143359.0,,
37470.0,-0.9100000000000819,71,143450.0,,
37475.0,1.1199999999998909,70,143338.0,,
37480.0,-0.9799999999997908,63,143436.0,,
37485.0,-2.3700000000001182,58,143673.0,,
37490.0,-2.2000000000000455,61,143893.0,,
37495.0,-2.8799999999998818,68,144181.0,,
37500.0,-3.4700000000000273,73,144528.0,,
37505.0,-1.3600000000001273,75,144664.0,,
37510.0,0.4600000000000364,71,144618.0,,
37515.0,-0.6499999999998636,67,144683.0,,
37520.0,-0.2699999999999818,69,144710.0,,
37525.0,-2.019999999999982,73,144912.0,,
37530.0,-3.2000000000000455,79,145232.0,,
37535.0,-3.269999999999982,84,145559.0,,
37540.0,-3.1800000000000637,76,145877.0,,
37545.0,-3.1400000000001,75,146191.0,,
37550.0,-1.199999999999818,72,146311.0,,
37555.0,0.709999999999809,68,146240.0,,
37560.0,-2.9699999999998,65,146537.0,,
37565.0,-2.380000000000109,59,146775.0,,
37570.0,-2.3299999999999272,65,147008.0,,
37575.0,-3.0900000000001455,72,147317.0,,
37580.0,-3.769999999999982,79,147694.0,,
37585.0,-1.5599999999999454,77,147850.0,,
37590.0,0.38000000000010914,73,147812.0,,
37595.0,-0.5900000000001455,67,147871.0,,
37600.0,0.049999999999954525,68,147866.0,,
37605.0,-3.1599999999998545,73,148182.0,,
37610.0,-3.009999999999991,79,148483.0,,
37615.0,-3.519999999999982,89,148835.0,,
37620.0,-3.4700000000000273,82,149182.0,,
37625.0,-1.5600000000001728,74,149338.0,,
37630.0,1.2300000000000182,69,149215.0,,
37635.0,-1.490000000000009,66,149364.0,,
37640.0,-0.5599999999999454,68,149420.0,,
37645.0,-3.009999999999991,76,149721.0,,
37650.0,-2.8199999999999363,81,150003.0,,
37655.0,-2.900000000000091,87,150293.0,,
37660.0,-3.099999999999909,80,150603.0,,
37665.0,-1.1900000000000546,70,150722.0,,
37670.0,0.6100000000001273,67,150661.0,,
37675.0,-0.9600000000000364,60,150757.0,,
37680.0,-0.7400000000000091,64,150831.0,,
37685.0,-2.7100000000000364,71,151102.0,,
37690.0,-2.8099999999999454,81,151383.0,,
37695.0,-2.7100000000000364,84,151654.0,,
37700.0,-2.8700000000001182,75,151941.0,,
37705.0,-2.839999999999918,73,152225.0,,
37710.0,-1.0299999999999727,67,152328.0,,
37715.0,0.8899999999998727,65,152239.0,,
37720.0,-0.9299999999998363,58,152332.0,,
37725.0,-1.5499999999999545,63,152487.0,,
37730.0,-2.6400000000001,73,152751.0,,
37735.0,-2.769999999999982,78,153028.0,,
37740.0,-2.6100000000001273,81,153289.0,,
37745.0,-3.0599999999999454,73,153595.0,,
37750.0,-2.8099999999999454,68,153876.0,,
37755.0,-0.9100000000000819,65,153967.0,,
37760.0,1.1700000000000728,62,153850.0,,
37765.0,-2.5,62,154100.0,,
37770.0,-2.490000000000009,66,154349.0,,
37775.0,-3.019999999999982,74,154651.0,,
37780.0,-2.769999999999982,76,154928.0,,
37785.0,-2.660000000000082,81,155194.0,,
37790.0,-3.0599999999999454,74,155500.0,,
37795.0,-2.9700000000000273,71,155797.0,,
37800.0,-0.849999999999909,70,155882.0,,
37805.0,2.3999999999998636,66,155642.0,,
37810.0,-2.7799999999999727,61,155920.0,,
37815.0,-1.9099999999998545,55,156111.0,,
37820.0,92.99000000000001,52,146812.0,,
37825.0,188.25,57,127987.0,,
37830.0,92.91999999999985,54,118695.0,,
37835.0,-2.099999999999909,56,118905.0,,
37840.0,-0.08000000000015461,51,118913.0,,
37845.0,1.990000000000009,53,118714.0,,
37850.0,-1.3899999999998727,58,118853.0,,
37855.0,-2.2100000000000364,57,119074.0,,
37860.0,92.6400000000001,65,109810.0,,
37865.0,183.70999999999992,66,91439.0,,
37870.0,45.289999999999964,66,86910.0,,
37875.0,0.8600000000000136,64,86824.0,,
37880.0,-0.17999999999994998,56,86842.0,,
37885.0,0.7699999999999818,65,86765.0,,
37890.0,-0.8100000000000591,74,86846.0,,
37895.0,-0.8099999999999454,82,86927.0,,
37900.0,-2.6399999999999864,83,87191.0,,
37905.0,-3.060000000000059,84,87497.0,,
37910.0,-2.8099999999999454,84,87778.0,,
37915.0,-1.8500000000000227,81,87963.0,,
37920.0,-0.67999999999995,76,88031.0,,
37925.0,-1.0900000000000318,69,88140.0,,
37930.0,-0.3300000000000409,63,88173.0,,
37935.0,-1.1599999999999682,61,88289.0,,
37940.0,0.8600000000000136,60,88203.0,,
37945.0,-2.4600000000000364,55,88449.0,,
37950.0,-2.509999999999991,66,88700.0,,
37955.0,-2.2000000000000455,72,88920.0,,
37960.0,-1.240000000000009,75,89044.0,,
37965.0,-0.2999999999999545,74,89074.0,,
37970.0,-1.7100000000000364,68,89245.0,,
37975.0,-2.4699999999999136,64,89492.0,,
37980.0,-2.650000000000091,67,89757.0,,
37985.0,-1.2699999999999818,63,89884.0,,
37990.0,0.6100000000000136,60,89823.0,,
37995.0,-2.5699999999999363,58,90080.0,,
38000.0,-2.7200000000000273,66,90352.0,,
38005.0,-3.0,73,90652.0,,
38010.0,-2.5,78,90902.0,,
38015.0,-3.1299999999999955,80,91215.0,,
38020.0,-3.019999999999982,72,91517.0,,
38025.0,-2.9500000000000455,68,91812.0,,
38030.0,-2.92999999999995,70,92105.0,,
38035.0,-0.9500000000000455,65,92200.0,,
38040.0,1.1599999999999682,62,92084.0,,
38045.0,-2.730000000000018,61,92357.0,,
38050.0,-2.349999999999909,60,92592.0,,
38055.0,-2.1200000000000045,59,92804.0,,
38060.0,-2.1299999999999955,68,93017.0,,
38065.0,-3.1200000000000045,74,93329.0,,
38070.0,-2.9500000000000455,73,93624.0,,
38075.0,-2.990000000000009,72,93923.0,,
38080.0,-3.2100000000000364,71,94244.0,,
38085.0,-0.6199999999998909,69,94306.0,,
38090.0,1.6199999999998909,65,94144.0,,
38095.0,-1.8299999999999272,60,94327.0,,
38100.0,-2.3899999999999864,54,94566.0,,
38105.0,-2.3500000000000227,57,94801.0,,
38110.0,-2.8799999999999955,65,95089.0,,
38115.0,-3.259999999999991,70,95415.0,,
38120.0,-0.9900000000000091,72,95514.0,,
38125.0,1.080000000000041,69,95406.0,,
38130.0,-0.900000000000091,63,95496.0,,
38135.0,-1.6499999999999773,66,95661.0,,
38140.0,-2.7999999999999545,70,95941.0,,
38145.0,-2.990000000000009,74,96240.0,,
38150.0,-3.0400000000000773,78,96544.0,,
38155.0,-3.189999999999941,73,96863.0,,
38160.0,-0.7300000000000182,67,96936.0,,
38165.0,1.1599999999999682,64,96820.0,,
38170.0,-1.5699999999999363,60,96977.0,,
38175.0,-2.050000000000068,55,97182.0,,
38180.0,-1.9699999999999136,59,97379.0,,
38185.0,-2.5400000000000773,65,97633.0,,
38190.0,-3.0799999999999272,70,97941.0,,
38195.0,-1.2300000000000182,68,98064.0,,
38200.0,0.6399999999999864,65,98000.0,,
38205.0,-1.1399999999999864,57,98114.0,,
38210.0,-2.57000000000005,56,98371.0,,
38215.0,-1.3600000000000136,57,98507.0,,
38220.0,-0.7899999999999636,65,98586.0,,
38225.0,-3.340000000000032,74,98920.0,,
38230.0,-3.240000000000009,73,99244.0,,
38235.0,-3.25,72,99569.0,,
38240.0,-3.42999999999995,71,99912.0,,
38245.0,-3.42999999999995,73,100255.0,,
38250.0,-3.5300000000000864,73,100608.0,,
38255.0,-1.1100000000000136,72,100719.0,,
38260.0,1.9200000000000728,69,100527.0,,
38265.0,-3.1000000000000227,63,100837.0,,
38270.0,-2.7999999999999545,61,101117.0,,
38275.0,-1.830000000000041,61,101300.0,,
38280.0,-1.2200000000000273,68,101422.0,,
38285.0,-3.2799999999999727,73,101750.0,,
38290.0,-3.169999999999959,75,102067.0,,
38295.0,-3.2100000000000364,73,102388.0,,
38300.0,-3.3999999999999773,76,102728.0,,
38305.0,-3.6200000000001182,77,103090.0,,
38310.0,-0.959999999999809,73,103186.0,,
38315.0,1.4399999999998272,70,103042.0,,
38320.0,-3.1399999999998727,64,103356.0,,
38325.0,-2.6400000000001,58,103620.0,,
38330.0,99.05000000000007,58,93715.0,,
38335.0,200.53999999999996,62,73661.0,,
38340.0,-0.6699999999999591,67,73728.0,,
38345.0,1.5199999999999818,63,73576.0,,
38350.0,-1.6000000000000227,63,73736.0,,
38355.0,-1.9099999999999682,61,73927.0,,
38360.0,-1.2200000000000273,64,74049.0,,
38365.0,-0.7100000000000364,71,74120.0,,
38370.0,-3.0599999999999454,75,74426.0,,
38375.0,-2.7200000000000273,80,74698.0,,
38380.0,-3.0299999999999727,79,75001.0,,
38385.0,-1.1200000000000045,77,75113.0,,
38390.0,1.32000000000005,72,74981.0,,
38395.0,-1.9200000000000728,67,75173.0,,
38400.0,-2.2899999999999636,62,75402.0,,
38405.0,100.00999999999999,62,65401.0,,
38410.0,202.02999999999997,65,45198.0,,
38415.0,50.370000000000005,64,40161.0,,
38420.0,1.160000000000025,62,40045.0,,
38425.0,-1.259999999999991,60,40171.0,,
38430.0,-1.4600000000000364,62,40317.0,,
38435.0,-1.0600000000000023,64,40423.0,,
38440.0,0.1400000000000432,69,40409.0,,
38445.0,-1.5300000000000296,76,40562.0,,
38450.0,-2.2900000000000205,78,40791.0,,
38455.0,-2.4599999999999795,80,41037.0,,
38460.0,-3.009999999999991,79,41338.0,,
38465.0,-1.0600000000000023,73,41444.0,,
38470.0,1.0199999999999818,69,41342.0,,
38475.0,-2.009999999999991,66,41543.0,,
38480.0,-2.319999999999993,63,41775.0,,
38485.0,100.58999999999997,59,31716.0,,
38490.0,111.62000000000003,63,20554.0,,
38495.0,20.049999999999983,64,18549.0,,
38500.0,1.0,59,18449.0,,
38505.0,-1.0999999999999943,57,18559.0,,
38510.0,-1.6200000000000045,61,18721.0,,
38515.0,-0.75,69,18796.0,,
38520.0,0.6299999999999955,69,18733.0,,
38525.0,-3.0,74,19033.0,,
38530.0,-2.859999999999985,77,19319.0,,
38535.0,-2.780000000000001,79,19597.0,,
38540.0,-3.289999999999992,78,19926.0,,
38545.0,-3.0400000000000205,79,20230.0,,
38550.0,-1.3699999999999761,78,20367.0,,
38555.0,0.75,77,20292.0,,
38560.0,-0.4900000000000091,70,20341.0,,
38565.0,-0.5999999999999943,68,20401.0,,
38570.0,-2.960000000000008,75,20697.0,,
38575.0,-2.509999999999991,80,20948.0,,
38580.0,-3.280000000000001,87,21276.0,,
38585.0,-3.6200000000000045,83,21638.0,,
38590.0,-3.2700000000000102,80,21965.0,,
38595.0,-1.25,77,22090.0,,
38600.0,2.25,72,21865.0,,
38605.0,-1.9799999999999898,69,22063.0,,
38610.0,-0.7599999999999909,65,22139.0,,
38615.0,-2.710000000000008,71,22410.0,,
38620.0,-2.670000000000016,78,22677.0,,
38625.0,-2.7099999999999795,89,22948.0,,
38630.0,-3.450000000000017,83,23293.0,,
38635.0,-3.259999999999991,78,23619.0,,
38640.0,-0.8600000000000136,75,23705.0,,
38645.0,1.2300000000000182,70,23582.0,,
38650.0,-1.0200000000000102,68,23684.0,,
38655.0,-1.3700000000000045,63,23821.0,,
38660.0,-2.9599999999999795,73,24117.0,,
38665.0,-2.8600000000000136,83,24403.0,,
38670.0,-3.009999999999991,85,24704.0,,
38675.0,-3.2600000000000193,82,25030.0,,
38680.0,-3.2399999999999807,77,25354.0,,
38685.0,-1.0,74,25454.0,,
38690.0,1.4499999999999886,70,25309.0,,
38695.0,-3.0700000000000216,67,25616.0,,
38700.0,-2.6999999999999886,66,25886.0,,
38705.0,27.910000000000025,62,23095.0,,
38710.0,58.97,64,17198.0,,
38715.0,7.449999999999989,65,16453.0,,
38720.0,1.5600000000000023,63,16297.0,,
38725.0,-2.3000000000000114,59,16527.0,,
38730.0,-1.5199999999999818,65,16679.0,,
38735.0,-2.210000000000008,73,16900.0,,
38740.0,-2.8300000000000125,76,17183.0,,
38745.0,12.76000000000002,77,15907.0,,
38750.0,28.769999999999982,77,13030.0,,
38755.0,-1.0300000000000011,70,13133.0,,
38760.0,1.5300000000000011,68,12980.0,,
38765.0,-1.4899999999999807,65,13129.0,,
38770.0,-2.219999999999999,73,13351.0,,
38775.0,13.349999999999994,71,12016.0,,
38780.0,23.739999999999995,71,9642.0,,
38785.0,-1.0799999999999983,69,9750.0,,
38790.0,0.7999999999999972,70,9670.0,,
38795.0,-2.299999999999997,63,9900.0,,
38800.0,-1.5100000000000051,67,10051.0,,
38805.0,8.780000000000001,74,9173.0,,
38810.0,10.189999999999998,73,8154.0,,
38815.0,5.400000000000006,73,7614.0,,
38820.0,0.4099999999999966,70,7573.0,,
38825.0,1.3599999999999994,66,7437.0,,
38830.0,3.4000000000000057,69,7097.0,,
38835.0,-1.5300000000000011,81,7250.0,,
38840.0,-1.6899999999999977,85,7419.0,,
38845.0,-1.5499999999999972,92,7574.0,,
38850.0,-2.3299999999999983,89,7807.0,,
38855.0,-2.1000000000000085,87,8017.0,,
38860.0,-1.2199999999999989,82,8139.0,,
38865.0,0.8499999999999943,79,8054.0,,
38870.0,-0.39000000000000057,77,8093.0,,
38875.0,2.0600000000000023,72,7887.0,,
38880.0,-2.8299999999999983,76,8170.0,,
38885.0,-2.1199999999999903,84,8382.0,,
38890.0,-2.3700000000000045,90,8619.0,,
38895.0,-3.6599999999999966,90,8985.0,,
38900.0,-3.6400000000000006,85,9349.0,,
38905.0,-1.8500000000000085,84,9534.0,,
38910.0,0.20000000000000284,82,9514.0,,
38915.0,-0.9399999999999977,79,9608.0,,
38920.0,3.1700000000000017,72,9291.0,,
38925.0,-3.1099999999999994,74,9602.0,,
38930.0,-2.8800000000000097,82,9890.0,,
38935.0,-3.039999999999992,93,10194.0,,
38940.0,-3.5700000000000074,88,10551.0,,
38945.0,-3.739999999999995,87,10925.0,,
38950.0,-1.6500000000000057,84,11090.0,,
38955.0,0.5,80,11040.0,,
38960.0,-0.22999999999998977,75,11063.0,,
38965.0,1.1400000000000006,69,10949.0,,
38970.0,-1.7800000000000011,72,11127.0,,
38975.0,-2.8700000000000045,81,11414.0,,
38980.0,-2.9200000000000017,90,11706.0,,
38985.0,-3.4599999999999937,88,12052.0,,
38990.0,-3.8400000000000034,85,12436.0,,
38995.0,-1.4000000000000057,81,12576.0,,
39000.0,0.9200000000000017,79,12484.0,,
39005.0,0.5100000000000051,72,12433.0,,
39010.0,0.09999999999999432,67,12423.0,,
39015.0,-1.8399999999999892,70,12607.0,,
39020.0,-2.6500000000000057,79,12872.0,,
39025.0,-2.6200000000000045,89,13134.0,,
39030.0,-3.4399999999999977,84,13478.0,,
39035.0,-3.259999999999991,81,13804.0,,
39040.0,-1.200000000000017,77,13924.0,,
39045.0,1.1200000000000045,72,13812.0,,
39050.0,-0.7400000000000091,69,13886.0,,
39055.0,-0.9599999999999795,69,13982.0,,
39060.0,-2.1899999999999977,74,14201.0,,
39065.0,-2.3100000000000023,81,14432.0,,
39070.0,-3.219999999999999,86,14754.0,,
39075.0,-3.0700000000000216,81,15061.0,,
39080.0,-1.0599999999999739,72,15167.0,,
39085.0,1.1599999999999966,71,15051.0,,
39090.0,-0.09000000000000341,65,15060.0,,
39095.0,-1.6800000000000068,67,15228.0,,
39100.0,-2.930000000000007,72,15521.0,,
39105.0,-2.359999999999985,78,15757.0,,
39110.0,-2.75,80,16032.0,,
39115.0,-2.8300000000000125,77,16315.0,,
39120.0,-2.819999999999993,74,16597.0,,
39125.0,-0.7599999999999909,72,16673.0,,
39130.0,2.1799999999999784,70,16455.0,,
39135.0,-2.9399999999999977,63,16749.0,,
39140.0,-2.1599999999999966,59,16965.0,,
39145.0,-2.3899999999999864,63,17204.0,,
39150.0,-2.969999999999999,68,17501.0,,
39155.0,-1.1299999999999955,69,17614.0,,
39160.0,0.6599999999999966,70,17548.0,,
39165.0,-0.950000000000017,67,17643.0,,
39170.0,-1.0699999999999932,68,17750.0,,
39175.0,-3.2299999999999898,76,18073.0,,
39180.0,-3.219999999999999,81,18395.0,,
39185.0,-3.240000000000009,83,18719.0,,
39190.0,-3.3300000000000125,78,19052.0,,
39195.0,-1.0900000000000034,68,19161.0,,
39200.0,1.5600000000000023,67,19005.0,,
39205.0,-2.280000000000001,65,19233.0,,
39210.0,-1.4699999999999989,68,19380.0,,
39215.0,-3.009999999999991,76,19681.0,,
39220.0,-2.6899999999999977,79,19950.0,,
39225.0,-2.780000000000001,83,20228.0,,
39230.0,-2.8100000000000023,77,20509.0,,
39235.0,-2.5600000000000023,74,20765.0,,
39240.0,-1.1999999999999886,72,20885.0,,
39245.0,0.7399999999999807,67,20811.0,,
39250.0,-0.9499999999999886,60,20906.0,,
39255.0,-2.259999999999991,58,21132.0,,
39260.0,12.039999999999992,55,19928.0,,
39265.0,26.189999999999998,58,17309.0,,
39270.0,5.990000000000009,62,16710.0,,
39275.0,0.6999999999999886,58,16640.0,,
39280.0,-1.4099999999999966,54,16781.0,,
39285.0,-1.3899999999999864,57,16920.0,,
39290.0,-0.7400000000000091,62,16994.0,,
39295.0,-0.36000000000001364,67,17030.0,,
39300.0,-3.030000000000001,74,17333.0,,
39305.0,-2.869999999999976,77,17620.0,,
39310.0,-2.670000000000016,76,17887.0,,
39315.0,-3.1699999999999875,76,18204.0,,
39320.0,-3.030000000000001,76,18507.0,,
39325.0,-1.460000000000008,76,18653.0,,
39330.0,0.4900000000000091,70,18604.0,,
39335.0,0.1799999999999784,65,18586.0,,
39340.0,-0.5699999999999932,67,18643.0,,
39345.0,-2.069999999999993,73,18850.0,,
39350.0,-2.710000000000008,81,19121.0,,
39355.0,-2.969999999999999,83,19418.0,,
39360.0,-3.1500000000000057,77,19733.0,,
39365.0,-3.1599999999999966,73,20049.0,,
39370.0,-0.9099999999999966,69,20140.0,,
39375.0,0.7700000000000102,64,20063.0,,
39380.0,-2.8700000000000045,63,20350.0,,
39385.0,-2.5,61,20600.0,,
39390.0,13.199999999999989,63,19280.0,,
39395.0,29.120000000000005,64,16368.0,,
39400.0,-0.9199999999999875,62,16460.0,,
39405.0,0.9199999999999875,57,16368.0,,
39410.0,-2.2099999999999795,56,16589.0,,
39415.0,-1.5900000000000034,66,16748.0,,
39420.0,-2.710000000000008,73,17019.0,,
39425.0,-2.969999999999999,79,17316.0,,
39430.0,-3.240000000000009,79,17640.0,,
39435.0,-1.5999999999999943,76,17800.0,,
39440.0,0.12999999999999545,72,17787.0,,
39445.0,0.8900000000000148,65,17698.0,,
39450.0,1.8100000000000023,68,17517.0,,
39455.0,0.20999999999997954,76,17496.0,,
39460.0,-3.4199999999999875,85,17838.0,,
39465.0,-3.0,88,18138.0,,
39470.0,-2.430000000000007,84,18381.0,,
39475.0,-2.990000000000009,75,18680.0,,
39480.0,-2.530000000000001,71,18933.0,,
39485.0,-1.079999999999984,70,19041.0,,
39490.0,0.539999999999992,68,18987.0,,
39495.0,-0.9499999999999886,62,19082.0,,
39500.0,-1.2800000000000011,66,19210.0,,
39505.0,-2.1599999999999966,71,19426.0,,
39510.0,-2.5400000000000205,80,19680.0,,
39515.0,-2.299999999999983,79,19910.0,,
39520.0,-2.5999999999999943,73,20170.0,,
39525.0,-3.0600000000000023,72,20476.0,,
39530.0,-1.0100000000000193,69,20577.0,,
39535.0,0.7900000000000205,64,20498.0,,
39540.0,-0.46999999999999886,60,20545.0,,
39545.0,-1.3300000000000125,62,20678.0,,
39550.0,-2.8499999999999943,69,20963.0,,
39555.0,-2.5500000000000114,75,21218.0,,
39560.0,-2.3799999999999955,80,21456.0,,
39565.0,-2.990000000000009,74,21755.0,,
39570.0,-2.9399999999999977,70,22049.0,,
39575.0,-3.0,70,22349.0,,
39580.0,-3.0900000000000034,72,22658.0,,
39585.0,-3.25,72,22983.0,,
39590.0,-0.9899999999999807,72,23082.0,,
39595.0,1.3100000000000023,68,22951.0,,
39600.0,-2.3700000000000045,68,23188.0,,
39605.0,-1.7800000000000011,67,23366.0,,
39610.0,-3.2299999999999898,76,23689.0,,
39615.0,-3.0900000000000034,80,23998.0,,
39620.0,-3.3300000000000125,82,24331.0,,
39625.0,-3.1599999999999966,76,24647.0,,
39630.0,-3.2299999999999898,73,24970.0,,
39635.0,-0.660000000000025,73,25036.0,,
39640.0,1.5400000000000205,69,24882.0,,
39645.0,-0.710000000000008,62,24953.0,,
39650.0,-2.3700000000000045,59,25190.0,,
39655.0,14.280000000000001,56,23762.0,,
39660.0,30.439999999999998,58,20718.0,,
39665.0,5.740000000000009,60,20144.0,,
39670.0,-2.210000000000008,61,20365.0,,
39675.0,-0.10999999999998522,56,20376.0,,
39680.0,2.9899999999999807,55,20077.0,,
39685.0,-1.4499999999999886,56,20222.0,,
39690.0,-2.210000000000008,58,20443.0,,
39695.0,14.29000000000002,60,19014.0,,
39700.0,30.419999999999987,66,15972.0,,
39705.0,7.3700000000000045,64,15235.0,,
39710.0,0.9000000000000057,62,15145.0,,
39715.0,0.3499999999999943,56,15110.0,,
39720.0,0.9399999999999977,61,15016.0,,
39725.0,-2.710000000000008,74,15287.0,,
39730.0,-2.6699999999999875,86,15554.0,,
39735.0,-2.530000000000001,87,15807.0,,
39740.0,-2.9099999999999966,83,16098.0,,
39745.0,-2.75,79,16373.0,,
39750.0,-1.6000000000000227,75,16533.0,,
39755.0,0.37000000000000455,72,16496.0,,
39760.0,0.2600000000000193,66,16470.0,,
39765.0,0.6099999999999852,65,16409.0,,
39770.0,-1.2299999999999898,78,16532.0,,
39775.0,-3.2600000000000193,87,16858.0,,
39780.0,-2.6999999999999886,89,17128.0,,
39785.0,-1.8300000000000125,83,17311.0,,
39790.0,-2.1499999999999773,73,17526.0,,
39795.0,-2.670000000000016,71,17793.0,,
39800.0,-2.569999999999993,71,18050.0,,
39805.0,-0.9300000000000068,67,18143.0,,
39810.0,0.8799999999999955,66,18055.0,,
39815.0,-2.25,65,18280.0,,
39820.0,-1.4499999999999886,66,18425.0,,
39825.0,-2.8100000000000023,72,18706.0,,
39830.0,-2.509999999999991,77,18957.0,,
39835.0,-2.5999999999999943,78,19217.0,,
39840.0,-3.0800000000000125,75,19525.0,,
39845.0,-3.0800000000000125,69,19833.0,,
39850.0,-3.0999999999999943,73,20143.0,,
39855.0,-1.0199999999999818,71,20245.0,,
39860.0,1.4099999999999966,68,20104.0,,
39865.0,-1.7600000000000193,61,20280.0,,
39870.0,-2.329999999999984,55,20513.0,,
39875.0,17.28,55,18785.0,,
39880.0,36.829999999999984,57,15102.0,,
39885.0,7.280000000000001,59,14374.0,,
39890.0,-2.4499999999999886,57,14619.0,,
39895.0,-2.3700000000000045,56,14856.0,,
39900.0,-0.09999999999999432,61,14866.0,,
39905.0,3.25,61,14541.0,,
39910.0,-1.7700000000000102,63,14718.0,,
39915.0,-2.509999999999991,60,14969.0,,
39920.0,17.52000000000001,61,13217.0,,
39925.0,24.409999999999982,63,10776.0,,
39930.0,5.160000000000011,62,10260.0,,
39935.0,1.25,61,10135.0,,
39940.0,-0.5600000000000023,56,10191.0,,
39945.0,-2.030000000000001,60,10394.0,,
39950.0,-0.8799999999999955,65,10482.0,,
39955.0,0.5699999999999932,69,10425.0,,
39960.0,-3.049999999999997,73,10730.0,,
39965.0,-2.7900000000000063,79,11009.0,,
39970.0,-2.7299999999999898,79,11282.0,,
39975.0,-2.930000000000007,80,11575.0,,
39980.0,-3.280000000000001,78,11903.0,,
39985.0,-1.0100000000000051,75,12004.0,,
39990.0,0.7600000000000051,73,11928.0,,
39995.0,-0.25,69,11953.0,,
40000.0,0.4399999999999977,65,11909.0,,
40005.0,-2.8499999999999943,73,12194.0,,
40010.0,-2.75,83,12469.0,,
40015.0,-3.1700000000000017,86,12786.0,,
40020.0,-3.519999999999996,81,13138.0,,
40025.0,-3.3100000000000023,77,13469.0,,
40030.0,-1.2199999999999989,76,13591.0,,
40035.0,0.7599999999999909,72,13515.0,,
40040.0,-0.8499999999999943,66,13600.0,,
40045.0,-0.5699999999999932,67,13657.0,,
40050.0,11.059999999999988,72,12551.0,,
40055.0,20.540000000000006,78,10497.0,,
40060.0,2.480000000000004,79,10249.0,,
40065.0,-2.0200000000000102,71,10451.0,,
40070.0,-0.789999999999992,63,10530.0,,
40075.0,1.4200000000000017,57,10388.0,,
40080.0,-1.0400000000000063,57,10492.0,,
40085.0,-1.1899999999999977,58,10611.0,,
40090.0,9.420000000000002,64,9669.0,,
40095.0,17.0,62,7969.0,,
40100.0,2.6700000000000017,60,7702.0,,
40105.0,0.9299999999999926,56,7609.0,,
40110.0,0.8200000000000074,52,7527.0,,
40115.0,-0.0799999999999983,60,7535.0,,
40120.0,-2.0500000000000114,71,7740.0,,
40125.0,-1.5699999999999932,80,7897.0,,
40130.0,-0.980000000000004,82,7995.0,,
40135.0,-1.6199999999999903,77,8157.0,,
40140.0,-1.4100000000000108,74,8298.0,,
40145.0,-0.6599999999999966,70,8364.0,,
40150.0,0.5,66,8314.0,,
40155.0,-0.6400000000000006,61,8378.0,,
40160.0,-1.0900000000000034,64,8487.0,,
40165.0,-2.569999999999993,73,8744.0,,
40170.0,-2.280000000000001,76,8972.0,,
40175.0,-1.9300000000000068,82,9165.0,,
40180.0,-2.9299999999999926,76,9458.0,,
40185.0,-3.1299999999999955,73,9771.0,,
40190.0,-1.3200000000000074,70,9903.0,,
40195.0,1.7000000000000028,64,9733.0,,
40200.0,-2.049999999999997,60,9938.0,,
40205.0,-1.4699999999999989,66,10085.0,,
40210.0,-2.960000000000008,73,10381.0,,
40215.0,-2.8499999999999943,83,10666.0,,
40220.0,-2.700000000000003,81,10936.0,,
40225.0,-2.9399999999999977,75,11230.0,,
40230.0,-2.8299999999999983,70,11513.0,,
40235.0,-1.0600000000000023,66,11619.0,,
40240.0,0.8900000000000006,65,11530.0,,
40245.0,-2.3599999999999994,65,11766.0,,
40250.0,-2.0,68,11966.0,,
40255.0,-2.740000000000009,73,12240.0,,
40260.0,-2.4799999999999898,78,12488.0,,
40265.0,-2.6700000000000017,76,12755.0,,
40270.0,-2.8100000000000165,73,13036.0,,
40275.0,-0.8299999999999841,65,13119.0,,
40280.0,1.1599999999999966,62,13003.0,,
40285.0,8.629999999999995,60,12140.0,,
40290.0,17.49000000000001,55,10391.0,,
40295.0,-2.3599999999999994,59,10627.0,,
40300.0,-1.8200000000000074,57,10809.0,,
40305.0,-1.539999999999992,58,10963.0,,
40310.0,-0.6000000000000085,58,11023.0,,
40315.0,1.2700000000000102,58,10896.0,,
40320.0,-1.690000000000012,64,11065.0,,
40325.0,-2.0,61,11265.0,,
40330.0,7.660000000000011,61,10499.0,,
40335.0,13.519999999999996,62,9147.0,,
40340.0,6.469999999999999,59,8500.0,,
40345.0,0.7399999999999949,55,8426.0,,
40350.0,-1.2199999999999989,56,8548.0,,
40355.0,-1.5699999999999932,63,8705.0,,
40360.0,-0.8500000000000085,67,8790.0,,
40365.0,0.0800000000000125,68,8782.0,,
40370.0,-1.9200000000000017,72,8974.0,,
40375.0,-2.210000000000008,74,9195.0,,
40380.0,-1.8100000000000023,76,9376.0,,
40385.0,-2.799999999999997,75,9656.0,,
40390.0,-1.509999999999991,72,9807.0,,
40395.0,0.9899999999999949,70,9708.0,,
40400.0,-0.46999999999999886,63,9755.0,,
40405.0,-0.8500000000000085,64,9840.0,,
40410.0,-2.7299999999999898,75,10113.0,,
40415.0,-2.4000000000000057,82,10353.0,,
40420.0,-2.989999999999995,81,10652.0,,
40425.0,-2.7900000000000063,77,10931.0,,
40430.0,-1.5300000000000011,68,11084.0,,
40435.0,0.38000000000000966,63,11046.0,,
40440.0,-1.9200000000000017,60,11238.0,,
40445.0,-1.6099999999999994,65,11399.0,,
40450.0,5.939999999999998,74,10805.0,,
40455.0,13.980000000000004,79,9407.0,,
40460.0,-3.180000000000007,80,9725.0,,
40465.0,-2.1500000000000057,71,9940.0,,
40470.0,-0.5999999999999943,61,10000.0,,
40475.0,1.1400000000000006,55,9886.0,,
40480.0,6.560000000000002,52,9230.0,,
40485.0,12.299999999999997,56,8000.0,,
40490.0,1.5699999999999932,58,7843.0,,
40495.0,0.060000000000002274,61,7837.0,,
40500.0,4.079999999999998,57,7429.0,,
40505.0,10.620000000000005,54,6367.0,,
40510.0,-0.23999999999999488,48,6391.0,,
40515.0,1.4199999999999946,50,6249.0,,
40520.0,0.5900000000000034,52,6190.0,,
40525.0,-0.38000000000000256,57,6228.0,,
40530.0,3.759999999999998,64,5852.0,,
40535.0,8.57,68,4995.0,,
40540.0,-2.029999999999994,67,5198.0,,
40545.0,-0.9100000000000037,60,5289.0,,
40550.0,0.6300000000000026,57,5226.0,,
40555.0,3.6699999999999946,57,4859.0,,
40560.0,0.8100000000000023,57,4778.0,,
40565.0,1.2199999999999989,60,4656.0,,
40570.0,-0.4099999999999966,63,4697.0,,
40575.0,1.3100000000000023,68,4566.0,,
40580.0,-0.9400000000000048,78,4660.0,,
40585.0,-0.14999999999999858,85,4675.0,,
40590.0,-0.28999999999999915,85,4704.0,,
40595.0,1.740000000000002,73,4530.0,,
40600.0,1.25,64,4405.0,,
40605.0,1.1699999999999946,56,4288.0,,
40610.0,0.8000000000000043,54,4208.0,,
40615.0,1.0300000000000011,61,4105.0,,
40620.0,-1.490000000000002,75,4254.0,,
40625.0,-0.7199999999999989,83,4326.0,,
40630.0,-1.730000000000004,81,4499.0,,
40635.0,-0.759999999999998,71,4575.0,,
40640.0,-0.29999999999999716,64,4605.0,,
40645.0,1.0499999999999972,59,4500.0,,
40650.0,-0.990000000000002,54,4599.0,,
40655.0,0.3999999999999986,62,4559.0,,
40660.0,-1.5399999999999991,64,4713.0,,
40665.0,-0.14999999999999858,66,4728.0,,
40670.0,-0.269999999999996,65,4755.0,,
40675.0,1.3999999999999986,64,4615.0,,
40680.0,-0.8000000000000043,60,4695.0,,
40685.0,0.4200000000000017,69,4653.0,,
40690.0,-1.0899999999999963,75,4762.0,,
40695.0,-0.17999999999999972,83,4780.0,,
40700.0,-1.3500000000000014,80,4915.0,,
40705.0,0.7100000000000009,70,4844.0,,
40710.0,-0.25,61,4869.0,,
40715.0,0.8299999999999983,54,4786.0,,
40720.0,-0.060000000000002274,54,4792.0,,
40725.0,1.1099999999999994,59,4681.0,,
40730.0,-0.17999999999999972,64,4699.0,,
40735.0,1.480000000000004,66,4551.0,,
40740.0,-1.3400000000000034,62,4685.0,,
40745.0,0.5799999999999983,65,4627.0,,
40750.0,-0.4099999999999966,58,4668.0,,
40755.0,0.7999999999999972,68,4588.0,,
40760.0,-0.01999999999999602,80,4590.0,,
40765.0,-1.75,87,4765.0,,
40770.0,-0.05000000000000426,87,4770.0,,
40775.0,1.5900000000000034,80,4611.0,,
40780.0,-0.75,74,4686.0,,
40785.0,-0.8599999999999994,67,4772.0,,
40790.0,0.10000000000000142,66,4762.0,,
40795.0,-1.1700000000000017,59,4879.0,,
40800.0,-1.3999999999999986,64,5019.0,,
40805.0,-0.13000000000000256,71,5032.0,,
40810.0,2.8500000000000014,76,4747.0,,
40815.0,-1.8700000000000045,73,4934.0,,
40820.0,0.970000000000006,66,4837.0,,
40825.0,-0.4200000000000017,54,4879.0,,
40830.0,0.7999999999999972,49,4799.0,,
40835.0,-0.8900000000000006,45,4888.0,,
40840.0,0.060000000000002274,51,4882.0,,
40845.0,0.8200000000000003,58,4800.0,,
40850.0,3.75,56,4425.0,,
40855.0,-1.1300000000000026,58,4538.0,,
40860.0,0.5,51,4488.0,,
40865.0,-1.279999999999994,56,4616.0,,
40870.0,-1.0800000000000054,69,4724.0,,
40875.0,-1.8999999999999986,76,4914.0,,
40880.0,-1.0300000000000011,80,5017.0,,
40885.0,-0.7800000000000011,78,5095.0,,
40890.0,-1.4499999999999957,71,5240.0,,
40895.0,-1.3299999999999983,70,5373.0,,
40900.0,-0.75,67,5448.0,,
40905.0,0.46999999999999886,61,5401.0,,
40910.0,-0.9500000000000028,59,5496.0,,
40915.0,-1.5399999999999991,63,5650.0,,
40920.0,-2.6199999999999974,69,5912.0,,
40925.0,-2.1700000000000017,76,6129.0,,
40930.0,-1.8599999999999994,81,6315.0,,
40935.0,-2.960000000000001,75,6611.0,,
40940.0,-2.8799999999999955,69,6899.0,,
40945.0,-1.2199999999999989,67,7021.0,,
40950.0,0.5299999999999869,63,6968.0,,
40955.0,-1.3599999999999994,60,7104.0,,
40960.0,-1.769999999999996,67,7281.0,,
40965.0,-3.019999999999996,74,7583.0,,
40970.0,-2.3799999999999955,80,7821.0,,
40975.0,-3.0200000000000102,78,8123.0,,
40980.0,-2.6299999999999955,71,8386.0,,
40985.0,-2.7099999999999937,68,8657.0,,
40990.0,-0.9200000000000017,62,8749.0,,
40995.0,0.7999999999999972,60,8669.0,,
41000.0,-1.3700000000000045,57,8806.0,,
41005.0,-2.0999999999999943,66,9016.0,,
41010.0,-2.980000000000004,71,9314.0,,
41015.0,-2.8299999999999983,77,9597.0,,
41020.0,-2.510000000000005,77,9848.0,,
41025.0,-2.989999999999995,70,10147.0,,
41030.0,-2.6099999999999994,66,10408.0,,
41035.0,-1.0300000000000011,64,10511.0,,
41040.0,1.4000000000000057,63,10371.0,,
41045.0,-2.3100000000000023,59,10602.0,,
41050.0,-2.3500000000000085,68,10837.0,,
41055.0,-2.8699999999999903,74,11124.0,,
41060.0,-2.6099999999999994,74,11385.0,,
41065.0,-2.5600000000000023,74,11641.0,,
41070.0,-2.490000000000009,71,11890.0,,
41075.0,-2.6999999999999886,69,12160.0,,
41080.0,-0.9500000000000028,65,12255.0,,
41085.0,0.9699999999999989,63,12158.0,,
41090.0,-0.5700000000000074,57,12215.0,,
41095.0,-2.5799999999999983,66,12473.0,,
41100.0,-2.8699999999999903,70,12760.0,,
41105.0,-2.430000000000007,72,13003.0,,
41110.0,-2.2299999999999898,77,13226.0,,
41115.0,-2.6000000000000227,71,13486.0,,
41120.0,-2.819999999999993,67,13768.0,,
41125.0,-0.9000000000000057,64,13858.0,,
41130.0,0.9200000000000159,60,13766.0,,
41135.0,-1.259999999999991,61,13892.0,,
41140.0,-2.710000000000008,68,14163.0,,
41145.0,-2.9000000000000057,70,14453.0,,
41150.0,-2.1699999999999875,67,14670.0,,
41155.0,-2.3000000000000114,70,14900.0,,
41160.0,-2.469999999999999,68,15147.0,,
41165.0,-2.640000000000015,64,15411.0,,
41170.0,-0.6399999999999864,60,15475.0,,
41175.0,1.759999999999991,58,15299.0,,
41180.0,-2.4599999999999795,56,15545.0,,
41185.0,-2.25,55,15770.0,,
41190.0,6.589999999999975,54,15111.0,,
41195.0,15.25,55,13586.0,,
41200.0,2.180000000000007,53,13368.0,,
41205.0,-1.799999999999983,49,13548.0,,
41210.0,-0.040000000000020464,46,13552.0,,
41215.0,1.6400000000000148,50,13388.0,,
41220.0,-0.8700000000000045,52,13475.0,,
41225.0,-2.1399999999999864,59,13689.0,,
41230.0,6.739999999999981,59,13015.0,,
41235.0,15.060000000000002,57,11509.0,,
41240.0,2.0600000000000023,54,11303.0,,
41245.0,-2.039999999999992,54,11507.0,,
41250.0,0.01999999999999602,47,11505.0,,
41255.0,1.9699999999999989,51,11308.0,,
41260.0,-1.0400000000000063,53,11412.0,,
41265.0,-0.3999999999999915,64,11452.0,,
41270.0,-1.980000000000004,71,11650.0,,
41275.0,-2.799999999999997,78,11930.0,,
41280.0,-2.6099999999999994,78,12191.0,,
41285.0,-3.0600000000000023,72,12497.0,,
41290.0,-2.739999999999995,71,12771.0,,
41295.0,-1.0700000000000074,68,12878.0,,
41300.0,0.75,62,12803.0,,
41305.0,-1.6299999999999955,59,12966.0,,
41310.0,-1.759999999999991,67,13142.0,,
41315.0,-2.7600000000000193,71,13418.0,,
41320.0,-2.280000000000001,72,13646.0,,
41325.0,-2.539999999999992,78,13900.0,,
41330.0,-2.8899999999999864,72,14189.0,,
41335.0,-2.880000000000024,68,14477.0,,
41340.0,-1.0600000000000023,65,14583.0,,
41345.0,0.950000000000017,61,14488.0,,
41350.0,-2.0999999999999943,59,14698.0,,
41355.0,-2.2900000000000205,58,14927.0,,
41360.0,8.730000000000018,58,14054.0,,
41365.0,24.849999999999994,55,11569.0,,
41370.0,-0.6299999999999955,53,11632.0,,
41375.0,0.9499999999999886,52,11537.0,,
41380.0,-1.9899999999999949,54,11736.0,,
41385.0,-1.269999999999996,56,11863.0,,
41390.0,-2.1200000000000045,62,12075.0,,
41395.0,-2.489999999999995,68,12324.0,,
41400.0,-2.5700000000000074,71,12581.0,,
41405.0,-1.3400000000000034,69,12715.0,,
41410.0,0.10999999999999943,65,12704.0,,
41415.0,-0.25,64,12729.0,,
41420.0,-0.2799999999999869,66,12757.0,,
41425.0,-2.319999999999993,69,12989.0,,
41430.0,-2.670000000000016,77,13256.0,,
41435.0,-2.569999999999993,81,13513.0,,
41440.0,-3.039999999999992,75,13817.0,,
41445.0,-3.0200000000000102,71,14119.0,,
41450.0,-1.3199999999999932,68,14251.0,,
41455.0,0.3199999999999932,63,14219.0,,
41460.0,-1.8000000000000114,63,14399.0,,
41465.0,-1.3400000000000034,71,14533.0,,
41470.0,-2.839999999999975,78,14817.0,,
41475.0,-2.8600000000000136,81,15103.0,,
41480.0,9.0,80,14203.0,,
41485.0,20.78,68,12125.0,,
41490.0,4.969999999999999,60,11628.0,,
41495.0,2.0999999999999943,52,11418.0,,
41500.0,-1.059999999999988,50,11524.0,,
41505.0,-0.7000000000000028,60,11594.0,,
41510.0,9.039999999999992,61,10690.0,,
41515.0,20.580000000000013,58,8632.0,,
41520.0,3.9399999999999977,54,8238.0,,
41525.0,-1.2600000000000051,54,8364.0,,
41530.0,9.329999999999998,48,7431.0,,
41535.0,11.219999999999999,51,6309.0,,
41540.0,2.0500000000000043,54,6104.0,,
41545.0,0.9799999999999969,56,6006.0,,
41550.0,0.1600000000000037,60,5990.0,,
41555.0,-0.060000000000002274,68,5996.0,,
41560.0,-1.6700000000000017,75,6163.0,,
41565.0,-1.5899999999999963,81,6322.0,,
41570.0,2.259999999999998,75,6096.0,,
41575.0,9.57,69,5139.0,,
41580.0,0.6700000000000017,59,5072.0,,
41585.0,-0.3100000000000023,52,5103.0,,
41590.0,0.5600000000000023,52,5047.0,,
41595.0,-0.21999999999999886,55,5069.0,,
41600.0,2.8599999999999994,59,4783.0,,
41605.0,-0.38000000000000256,59,4821.0,,
41610.0,-0.22999999999999687,66,4844.0,,
41615.0,-2.210000000000001,71,5065.0,,
41620.0,-1.1700000000000017,80,5182.0,,
41625.0,2.3599999999999994,75,4946.0,,
41630.0,5.68,66,4378.0,,
41635.0,-2.0899999999999963,58,4587.0,,
41640.0,-0.4100000000000037,50,4628.0,,
41645.0,0.10999999999999943,51,4617.0,,
41650.0,1.9100000000000037,55,4426.0,,
41655.0,0.19999999999999574,56,4406.0,,
41660.0,-1.5300000000000011,62,4559.0,,
41665.0,1.5900000000000034,60,4400.0,,
41670.0,1.25,59,4275.0,,
41675.0,-1.4200000000000017,56,4417.0,,
41680.0,-1.9299999999999997,57,4610.0,,
41685.0,-0.3200000000000003,55,4642.0,,
41690.0,2.5900000000000034,56,4383.0,,
41695.0,-0.5,61,4433.0,,
41700.0,1.0899999999999963,66,4324.0,,
41705.0,-2.019999999999996,75,4526.0,,
41710.0,-2.510000000000005,81,4777.0,,
41715.0,-1.019999999999996,79,4879.0,,
41720.0,1.0600000000000023,74,4773.0,,
41725.0,-1.0500000000000043,66,4878.0,,
41730.0,1.0600000000000023,62,4772.0,,
41735.0,-1.2000000000000028,57,4892.0,,
41740.0,-1.5899999999999963,65,5051.0,,
41745.0,-0.8300000000000054,62,5134.0,,
41750.0,-0.3399999999999963,67,5168.0,,
41755.0,-1.8200000000000003,72,5350.0,,
41760.0,-1.8599999999999994,75,5536.0,,
41765.0,-0.509999999999998,72,5587.0,,
41770.0,2.789999999999999,66,5308.0,,
41775.0,-0.6900000000000048,60,5377.0,,
41780.0,1.5400000000000063,54,5223.0,,
41785.0,-1.6400000000000006,55,5387.0,,
41790.0,-0.8800000000000026,61,5475.0,,
41795.0,0.1599999999999966,66,5459.0,,
41800.0,4.430000000000007,65,5016.0,,
41805.0,-0.6100000000000065,61,5077.0,,
41810.0,-0.8499999999999943,58,5162.0,,
41815.0,0.14999999999999858,55,5147.0,,
41820.0,1.6700000000000017,55,4980.0,,
41825.0,-0.7100000000000009,62,5051.0,,
41830.0,0.11999999999999744,67,5039.0,,
41835.0,0.04999999999999716,76,5034.0,,
41840.0,1.7000000000000028,84,4864.0,,
41845.0,-2.769999999999996,83,5141.0,,
41850.0,-1.3400000000000034,75,5275.0,,
41855.0,-0.3299999999999983,67,5308.0,,
41860.0,-1.8400000000000034,67,5492.0,,
41865.0,0.20000000000000284,67,5472.0,,
41870.0,1.8999999999999986,74,5282.0,,
41875.0,0.6099999999999994,66,5221.0,,
41880.0,2.0900000000000034,63,5012.0,,
41885.0,-0.4200000000000017,56,5054.0,,
41890.0,-0.8100000000000023,60,5135.0,,
41895.0,0.3200000000000003,65,5103.0,,
41900.0,2.5,69,4853.0,,
41905.0,-0.5799999999999983,64,4911.0,,
41910.0,2.3500000000000014,63,4676.0,,
41915.0,-0.45000000000000284,61,4721.0,,
41920.0,1.0399999999999991,65,4617.0,,
41925.0,-0.5399999999999991,74,4671.0,,
41930.0,-1.6000000000000014,83,4831.0,,
41935.0,-0.9699999999999989,88,4928.0,,
41940.0,-2.9399999999999977,85,5222.0,,
41945.0,-1.0,78,5322.0,,
41950.0,0.8599999999999994,74,5236.0,,
41955.0,0.3100000000000023,69,5205.0,,
41960.0,1.9199999999999946,61,5013.0,,
41965.0,-2.009999999999998,61,5214.0,,
41970.0,-1.2000000000000028,66,5334.0,,
41975.0,-0.6399999999999935,67,5398.0,,
41980.0,0.6199999999999974,70,5336.0,,
41985.0,-1.4100000000000037,67,5477.0,,
41990.0,-1.1499999999999986,65,5592.0,,
41995.0,-0.19999999999999574,63,5612.0,,
42000.0,1.8699999999999974,67,5425.0,,
42005.0,-0.4399999999999977,67,5469.0,,
42010.0,2.25,70,5244.0,,
42015.0,-1.2700000000000031,76,5371.0,,
42020.0,0.36999999999999744,84,5334.0,,
42025.0,-2.069999999999993,88,5541.0,,
42030.0,-1.5900000000000034,80,5700.0,,
42035.0,0.3299999999999983,71,5667.0,,
42040.0,1.8200000000000003,69,5485.0,,
42045.0,0.7700000000000031,64,5408.0,,
42050.0,0.5499999999999972,66,5353.0,,
42055.0,-1.0399999999999991,74,5457.0,,
42060.0,0.6499999999999986,85,5392.0,,
42065.0,-0.6700000000000017,82,5459.0,,
42070.0,-1.2199999999999989,73,5581.0,,
42075.0,-0.7199999999999989,68,5653.0,,
42080.0,1.5399999999999991,66,5499.0,,
42085.0,-0.5799999999999983,63,5557.0,,
42090.0,-0.3100000000000023,65,5588.0,,
42095.0,-0.8299999999999983,68,5671.0,,
42100.0,1.4200000000000017,70,5529.0,,
42105.0,1.0,66,5429.0,,
42110.0,0.9699999999999989,68,5332.0,,
42115.0,0.18999999999999773,64,5313.0,,
42120.0,0.8100000000000023,68,5232.0,,
42125.0,-1.3900000000000006,75,5371.0,,
42130.0,-0.38000000000000256,82,5409.0,,
42135.0,-0.9699999999999989,85,5506.0,,
42140.0,0.5,76,5456.0,,
42145.0,-0.18999999999999773,68,5475.0,,
42150.0,2.009999999999998,64,5274.0,,
42155.0,-1.1000000000000014,59,5384.0,,
42160.0,0.6500000000000057,61,5319.0,,
42165.0,0.030000000000001137,66,5316.0,,
42170.0,1.1199999999999974,63,5204.0,,
42175.0,-0.07000000000000028,66,5211.0,,
42180.0,0.4799999999999969,63,5163.0,,
42185.0,-0.46000000000000085,66,5209.0,,
42190.0,0.7000000000000028,73,5139.0,,
42195.0,0.020000000000003126,75,5137.0,,
42200.0,0.7100000000000009,86,5066.0,,
42205.0,-1.0,88,5166.0,,
42210.0,-0.9000000000000057,79,5256.0,,
42215.0,0.7700000000000031,70,5179.0,,
42220.0,0.9600000000000009,67,5083.0,,
42225.0,0.6700000000000017,62,5016.0,,
42230.0,0.1699999999999946,61,4999.0,,
42235.0,0.21999999999999886,65,4977.0,,
42240.0,-1.7999999999999972,76,5157.0,,
42245.0,-0.5799999999999983,81,5215.0,,
42250.0,-1.1099999999999994,80,5326.0,,
42255.0,0.5599999999999952,73,5270.0,,
42260.0,-0.09999999999999432,67,5280.0,,
42265.0,0.8099999999999952,63,5199.0,,
42270.0,-0.5599999999999952,60,5255.0,,
42275.0,0.5899999999999963,68,5196.0,,
42280.0,-1.5399999999999991,77,5350.0,,
42285.0,-0.0799999999999983,84,5358.0,,
42290.0,-0.8100000000000023,82,5439.0,,
42295.0,0.6199999999999974,73,5377.0,,
42300.0,1.1100000000000065,62,5266.0,,
42305.0,2.289999999999999,58,5037.0,,
42310.0,-0.8400000000000034,58,5121.0,,
42315.0,0.730000000000004,58,5048.0,,
42320.0,-0.7100000000000009,60,5119.0,,
42325.0,0.9600000000000009,61,5023.0,,
42330.0,1.1099999999999994,62,4912.0,,
42335.0,0.7100000000000009,63,4841.0,,
42340.0,-0.05000000000000426,58,4846.0,,
42345.0,-0.00999999999999801,65,4847.0,,
42350.0,-1.509999999999998,78,4998.0,,
42355.0,0.1599999999999966,83,4982.0,,
42360.0,-1.0200000000000031,81,5084.0,,
42365.0,0.6700000000000017,74,5017.0,,
42370.0,-0.04999999999999716,66,5022.0,,
42375.0,0.8500000000000014,61,4937.0,,
42380.0,-1.1600000000000037,56,5053.0,,
42385.0,-0.3200000000000003,63,5085.0,,
42390.0,-1.3900000000000006,76,5224.0,,
42395.0,0.3100000000000023,82,5193.0,,
42400.0,-0.8900000000000006,83,5282.0,,
42405.0,1.3900000000000006,75,5143.0,,
42410.0,-1.1400000000000006,63,5257.0,,
42415.0,1.8699999999999974,58,5070.0,,
42420.0,-1.259999999999998,57,5196.0,,
42425.0,-0.759999999999998,63,5272.0,,
42430.0,-0.3100000000000023,76,5303.0,,
42435.0,0.8000000000000043,82,5223.0,,
42440.0,1.7899999999999991,86,5044.0,,
42445.0,-0.9000000000000057,79,5134.0,,
42450.0,-0.27999999999999403,69,5162.0,,
42455.0,2.1999999999999957,68,4942.0,,
42460.0,0.39000000000000057,61,4903.0,,
42465.0,1.4299999999999997,55,4760.0,,
42470.0,1.0600000000000023,52,4654.0,,
42475.0,0.75,53,4579.0,,
42480.0,0.269999999999996,62,4552.0,,
42485.0,1.1900000000000048,62,4433.0,,
42490.0,-0.010000000000005116,62,4434.0,,
42495.0,0.8000000000000043,58,4354.0,,
42500.0,-1.0700000000000003,56,4461.0,,
42505.0,0.75,65,4386.0,,
42510.0,-1.6000000000000014,75,4546.0,,
42515.0,-0.6700000000000017,85,4613.0,,
42520.0,-0.46999999999999886,85,4660.0,,
42525.0,-2.049999999999997,76,4865.0,,
42530.0,-1.5600000000000023,74,5021.0,,
42535.0,-2.0700000000000003,74,5228.0,,
42540.0,-0.5499999999999972,71,5283.0,,
42545.0,0.9799999999999969,69,5185.0,,
42550.0,-1.9799999999999969,65,5383.0,,
42555.0,-0.490000000000002,66,5432.0,,
42560.0,-2.549999999999997,73,5687.0,,
42565.0,-2.240000000000002,78,5911.0,,
42570.0,-0.10999999999999943,78,5922.0,,
42575.0,2.990000000000002,69,5623.0,,
42580.0,-0.6700000000000017,60,5690.0,,
42585.0,1.5799999999999983,61,5532.0,,
42590.0,-0.9500000000000028,56,5627.0,,
42595.0,-1.4599999999999937,64,5773.0,,
42600.0,-3.530000000000001,81,6126.0,,
42605.0,-2.940000000000005,87,6420.0,,
42610.0,-2.049999999999997,84,6625.0,,
42615.0,-2.010000000000005,81,6826.0,,
42620.0,-1.539999999999992,74,6980.0,,
42625.0,-1.0,67,7080.0,,
42630.0,1.4200000000000017,63,6938.0,,
42635.0,-1.6600000000000108,60,7104.0,,
42640.0,-2.9399999999999977,66,7398.0,,
42645.0,-2.5,74,7648.0,,
42650.0,-1.6099999999999994,74,7809.0,,
42655.0,-1.0499999999999972,78,7914.0,,
42660.0,-2.269999999999996,76,8141.0,,
42665.0,-0.730000000000004,69,8214.0,,
42670.0,1.2399999999999949,66,8090.0,,
42675.0,-1.3299999999999983,61,8223.0,,
42680.0,-1.8100000000000023,57,8404.0,,
42685.0,2.510000000000005,57,8153.0,,
42690.0,9.540000000000006,58,7199.0,,
42695.0,-0.8200000000000074,60,7281.0,,
42700.0,1.9300000000000068,54,7088.0,,
42705.0,-0.9399999999999977,51,7182.0,,
42710.0,-1.0100000000000051,56,7283.0,,
42715.0,-1.3299999999999983,56,7416.0,,
42720.0,-1.3800000000000097,63,7554.0,,
42725.0,-2.719999999999999,72,7826.0,,
42730.0,-2.239999999999995,73,8050.0,,
42735.0,1.9899999999999949,69,7851.0,,
42740.0,7.040000000000006,64,7147.0,,
42745.0,-0.8100000000000023,61,7228.0,,
42750.0,2.3499999999999943,53,6993.0,,
42755.0,-1.5799999999999983,49,7151.0,,
42760.0,-0.5999999999999943,58,7211.0,,
42765.0,2.299999999999997,62,6981.0,,
42770.0,6.910000000000004,62,6290.0,,
42775.0,3.6400000000000006,58,5926.0,,
42780.0,0.8799999999999955,53,5838.0,,
42785.0,-1.5599999999999952,52,5994.0,,
42790.0,-0.5700000000000003,55,6051.0,,
42795.0,2.479999999999997,58,5803.0,,
42800.0,8.79,64,4924.0,,
42805.0,-1.1799999999999997,61,5042.0,,
42810.0,0.5600000000000023,56,4986.0,,
42815.0,0.9099999999999966,52,4895.0,,
42820.0,1.220000000000006,61,4773.0,,
42825.0,-2.030000000000001,74,4976.0,,
42830.0,-0.5399999999999991,82,5030.0,,
42835.0,-1.2800000000000011,84,5158.0,,
42840.0,-1.5,76,5308.0,,
42845.0,2.229999999999997,69,5085.0,,
42850.0,5.840000000000003,64,4501.0,,
42855.0,2.8500000000000014,58,4216.0,,
42860.0,0.9299999999999997,52,4123.0,,
42865.0,1.009999999999998,46,4022.0,,
42870.0,0.0799999999999983,57,4014.0,,
42875.0,-1.3100000000000023,73,4145.0,,
42880.0,-1.0599999999999952,80,4251.0,,
42885.0,1.0899999999999963,77,4142.0,,
42890.0,0.9699999999999989,68,4045.0,,
42895.0,1.1500000000000057,56,3930.0,,
42900.0,0.6799999999999997,50,3862.0,,
42905.0,-0.44000000000000483,47,3906.0,,
42910.0,-0.9799999999999969,63,4004.0,,
42915.0,-1.8999999999999986,77,4194.0,,
42920.0,0.0799999999999983,81,4186.0,,
42925.0,-0.6199999999999974,80,4248.0,,
42930.0,-1.720000000000006,72,4420.0,,
42935.0,0.20000000000000284,62,4400.0,,
42940.0,2.530000000000001,61,4147.0,,
42945.0,-0.8400000000000034,58,4231.0,,
42950.0,1.1799999999999997,53,4113.0,,
42955.0,-1.3699999999999974,51,4250.0,,
42960.0,-0.3500000000000014,58,4285.0,,
42965.0,-0.05999999999999517,61,4291.0,,
42970.0,2.569999999999993,60,4034.0,,
42975.0,0.13000000000000256,58,4021.0,,
42980.0,0.8100000000000023,54,3940.0,,
42985.0,-0.060000000000002274,54,3946.0,,
42990.0,0.45000000000000284,62,3901.0,,
42995.0,-1.8599999999999994,73,4087.0,,
43000.0,-0.9100000000000037,82,4178.0,,
43005.0,-0.35999999999999943,80,4214.0,,
43010.0,-1.8999999999999986,74,4404.0,,
43015.0,-1.8800000000000026,72,4592.0,,
43020.0,-1.1799999999999997,69,4710.0,,
43025.0,1.3000000000000043,65,4580.0,,
43030.0,-1.0,61,4680.0,,
43035.0,-1.0,64,4780.0,,
43040.0,-2.5700000000000003,75,5037.0,,
43045.0,-1.6200000000000045,77,5199.0,,
43050.0,-1.8799999999999955,80,5387.0,,
43055.0,-2.3700000000000045,73,5624.0,,
43060.0,-3.009999999999998,71,5925.0,,
43065.0,-3.0,71,6225.0,,
43070.0,-3.019999999999996,73,6527.0,,
43075.0,-3.3100000000000023,73,6858.0,,
43080.0,-1.2600000000000051,69,6984.0,,
43085.0,0.8100000000000023,67,6903.0,,
43090.0,-1.7600000000000051,63,7079.0,,
43095.0,-0.4399999999999977,66,7123.0,,
43100.0,-2.769999999999996,73,7400.0,,
43105.0,-3.1899999999999977,78,7719.0,,
43110.0,-3.25,80,8044.0,,
43115.0,-3.1700000000000017,75,8361.0,,
43120.0,-3.0700000000000074,71,8668.0,,
43125.0,-0.9399999999999977,71,8762.0,,
43130.0,0.9900000000000091,68,8663.0,,
43135.0,-2.210000000000008,66,8884.0,,
43140.0,-1.9099999999999966,70,9075.0,,
43145.0,-2.9099999999999966,74,9366.0,,
43150.0,-2.760000000000005,78,9642.0,,
43155.0,-2.469999999999999,78,9889.0,,
43160.0,-2.980000000000004,76,10187.0,,
43165.0,-0.9299999999999926,70,10280.0,,
43170.0,1.3799999999999955,64,10142.0,,
43175.0,-1.6499999999999915,60,10307.0,,
43180.0,-2.450000000000003,67,10552.0,,
43185.0,-2.700000000000003,71,10822.0,,
43190.0,-2.5600000000000023,76,11078.0,,
43195.0,-2.6500000000000057,80,11343.0,,
43200.0,-2.6299999999999955,75,11606.0,,
43205.0,-2.6700000000000017,71,11873.0,,
43210.0,-0.7800000000000011,68,11951.0,,
43215.0,1.3100000000000023,65,11820.0,,
43220.0,-1.8699999999999903,63,12007.0,,
43225.0,-2.8500000000000085,69,12292.0,,
43230.0,-3.0600000000000023,74,12598.0,,
43235.0,-2.8900000000000006,81,12887.0,,
43240.0,3.680000000000007,77,12519.0,,
43245.0,10.829999999999998,68,11436.0,,
43250.0,-0.4899999999999949,60,11485.0,,
43255.0,3.039999999999992,53,11181.0,,
43260.0,-1.6299999999999955,48,11344.0,,
43265.0,-0.9500000000000028,54,11439.0,,
43270.0,4.6299999999999955,60,10976.0,,
43275.0,10.490000000000009,62,9927.0,,
43280.0,4.579999999999998,55,9469.0,,
43285.0,-0.8200000000000074,48,9551.0,,
43290.0,0.35999999999999943,48,9515.0,,
43295.0,3.1400000000000006,49,9201.0,,
43300.0,-0.3999999999999915,49,9241.0,,
43305.0,-0.8500000000000085,64,9326.0,,
43310.0,-1.8499999999999943,74,9511.0,,
43315.0,-2.0,78,9711.0,,
43320.0,4.25,73,9286.0,,
43325.0,10.620000000000005,64,8224.0,,
43330.0,-0.710000000000008,55,8295.0,,
43335.0,1.4500000000000028,52,8150.0,,
43340.0,-1.3299999999999983,50,8283.0,,
43345.0,-0.46000000000000796,57,8329.0,,
43350.0,4.940000000000012,58,7835.0,,
43355.0,10.61,59,6774.0,,
43360.0,-0.6800000000000068,56,6842.0,,
43365.0,1.1000000000000085,53,6732.0,,
43370.0,-0.7000000000000028,52,6802.0,,
43375.0,-1.0799999999999983,64,6910.0,,
43380.0,4.069999999999993,74,6503.0,,
43385.0,12.850000000000001,80,5218.0,,
43390.0,1.0,76,5118.0,,
43395.0,-0.29999999999999716,63,5148.0,,
43400.0,0.03999999999999915,52,5144.0,,
43405.0,2.299999999999997,45,4914.0,,
43410.0,4.730000000000004,44,4441.0,,
43415.0,5.949999999999996,56,3846.0,,
43420.0,-0.3100000000000023,56,3877.0,,
43425.0,0.20000000000000284,57,3857.0,,
43430.0,-0.1700000000000017,54,3874.0,,
43435.0,0.5900000000000034,51,3815.0,,
43440.0,0.0899999999999963,49,3806.0,,
43445.0,-0.769999999999996,63,3883.0,,
43450.0,-1.730000000000004,74,4056.0,,
43455.0,-0.4799999999999969,79,4104.0,,
43460.0,-0.6799999999999997,74,4172.0,,
43465.0,1.0,62,4072.0,,
43470.0,1.0499999999999972,52,3967.0,,
43475.0,0.7100000000000009,45,3896.0,,
43480.0,0.030000000000001137,46,3893.0,,
43485.0,1.8399999999999963,53,3709.0,,
43490.0,-0.5399999999999991,59,3763.0,,
43495.0,0.8800000000000026,56,3675.0,,
43500.0,-0.18999999999999773,50,3694.0,,
43505.0,0.1599999999999966,48,3678.0,,
43510.0,-0.060000000000002274,47,3684.0,,
43515.0,-0.09999999999999432,61,3694.0,,
43520.0,-1.25,71,3819.0,,
43525.0,0.17999999999999972,79,3801.0,,
43530.0,-0.6700000000000017,73,3868.0,,
43535.0,1.5600000000000023,58,3712.0,,
43540.0,-0.9299999999999997,49,3805.0,,
43545.0,1.029999999999994,42,3702.0,,
43550.0,-0.21999999999999886,43,3724.0,,
43555.0,0.8400000000000034,44,3640.0,,
43560.0,-0.9699999999999989,50,3737.0,,
43565.0,-1.6799999999999997,64,3905.0,,
43570.0,-1.75,74,4080.0,,
43575.0,-0.020000000000003126,77,4082.0,,
43580.0,-0.7000000000000028,72,4152.0,,
43585.0,-0.9199999999999946,65,4244.0,,
43590.0,-0.9200000000000017,63,4336.0,,
43595.0,-2.289999999999999,66,4565.0,,
43600.0,-1.1200000000000045,63,4677.0,,
43605.0,0.5900000000000034,58,4618.0,,
43610.0,0.18999999999999773,59,4599.0,,
43615.0,4.380000000000003,54,4161.0,,
43620.0,-2.1199999999999974,54,4373.0,,
43625.0,-1.5200000000000031,53,4525.0,,
43630.0,-1.4399999999999977,58,4669.0,,
43635.0,-0.8100000000000023,56,4750.0,,
43640.0,1.3900000000000006,53,4611.0,,
43645.0,-0.4100000000000037,58,4652.0,,
43650.0,-1.279999999999994,65,4780.0,,
43655.0,-2.980000000000004,74,5078.0,,
43660.0,-2.25,75,5303.0,,
43665.0,0.21999999999999886,72,5281.0,,
43670.0,3.5600000000000023,64,4925.0,,
43675.0,-0.4299999999999997,51,4968.0,,
43680.0,-1.1700000000000017,46,5085.0,,
43685.0,-0.11999999999999744,43,5097.0,,
43690.0,1.4399999999999977,44,4953.0,,
43695.0,-0.6700000000000017,48,5020.0,,
43700.0,-1.0599999999999952,65,5126.0,,
43705.0,-2.700000000000003,77,5396.0,,
43710.0,-2.1799999999999997,78,5614.0,,
43715.0,-1.5300000000000011,76,5767.0,,
43720.0,-2.4399999999999977,68,6011.0,,
43725.0,-1.6899999999999977,64,6180.0,,
43730.0,-2.3500000000000085,66,6415.0,,
43735.0,-0.7599999999999909,63,6491.0,,
43740.0,2.039999999999999,60,6287.0,,
43745.0,2.269999999999996,59,6060.0,,
43750.0,5.210000000000001,55,5539.0,,
43755.0,1.8699999999999974,52,5352.0,,
43760.0,-1.4799999999999969,52,5500.0,,
43765.0,1.8299999999999983,50,5317.0,,
43770.0,5.140000000000001,51,4803.0,,
43775.0,1.490000000000002,48,4654.0,,
43780.0,1.1000000000000014,49,4544.0,,
43785.0,0.07000000000000028,53,4537.0,,
43790.0,-0.6600000000000037,60,4603.0,,
43795.0,-1.9499999999999957,74,4798.0,,
43800.0,-2.210000000000001,77,5019.0,,
43805.0,-2.0800000000000054,79,5227.0,,
43810.0,-2.1299999999999955,74,5440.0,,
43815.0,1.4499999999999957,65,5295.0,,
43820.0,5.010000000000005,60,4794.0,,
43825.0,3.259999999999998,57,4468.0,,
43830.0,1.3200000000000003,48,4336.0,,
43835.0,-0.7899999999999991,48,4415.0,,
43840.0,-0.6700000000000017,56,4482.0,,
43845.0,0.5200000000000031,64,4430.0,,
43850.0,2.989999999999995,61,4131.0,,
43855.0,-1.9399999999999977,60,4325.0,,
43860.0,-0.75,57,4400.0,,
43865.0,-0.030000000000001137,54,4403.0,,
43870.0,-0.5499999999999972,57,4458.0,,
43875.0,1.009999999999998,61,4357.0,,
43880.0,-0.6300000000000026,66,4420.0,,
43885.0,0.7600000000000051,68,4344.0,,
43890.0,-1.6799999999999997,76,4512.0,,
43895.0,-2.3599999999999994,83,4748.0,,
43900.0,-2.3700000000000045,81,4985.0,,
43905.0,-2.5799999999999983,75,5243.0,,
43910.0,-2.5799999999999983,72,5501.0,,
43915.0,-3.190000000000005,76,5820.0,,
43920.0,-1.1599999999999966,72,5936.0,,
43925.0,2.009999999999998,69,5735.0,,
43930.0,-1.8399999999999963,67,5919.0,,
43935.0,-0.38000000000000256,67,5957.0,,
43940.0,-2.990000000000002,73,6256.0,,
43945.0,-2.730000000000004,80,6529.0,,
43950.0,-2.5999999999999943,79,6789.0,,
43955.0,-3.1700000000000017,78,7106.0,,
43960.0,-2.980000000000004,74,7404.0,,
43965.0,-1.009999999999991,70,7505.0,,
43970.0,0.8599999999999994,67,7419.0,,
43975.0,-1.3500000000000085,64,7554.0,,
43980.0,-1.2299999999999898,68,7677.0,,
43985.0,-2.680000000000007,71,7945.0,,
43990.0,-2.6899999999999977,77,8214.0,,
43995.0,-2.3400000000000034,81,8448.0,,
44000.0,-2.9599999999999937,75,8744.0,,
44005.0,-2.969999999999999,70,9041.0,,
44010.0,-2.9399999999999977,71,9335.0,,
44015.0,-0.8800000000000097,67,9423.0,,
44020.0,1.2800000000000011,63,9295.0,,
44025.0,-2.289999999999992,64,9524.0,,
44030.0,-2.0700000000000074,68,9731.0,,
44035.0,-3.1099999999999994,75,10042.0,,
44040.0,-2.480000000000004,74,10290.0,,
44045.0,-1.3599999999999994,72,10426.0,,
44050.0,0.8900000000000006,64,10337.0,,
44055.0,-1.0300000000000011,57,10440.0,,
44060.0,-1.8999999999999915,58,10630.0,,
44065.0,4.25,59,10205.0,,
44070.0,12.89,57,8916.0,,
44075.0,0.9299999999999926,52,8823.0,,
44080.0,-1.5799999999999983,51,8981.0,,
44085.0,0.04999999999999716,47,8976.0,,
44090.0,1.8200000000000074,49,8794.0,,
44095.0,-2.0400000000000063,54,8998.0,,
44100.0,-1.8999999999999915,59,9188.0,,
44105.0,3.1599999999999966,60,8872.0,,
44110.0,10.730000000000004,61,7799.0,,
44115.0,0.4099999999999966,59,7758.0,,
44120.0,-1.7800000000000011,56,7936.0,,
44125.0,-1.5300000000000011,55,8089.0,,
44130.0,-0.23999999999999488,59,8113.0,,
44135.0,1.289999999999992,60,7984.0,,
44140.0,-1.0799999999999983,66,8092.0,,
44145.0,-0.14000000000000057,69,8106.0,,
44150.0,-2.5,74,8356.0,,
44155.0,-3.0900000000000034,83,8665.0,,
44160.0,2.4000000000000057,79,8425.0,,
44165.0,8.719999999999999,73,7553.0,,
44170.0,2.3499999999999943,63,7318.0,,
44175.0,1.5,57,7168.0,,
44180.0,-0.46999999999999886,53,7215.0,,
44185.0,-0.8799999999999955,62,7303.0,,
44190.0,-1.8299999999999983,74,7486.0,,
44195.0,-1.769999999999996,79,7663.0,,
44200.0,-1.960000000000008,80,7859.0,,
44205.0,-1.8599999999999994,78,8045.0,,
44210.0,-2.1400000000000006,75,8259.0,,
44215.0,-0.8100000000000023,70,8340.0,,
44220.0,1.3100000000000023,67,8209.0,,
44225.0,-1.6899999999999977,59,8378.0,,
44230.0,-1.0999999999999943,56,8488.0,,
44235.0,4.560000000000002,54,8032.0,,
44240.0,10.539999999999992,61,6978.0,,
44245.0,0.8900000000000006,61,6889.0,,
44250.0,-1.6299999999999955,55,7052.0,,
44255.0,-0.38000000000000966,53,7090.0,,
44260.0,1.690000000000012,56,6921.0,,
44265.0,-2.5,57,7171.0,,
44270.0,-2.450000000000003,63,7416.0,,
44275.0,3.7299999999999898,69,7043.0,,
44280.0,10.56000000000001,69,5987.0,,
44285.0,1.9699999999999989,63,5790.0,,
44290.0,-2.3599999999999994,61,6026.0,,
44295.0,-0.2600000000000051,58,6052.0,,
44300.0,1.740000000000002,56,5878.0,,
44305.0,1.8100000000000023,57,5697.0,,
44310.0,2.259999999999998,67,5471.0,,
44315.0,2.5600000000000023,73,5215.0,,
44320.0,2.75,81,4940.0,,
44325.0,-0.19000000000000483,81,4959.0,,
44330.0,-2.1699999999999946,73,5176.0,,
44335.0,-0.5600000000000023,63,5232.0,,
44340.0,1.4799999999999969,56,5084.0,,
44345.0,-0.8899999999999935,57,5173.0,,
44350.0,-0.39000000000000057,69,5212.0,,
44355.0,-2.3200000000000003,79,5444.0,,
44360.0,-2.190000000000005,85,5663.0,,
44365.0,-2.0700000000000003,84,5870.0,,
44370.0,-2.0999999999999943,81,6080.0,,
44375.0,-1.5400000000000063,75,6234.0,,
44380.0,-0.8099999999999952,72,6315.0,,
44385.0,1.1199999999999974,71,6203.0,,
44390.0,-0.5300000000000011,65,6256.0,,
44395.0,-1.3399999999999963,67,6390.0,,
44400.0,-2.020000000000003,70,6592.0,,
44405.0,-1.8799999999999955,80,6780.0,,
44410.0,-1.8700000000000045,78,6967.0,,
44415.0,-2.8499999999999943,74,7252.0,,
44420.0,-2.8900000000000006,75,7541.0,,
44425.0,-0.980000000000004,73,7639.0,,
44430.0,1.1500000000000057,68,7524.0,,
44435.0,-1.5799999999999983,61,7682.0,,
44440.0,-2.2900000000000063,58,7911.0,,
44445.0,2.819999999999993,56,7629.0,,
44450.0,7.280000000000001,59,6901.0,,
44455.0,4.109999999999999,58,6490.0,,
44460.0,1.0800000000000054,58,6382.0,,
44465.0,-1.4299999999999997,55,6525.0,,
44470.0,-1.5300000000000011,58,6678.0,,
44475.0,-2.1599999999999966,64,6894.0,,
44480.0,-2.5600000000000023,68,7150.0,,
44485.0,1.730000000000004,70,6977.0,,
44490.0,5.959999999999994,74,6381.0,,
44495.0,0.5,68,6331.0,,
44500.0,0.5800000000000054,62,6273.0,,
44505.0,-0.5300000000000011,59,6326.0,,
44510.0,0.7800000000000011,67,6248.0,,
44515.0,-1.4000000000000057,76,6388.0,,
44520.0,-2.1099999999999923,80,6599.0,,
44525.0,-2.4000000000000057,84,6839.0,,
44530.0,-2.200000000000003,82,7059.0,,
44535.0,0.9900000000000091,76,6960.0,,
44540.0,4.9199999999999875,71,6468.0,,
44545.0,1.2700000000000102,65,6341.0,,
44550.0,1.2899999999999991,60,6212.0,,
44555.0,-0.5900000000000034,56,6271.0,,
44560.0,-1.3699999999999974,62,6408.0,,
44565.0,0.8799999999999955,68,6320.0,,
44570.0,4.730000000000004,70,5847.0,,
44575.0,-0.3100000000000023,64,5878.0,,
44580.0,-1.3100000000000023,62,6009.0,,
44585.0,-0.03999999999999915,60,6013.0,,
44590.0,2.3599999999999994,60,5777.0,,
44595.0,-2.049999999999997,63,5982.0,,
44600.0,-1.4699999999999989,70,6129.0,,
44605.0,0.75,74,6054.0,,
44610.0,4.549999999999997,73,5599.0,,
44615.0,1.3200000000000003,70,5467.0,,
44620.0,-1.9899999999999949,68,5666.0,,
44625.0,-0.30000000000000426,61,5696.0,,
44630.0,1.1300000000000026,65,5583.0,,
44635.0,0.29999999999999716,69,5553.0,,
44640.0,2.6300000000000026,73,5290.0,,
44645.0,-3.020000000000003,78,5592.0,,
44650.0,-2.299999999999997,87,5822.0,,
44655.0,-2.960000000000001,93,6118.0,,
44660.0,-3.440000000000005,90,6462.0,,
44665.0,-3.789999999999992,88,6841.0,,
44670.0,-1.710000000000008,87,7012.0,,
44675.0,0.4900000000000091,82,6963.0,,
44680.0,0.47999999999998977,78,6915.0,,
44685.0,2.0400000000000063,73,6711.0,,
44690.0,-0.4300000000000068,71,6754.0,,
44695.0,-2.6899999999999977,79,7023.0,,
44700.0,-2.8799999999999955,89,7311.0,,
44705.0,-3.5799999999999983,90,7669.0,,
44710.0,-1.5700000000000074,83,7826.0,,
44715.0,0.6400000000000006,80,7762.0,,
44720.0,-1.3599999999999994,74,7898.0,,
44725.0,0.6400000000000006,69,7834.0,,
44730.0,-1.3599999999999994,74,7970.0,,
44735.0,-2.549999999999997,82,8225.0,,
44740.0,-3.069999999999993,88,8532.0,,
44745.0,-3.3500000000000085,86,8867.0,,
44750.0,-1.2600000000000051,80,8993.0,,
44755.0,0.7000000000000028,76,8923.0,,
44760.0,-0.769999999999996,69,9000.0,,
44765.0,-0.6700000000000017,70,9067.0,,
44770.0,-2.950000000000003,77,9362.0,,
44775.0,-2.9099999999999966,82,9653.0,,
44780.0,-2.8700000000000045,90,9940.0,,
44785.0,-3.309999999999988,87,10271.0,,
44790.0,-1.210000000000008,77,10392.0,,
44795.0,1.6899999999999977,75,10223.0,,
44800.0,-3.039999999999992,70,10527.0,,
44805.0,-2.4200000000000017,62,10769.0,,
44810.0,3.8599999999999994,62,10383.0,,
44815.0,7.909999999999997,67,9592.0,,
44820.0,1.7399999999999949,67,9418.0,,
44825.0,0.8700000000000045,64,9331.0,,
44830.0,-1.7000000000000028,62,9501.0,,
44835.0,-1.9399999999999977,66,9695.0,,
44840.0,-0.9200000000000017,68,9787.0,,
44845.0,0.6700000000000017,71,9720.0,,
44850.0,-2.0799999999999983,76,9928.0,,
44855.0,-2.6099999999999994,79,10189.0,,
44860.0,-2.9000000000000057,85,10479.0,,
44865.0,2.3000000000000114,79,10249.0,,
44870.0,8.129999999999995,76,9436.0,,
44875.0,4.920000000000002,69,8944.0,,
44880.0,1.539999999999992,62,8790.0,,
44885.0,-1.0699999999999932,60,8897.0,,
44890.0,-1.769999999999996,65,9074.0,,
44895.0,2.3999999999999915,70,8834.0,,
44900.0,10.350000000000009,67,7799.0,,
44905.0,1.8900000000000006,65,7610.0,,
44910.0,1.9099999999999966,65,7419.0,,
44915.0,0.8700000000000045,60,7332.0,,
44920.0,2.469999999999999,67,7085.0,,
44925.0,-2.3100000000000023,72,7316.0,,
44930.0,-0.9900000000000091,83,7415.0,,
44935.0,-1.7199999999999989,88,7587.0,,
44940.0,-2.1199999999999903,84,7799.0,,
44945.0,-2.0200000000000102,81,8001.0,,
44950.0,-1.2099999999999937,77,8122.0,,
44955.0,0.3499999999999943,77,8087.0,,
44960.0,-0.3299999999999983,72,8120.0,,
44965.0,0.29000000000000625,69,8091.0,,
44970.0,-1.5600000000000023,73,8247.0,,
44975.0,-1.5100000000000051,81,8398.0,,
44980.0,-2.339999999999989,86,8632.0,,
44985.0,-3.210000000000008,82,8953.0,,
44990.0,-3.450000000000003,80,9298.0,,
44995.0,-1.1400000000000006,77,9412.0,,
45000.0,0.6700000000000017,74,9345.0,,
45005.0,5.540000000000006,69,8791.0,,
45010.0,10.879999999999995,65,7703.0,,
45015.0,0.8200000000000074,63,7621.0,,
45020.0,-2.240000000000009,63,7845.0,,
45025.0,-1.9899999999999949,67,8044.0,,
45030.0,-2.9200000000000017,74,8336.0,,
45035.0,-1.0600000000000023,70,8442.0,,
45040.0,2.4399999999999977,72,8198.0,,
45045.0,-0.7800000000000011,71,8276.0,,
45050.0,1.8800000000000097,68,8088.0,,
45055.0,-2.969999999999999,74,8385.0,,
45060.0,-2.8599999999999994,83,8671.0,,
45065.0,-2.950000000000003,89,8966.0,,
45070.0,-3.5600000000000023,85,9322.0,,
45075.0,4.159999999999997,76,8906.0,,
45080.0,11.769999999999996,72,7729.0,,
45085.0,2.730000000000004,67,7456.0,,
45090.0,1.1500000000000057,62,7341.0,,
45095.0,-1.3900000000000006,58,7480.0,,
45100.0,-2.0799999999999983,67,7688.0,,
45105.0,2.8699999999999903,72,7401.0,,
45110.0,4.930000000000007,71,6908.0,,
45115.0,-1.4000000000000057,70,7048.0,,
45120.0,0.6800000000000068,66,6980.0,,
45125.0,-1.230000000000004,62,7103.0,,
45130.0,-1.6599999999999966,68,7269.0,,
45135.0,0.980000000000004,75,7171.0,,
45140.0,4.099999999999994,74,6761.0,,
45145.0,-0.9200000000000017,75,6853.0,,
45150.0,-1.8599999999999994,68,7039.0,,
45155.0,-1.0100000000000051,64,7140.0,,
45160.0,1.6400000000000006,66,6976.0,,
45165.0,0.7600000000000051,64,6900.0,,
45170.0,3.4599999999999937,74,6554.0,,
45175.0,-2.8900000000000006,81,6843.0,,
45180.0,-1.9299999999999926,86,7036.0,,
45185.0,-0.0799999999999983,89,7044.0,,
45190.0,4.289999999999992,84,6615.0,,
45195.0,0.37000000000000455,73,6578.0,,
45200.0,0.37000000000000455,69,6541.0,,
45205.0,0.8799999999999955,67,6453.0,,
45210.0,4.189999999999998,73,6034.0,,
45215.0,-2.479999999999997,80,6282.0,,
45220.0,-0.7800000000000011,85,6360.0,,
45225.0,-0.6699999999999946,87,6427.0,,
45230.0,4.479999999999997,81,5979.0,,
45235.0,-1.5600000000000023,70,6135.0,,
45240.0,0.4299999999999997,66,6092.0,,
45245.0,-0.7399999999999949,67,6166.0,,
45250.0,-0.5200000000000031,73,6218.0,,
45255.0,-0.2700000000000031,75,6245.0,,
45260.0,1.2900000000000063,76,6116.0,,
45265.0,-1.2700000000000031,71,6243.0,,
45270.0,-0.7299999999999969,65,6316.0,,
45275.0,-0.6000000000000014,65,6376.0,,
45280.0,0.21000000000000085,66,6355.0,,
45285.0,1.2999999999999972,67,6225.0,,
45290.0,3.3400000000000034,76,5891.0,,
45295.0,-1.0600000000000023,81,5997.0,,
45300.0,0.509999999999998,83,5946.0,,
45305.0,-1.4499999999999957,87,6091.0,,
45310.0,-0.8900000000000006,78,6180.0,,
45315.0,-0.980000000000004,75,6278.0,,
45320.0,0.17999999999999972,68,6260.0,,
45325.0,0.8999999999999986,65,6170.0,,
45330.0,2.710000000000001,70,5899.0,,
45335.0,-1.9099999999999966,79,6090.0,,
45340.0,-0.759999999999998,85,6166.0,,
45345.0,-0.6600000000000037,85,6232.0,,
45350.0,2.6099999999999994,80,5971.0,,
45355.0,-1.6899999999999977,71,6140.0,,
45360.0,0.269999999999996,67,6113.0,,
45365.0,-0.01999999999999602,63,6115.0,,
45370.0,2.1599999999999966,65,5899.0,,
45375.0,-0.519999999999996,75,5951.0,,
45380.0,-0.4200000000000017,84,5993.0,,
45385.0,-1.4600000000000009,86,6139.0,,
45390.0,2.450000000000003,80,5894.0,,
45395.0,-1.5600000000000023,68,6050.0,,
45400.0,0.45000000000000284,61,6005.0,,
45405.0,-0.6700000000000017,64,6072.0,,
45410.0,1.0,71,5972.0,,
45415.0,-1.6799999999999997,77,6140.0,,
45420.0,0.7100000000000009,87,6069.0,,
45425.0,-1.6500000000000057,86,6234.0,,
45430.0,1.0600000000000023,77,6128.0,,
45435.0,-1.5499999999999972,71,6283.0,,
45440.0,0.509999999999998,66,6232.0,,
45445.0,0.3500000000000014,62,6197.0,,
45450.0,1.2199999999999989,66,6075.0,,
45455.0,-0.29999999999999716,75,6105.0,,
45460.0,0.36999999999999744,85,6068.0,,
45465.0,-1.3699999999999974,82,6205.0,,
45470.0,2.6699999999999946,77,5938.0,,
45475.0,0.19000000000000483,64,5919.0,,
45480.0,1.3200000000000003,59,5787.0,,
45485.0,-0.14000000000000057,54,5801.0,,
45490.0,1.8799999999999955,55,5613.0,,
45495.0,0.6700000000000017,58,5546.0,,
45500.0,2.4299999999999997,64,5303.0,,
45505.0,-1.019999999999996,66,5405.0,,
45510.0,0.7999999999999972,67,5325.0,,
45515.0,-1.4399999999999977,72,5469.0,,
45520.0,0.46000000000000085,75,5423.0,,
45525.0,-0.8500000000000014,71,5508.0,,
45530.0,0.29999999999999716,68,5478.0,,
45535.0,0.07000000000000028,67,5471.0,,
45540.0,1.2700000000000031,71,5344.0,,
45545.0,0.9699999999999989,66,5247.0,,
45550.0,1.9399999999999977,72,5053.0,,
45555.0,-1.7999999999999972,78,5233.0,,
45560.0,-0.09000000000000341,86,5242.0,,
45565.0,-1.5700000000000003,89,5399.0,,
45570.0,-0.46000000000000085,82,5445.0,,
45575.0,0.0,78,5445.0,,
45580.0,-1.0899999999999963,72,5554.0,,
45585.0,1.1799999999999997,71,5436.0,,
45590.0,-0.25,72,5461.0,,
45595.0,0.07000000000000028,73,5454.0,,
45600.0,-2.1799999999999997,71,5672.0,,
45605.0,-1.480000000000004,76,5820.0,,
45610.0,-0.779999999999994,78,5898.0,,
45615.0,-2.010000000000005,78,6099.0,,
45620.0,-1.4499999999999957,76,6244.0,,
45625.0,-0.6900000000000048,83,6313.0,,
45630.0,-1.2899999999999991,79,6442.0,,
45635.0,2.1300000000000026,76,6229.0,,
45640.0,-1.3100000000000023,72,6360.0,,
45645.0,-1.3099999999999952,77,6491.0,,
45650.0,-2.1400000000000006,82,6705.0,,
45655.0,-0.6099999999999994,82,6766.0,,
45660.0,-3.0700000000000074,79,7073.0,,
45665.0,-2.530000000000001,75,7326.0,,
45670.0,-0.75,74,7401.0,,
45675.0,0.6800000000000068,77,7333.0,,
45680.0,2.760000000000005,75,7057.0,,
45685.0,4.769999999999996,80,6580.0,,
45690.0,0.46999999999999886,81,6533.0,,
45695.0,0.35999999999999943,85,6497.0,,
45700.0,-2.1500000000000057,88,6712.0,,
45705.0,-1.6499999999999915,83,6877.0,,
45710.0,-1.5300000000000011,78,7030.0,,
45715.0,0.35999999999999943,76,6994.0,,
45720.0,1.6899999999999977,73,6825.0,,
45725.0,3.930000000000007,79,6432.0,,
45730.0,0.5699999999999932,81,6375.0,,
45735.0,0.39000000000000057,85,6336.0,,
45740.0,-3.030000000000001,88,6639.0,,
45745.0,-1.5999999999999943,85,6799.0,,
45750.0,-0.4100000000000108,76,6840.0,,
45755.0,0.2600000000000051,74,6814.0,,
45760.0,0.060000000000002274,71,6808.0,,
45765.0,1.1599999999999966,68,6692.0,,
45770.0,1.3400000000000034,67,6558.0,,
45775.0,3.6999999999999957,71,6188.0,,
45780.0,-0.28999999999999915,79,6217.0,,
45785.0,-0.6899999999999977,84,6286.0,,
45790.0,-2.1599999999999966,88,6502.0,,
45795.0,-0.18999999999999773,88,6521.0,,
45800.0,-1.6000000000000085,78,6681.0,,
45805.0,0.5600000000000023,75,6625.0,,
45810.0,0.01999999999999602,67,6623.0,,
45815.0,2.3300000000000054,71,6390.0,,
45820.0,-0.6400000000000077,81,6454.0,,
45825.0,-0.0899999999999892,88,6463.0,,
45830.0,1.0499999999999972,93,6358.0,,
45835.0,0.4200000000000017,92,6316.0,,
45840.0,-1.2999999999999972,89,6446.0,,
45845.0,-0.6800000000000068,83,6514.0,,
45850.0,1.7999999999999972,77,6334.0,,
45855.0,0.2600000000000051,74,6308.0,,
45860.0,1.9299999999999997,74,6115.0,,
45865.0,-1.1900000000000048,71,6234.0,,
45870.0,-0.9699999999999989,72,6331.0,,
45875.0,-1.8400000000000034,78,6515.0,,
45880.0,-1.269999999999996,73,6642.0,,
45885.0,2.6099999999999994,72,6381.0,,
45890.0,-0.7399999999999949,75,6455.0,,
45895.0,1.6099999999999994,75,6294.0,,
45900.0,0.19999999999999574,75,6274.0,,
45905.0,2.8999999999999986,79,5984.0,,
45910.0,-2.9499999999999957,78,6279.0,,
45915.0,-2.3699999999999974,78,6516.0,,
45920.0,-1.4099999999999966,79,6657.0,,
45925.0,0.8099999999999881,84,6576.0,,
45930.0,-1.1700000000000017,78,6693.0,,
45935.0,1.5900000000000034,75,6534.0,,
45940.0,-0.18999999999999773,75,6553.0,,
45945.0,-1.789999999999992,77,6732.0,,
45950.0,-1.25,74,6857.0,,
45955.0,0.5099999999999909,68,6806.0,,
45960.0,1.3299999999999983,67,6673.0,,
45965.0,3.460000000000001,73,6327.0,,
45970.0,0.6700000000000017,78,6260.0,,
45975.0,2.789999999999999,83,5981.0,,
45980.0,-1.3799999999999955,83,6119.0,,
45985.0,-1.0200000000000031,79,6221.0,,
45990.0,-1.0600000000000023,68,6327.0,,
45995.0,-0.0899999999999963,64,6336.0,,
46000.0,1.6000000000000014,66,6176.0,,
46005.0,5.530000000000001,71,5623.0,,
46010.0,-0.44000000000000483,74,5667.0,,
46015.0,1.8500000000000014,79,5482.0,,
46020.0,-0.7299999999999969,78,5555.0,,
46025.0,-0.20000000000000284,73,5575.0,,
46030.0,-0.8500000000000014,66,5660.0,,
46035.0,-0.10999999999999943,62,5671.0,,
46040.0,0.6099999999999994,61,5610.0,,
46045.0,1.7899999999999991,67,5431.0,,
46050.0,0.6700000000000017,71,5364.0,,
46055.0,0.10000000000000142,79,5354.0,,
46060.0,0.4200000000000017,77,5312.0,,
46065.0,2.509999999999998,66,5061.0,,
46070.0,0.01999999999999602,56,5059.0,,
46075.0,0.36000000000000654,57,5023.0,,
46080.0,0.5,53,4973.0,,
46085.0,1.6899999999999977,62,4804.0,,
46090.0,-0.259999999999998,69,4830.0,,
46095.0,0.529999999999994,74,4777.0,,
46100.0,0.020000000000003126,68,4775.0,,
46105.0,1.8200000000000003,60,4593.0,,
46110.0,0.3500000000000014,51,4558.0,,
46115.0,0.6199999999999974,50,4496.0,,
46120.0,-0.0799999999999983,52,4504.0,,
46125.0,0.11999999999999744,59,4492.0,,
46130.0,-0.28999999999999915,67,4521.0,,
46135.0,1.009999999999998,71,4420.0,,
46140.0,-0.75,60,4495.0,,
46145.0,2.190000000000005,50,4276.0,,
46150.0,1.7800000000000011,47,4098.0,,
46155.0,0.7299999999999969,48,4025.0,,
46160.0,-0.10000000000000142,48,4035.0,,
46165.0,1.8900000000000006,53,3846.0,,
46170.0,-0.22999999999999687,51,3869.0,,
46175.0,2.259999999999998,47,3643.0,,
46180.0,-0.5,44,3693.0,,
46185.0,0.4200000000000017,46,3651.0,,
46190.0,0.17999999999999972,46,3633.0,,
46195.0,0.9899999999999949,50,3534.0,,
46200.0,0.7100000000000009,57,3463.0,,
46205.0,1.6400000000000006,58,3299.0,,
46210.0,-1.2100000000000009,46,3420.0,,
46215.0,0.39000000000000057,38,3381.0,,
46220.0,0.6700000000000017,34,3314.0,,
46225.0,2.240000000000002,37,3090.0,,
46230.0,0.22999999999999687,36,3067.0,,
46235.0,0.020000000000003126,33,3065.0,,
46240.0,0.46999999999999886,33,3018.0,,
46245.0,2.09,36,2809.0,,
46250.0,-1.0599999999999987,34,2915.0,,
46255.0,-0.870000000000001,38,3002.0,,
46260.0,0.7899999999999991,38,2923.0,,
46265.0,1.9299999999999997,37,2730.0,,
46270.0,0.5,39,2680.0,,
46275.0,1.3399999999999999,43,2546.0,,
46280.0,1.2699999999999996,42,2419.0,,
46285.0,2.120000000000001,33,2207.0,,
46290.0,1.7100000000000009,34,2036.0,,
46295.0,0.8200000000000003,33,1954.0,,
46300.0,-0.6700000000000017,30,2021.0,,
46305.0,0.030000000000001137,27,2018.0,,
46310.0,0.33999999999999986,28,1984.0,,
46315.0,0.48999999999999844,29,1935.0,,
46320.0,1.4400000000000013,26,1791.0,,
46325.0,2.4800000000000004,24,1543.0,,
46330.0,0.0600000000000005,26,1537.0,,
46335.0,-0.0600000000000005,28,1543.0,,
46340.0,-0.2900000000000009,24,1572.0,,
46345.0,0.46000000000000085,25,1526.0,,
46350.0,-0.5400000000000009,25,1580.0,,
46355.0,-0.049999999999998934,28,1585.0,,
46360.0,0.8699999999999992,20,1498.0,,
46365.0,1.67,22,1331.0,,
46370.0,-0.16999999999999993,23,1348.0,,
46375.0,-0.019999999999999574,27,1350.0,,
46380.0,-0.2599999999999998,21,1376.0,,
46385.0,-0.02999999999999936,23,1379.0,,
46390.0,-0.7800000000000011,24,1457.0,,
46395.0,-0.5700000000000003,25,1514.0,,
46400.0,1.950000000000001,27,1319.0,,
46405.0,3.16,28,1003.0,,
46410.0,-1.0600000000000005,30,1109.0,,
46415.0,-0.7699999999999996,28,1186.0,,
46420.0,0.4900000000000002,25,1137.0,,
46425.0,1.2899999999999991,25,1008.0,,
46430.0,-0.33999999999999986,26,1042.0,,
46435.0,-0.7300000000000004,31,1115.0,,
46440.0,-0.07000000000000028,28,1122.0,,
46445.0,0.7100000000000009,24,1051.0,,
46450.0,-0.7200000000000006,23,1123.0,,
46455.0,-0.41000000000000014,26,1164.0,,
46460.0,-0.1899999999999995,23,1183.0,,
46465.0,0.21000000000000085,22,1162.0,,
46470.0,-0.3200000000000003,27,1194.0,,
46475.0,-0.33999999999999986,26,1228.0,,
46480.0,0.379999999999999,25,1190.0,,
46485.0,1.5999999999999996,21,1030.0,,
46490.0,-0.14999999999999858,21,1045.0,,
46495.0,-0.33999999999999986,23,1079.0,,
46500.0,0.09999999999999964,17,1069.0,,
46505.0,0.05999999999999872,19,1063.0,,
46510.0,-0.7199999999999989,23,1135.0,,
46515.0,-0.33999999999999986,23,1169.0,,
46520.0,0.41000000000000014,20,1128.0,,
46525.0,0.7199999999999989,21,1056.0,,
46530.0,-0.5,26,1106.0,,
46535.0,-0.1999999999999993,21,1126.0,,
46540.0,-0.34999999999999964,22,1161.0,,
46545.0,-0.10000000000000142,22,1171.0,,
46550.0,-0.4399999999999995,22,1215.0,,
46555.0,-0.21999999999999886,22,1237.0,,
46560.0,2.83,18,954.0,,
46565.0,4.009999999999999,20,553.0,,
46570.0,-0.7000000000000002,21,623.0,,
46575.0,-0.35999999999999943,18,659.0,,
46580.0,0.46999999999999975,17,612.0,,
46585.0,0.8899999999999997,16,523.0,,
46590.0,-0.5899999999999999,20,582.0,,
46595.0,-0.3799999999999999,21,620.0,,
46600.0,-0.33000000000000007,18,653.0,,
46605.0,-0.6099999999999994,19,714.0,,
46610.0,0.6200000000000001,15,652.0,,
46615.0,1.3299999999999992,18,519.0,,
46620.0,0.11000000000000032,19,508.0,,
46625.0,-0.5700000000000003,19,565.0,,
46630.0,-0.09999999999999964,16,575.0,,
46635.0,0.21999999999999975,18,553.0,,
46640.0,-0.6600000000000001,18,619.0,,
46645.0,-0.47999999999999954,17,667.0,,
46650.0,0.7299999999999995,15,594.0,,
46655.0,1.1800000000000006,16,476.0,,
46660.0,-0.6000000000000005,19,536.0,,
46665.0,-0.40999999999999925,21,577.0,,
46670.0,0.9199999999999999,18,485.0,,
46675.0,-0.5200000000000005,24,537.0,,
46680.0,-0.7999999999999998,22,617.0,,
46685.0,-0.3799999999999999,21,655.0,,
46690.0,-0.1299999999999999,19,668.0,,
46695.0,0.46999999999999975,20,621.0,,
46700.0,-0.5499999999999998,22,676.0,,
46705.0,-0.33999999999999986,23,710.0,,
46710.0,0.47999999999999954,18,662.0,,
46715.0,0.8600000000000003,20,576.0,,
46720.0,-0.5300000000000002,20,629.0,,
46725.0,-0.29000000000000004,24,658.0,,
46730.0,0.08000000000000007,17,650.0,,
46735.0,0.45999999999999996,18,604.0,,
46740.0,-0.07000000000000028,18,611.0,,
46745.0,0.09000000000000075,18,602.0,,
46750.0,0.39999999999999947,15,562.0,,
46755.0,0.6399999999999997,17,498.0,,
46760.0,-0.5399999999999991,22,552.0,,
46765.0,-0.33000000000000007,21,585.0,,
46770.0,0.79,18,506.0,,
46775.0,-0.8700000000000001,23,593.0,,
46780.0,-0.8300000000000001,25,676.0,,
46785.0,-0.5099999999999998,24,727.0,,
46790.0,-0.41000000000000014,21,768.0,,
46795.0,0.25,21,743.0,,
46800.0,1.08,19,635.0,,
46805.0,-0.6699999999999999,21,702.0,,
46810.0,-0.5600000000000005,23,758.0,,
46815.0,0.5200000000000005,18,706.0,,
46820.0,0.8199999999999994,18,624.0,,
46825.0,-0.6099999999999994,20,685.0,,
46830.0,-0.35000000000000053,21,720.0,,
46835.0,0.3700000000000001,19,683.0,,
46840.0,1.2000000000000002,18,563.0,,
46845.0,-0.13999999999999968,21,577.0,,
46850.0,-0.28000000000000025,29,605.0,,
46855.0,-1.08,35,713.0,,
46860.0,-0.45999999999999996,33,759.0,,
46865.0,-0.8100000000000005,30,840.0,,
46870.0,0.09999999999999964,23,830.0,,
46875.0,0.9900000000000011,17,731.0,,
46880.0,-0.29000000000000004,18,760.0,,
46885.0,-0.1200000000000001,20,772.0,,
46890.0,-0.08000000000000007,18,780.0,,
46895.0,0.17999999999999972,17,762.0,,
46900.0,-0.019999999999999574,17,764.0,,
46905.0,-0.1900000000000004,27,783.0,,
46910.0,0.25,22,758.0,,
46915.0,0.5899999999999999,22,699.0,,
46920.0,-0.0699999999999994,22,706.0,,
46925.0,-0.020000000000000462,22,708.0,,
46930.0,-0.1200000000000001,15,720.0,,
46935.0,0.29000000000000004,15,691.0,,
46940.0,-0.29000000000000004,22,720.0,,
46945.0,0.08000000000000007,21,712.0,,
46950.0,-0.5300000000000002,22,765.0,,
46955.0,-0.3899999999999988,21,804.0,,
46960.0,-0.5300000000000011,21,857.0,,
46965.0,-0.08000000000000007,21,865.0,,
46970.0,-0.6799999999999997,18,933.0,,
46975.0,-0.8599999999999994,29,1019.0,,
46980.0,-0.8300000000000001,26,1102.0,,
46985.0,-0.040000000000000924,23,1106.0,,
46990.0,2.26,17,880.0,,
46995.0,1.0900000000000007,22,771.0,,
47000.0,-0.6399999999999997,22,835.0,,
47005.0,-0.040000000000000924,18,839.0,,
47010.0,1.0200000000000005,18,737.0,,
47015.0,1.92,16,545.0,,
47020.0,-0.4500000000000002,18,590.0,,
47025.0,-0.33999999999999986,20,624.0,,
47030.0,0.1200000000000001,15,612.0,,
47035.0,0.75,15,537.0,,
47040.0,-0.5099999999999998,19,588.0,,
47045.0,-0.16000000000000014,21,604.0,,
47050.0,-0.4299999999999997,20,647.0,,
47055.0,-0.4300000000000006,23,690.0,,
47060.0,-0.6799999999999997,22,758.0,,
47065.0,-0.3700000000000001,21,795.0,,
47070.0,1.0899999999999999,17,686.0,,
47075.0,2.0,18,486.0,,
47080.0,0.07000000000000028,18,479.0,,
47085.0,-0.2599999999999998,22,505.0,,
47090.0,-0.3200000000000003,18,537.0,,
47095.0,-0.1299999999999999,18,550.0,,
47100.0,-0.5700000000000003,21,607.0,,
47105.0,-0.2699999999999996,19,634.0,,
47110.0,0.6499999999999995,14,569.0,,
47115.0,1.5,15,419.0,,
47120.0,-0.54,19,473.0,,
47125.0,-0.16999999999999993,21,490.0,,
47130.0,0.6500000000000004,17,425.0,,
47135.0,-0.7999999999999998,23,505.0,,
47140.0,-0.7000000000000002,23,575.0,,
47145.0,-0.3600000000000003,20,611.0,,
47150.0,0.3200000000000003,16,579.0,,
47155.0,0.17999999999999972,22,561.0,,
47160.0,-0.6399999999999997,20,625.0,,
47165.0,-0.3099999999999996,22,656.0,,
47170.0,-0.25,18,681.0,,
47175.0,0.6599999999999993,15,615.0,,
47180.0,1.83,11,432.0,,
47185.0,0.23000000000000043,12,409.0,,
47190.0,-0.11000000000000032,17,420.0,,
47195.0,-0.8499999999999996,21,505.0,,
47200.0,-1.2300000000000004,27,628.0,,
47205.0,-1.0899999999999999,28,737.0,,
47210.0,-0.7399999999999993,25,811.0,,
47215.0,0.3299999999999992,21,778.0,,
47220.0,1.1800000000000006,18,660.0,,
47225.0,-0.11000000000000032,20,671.0,,
47230.0,-0.3899999999999997,23,710.0,,
47235.0,0.27999999999999936,21,682.0,,
47240.0,1.0,22,582.0,,
47245.0,-0.5999999999999996,23,642.0,,
47250.0,-0.33999999999999986,25,676.0,,
47255.0,0.1200000000000001,18,664.0,,
47260.0,1.25,12,539.0,,
47265.0,-0.5,22,589.0,,
47270.0,-0.3200000000000003,25,621.0,,
47275.0,-0.23000000000000043,19,644.0,,
47280.0,0.6400000000000006,18,580.0,,
47285.0,-0.3100000000000005,20,611.0,,
47290.0,-0.2699999999999996,21,638.0,,
47295.0,0.5300000000000002,16,585.0,,
47300.0,0.8099999999999996,21,504.0,,
47305.0,-0.5599999999999996,21,560.0,,
47310.0,-0.1800000000000006,22,578.0,,
47315.0,-0.08000000000000007,17,586.0,,
47320.0,0.33000000000000007,17,553.0,,
47325.0,0.020000000000000462,16,551.0,,
47330.0,0.019999999999999574,17,549.0,,
47335.0,0.7800000000000002,19,471.0,,
47340.0,-1.12,23,583.0,,
47345.0,-0.7400000000000002,24,657.0,,
47350.0,-0.3199999999999994,21,689.0,,
47355.0,0.5499999999999998,15,634.0,,
47360.0,0.7599999999999998,20,558.0,,
47365.0,0.3100000000000005,19,527.0,,
47370.0,0.2599999999999998,25,501.0,,
47375.0,-0.75,30,576.0,,
47380.0,-0.03000000000000025,30,579.0,,
47385.0,-0.5199999999999996,24,631.0,,
47390.0,-0.4400000000000004,17,675.0,,
47395.0,-0.11000000000000032,14,686.0,,
47400.0,0.45999999999999996,13,640.0,,
47405.0,0.41999999999999993,10,598.0,,
47410.0,0.5900000000000007,16,539.0,,
47415.0,0.08000000000000007,19,531.0,,
47420.0,0.08999999999999986,20,522.0,,
47425.0,-0.0600000000000005,16,528.0,,
47430.0,-0.8899999999999997,19,617.0,,
47435.0,-0.41999999999999993,19,659.0,,
47440.0,0.20999999999999996,16,638.0,,
47445.0,0.3600000000000003,19,602.0,,
47450.0,0.3099999999999996,15,571.0,,
47455.0,1.1600000000000001,15,455.0,,
47460.0,0.0699999999999994,17,448.0,,
47465.0,-0.17999999999999972,19,466.0,,
47470.0,0.07000000000000028,14,459.0,,
47475.0,0.22999999999999954,15,436.0,,
47480.0,-0.8199999999999994,24,518.0,,
47485.0,-0.96,26,614.0,,
47490.0,-0.5500000000000007,23,669.0,,
47495.0,0.4500000000000002,19,624.0,,
47500.0,1.9700000000000006,17,427.0,,
47505.0,-0.4400000000000004,18,471.0,,
47510.0,0.009999999999999787,15,470.0,,
47515.0,0.1200000000000001,17,458.0,,
47520.0,-1.0999999999999996,23,568.0,,
47525.0,-0.6200000000000001,23,630.0,,
47530.0,0.1899999999999995,22,611.0,,
47535.0,-0.05999999999999961,16,617.0,,
47540.0,0.28000000000000025,17,589.0,,
47545.0,-0.1900000000000004,17,608.0,,
47550.0,-0.03000000000000025,19,611.0,,
47555.0,0.4500000000000002,17,566.0,,
47560.0,1.38,16,428.0,,
47565.0,-0.46999999999999975,21,475.0,,
47570.0,-0.20000000000000018,22,495.0,,
47575.0,-0.1200000000000001,16,507.0,,
47580.0,0.22000000000000064,15,485.0,,
47585.0,-0.28000000000000025,17,513.0,,
47590.0,-0.16000000000000014,21,529.0,,
47595.0,0.8399999999999999,13,445.0,,
47600.0,0.6600000000000001,16,379.0,,
47605.0,-0.54,20,433.0,,
47610.0,-0.25,18,458.0,,
47615.0,-0.05999999999999961,12,464.0,,
47620.0,0.08000000000000007,15,456.0,,
47625.0,-0.6000000000000005,23,516.0,,
47630.0,-0.41999999999999993,23,558.0,,
47635.0,0.7999999999999998,21,478.0,,
47640.0,-0.8399999999999999,22,562.0,,
47645.0,-0.7299999999999995,22,635.0,,
47650.0,-0.08000000000000007,20,643.0,,
47655.0,0.27999999999999936,18,615.0,,
47660.0,0.9300000000000006,18,522.0,,
47665.0,-0.5800000000000001,22,580.0,,
47670.0,-0.28000000000000025,24,608.0,,
47675.0,-0.3200000000000003,21,640.0,,
47680.0,0.3800000000000008,14,602.0,,
47685.0,1.5299999999999994,13,449.0,,
47690.0,-0.33999999999999986,15,483.0,,
47695.0,-0.20000000000000018,21,503.0,,
47700.0,0.54,17,449.0,,
47705.0,0.5,19,399.0,,
47710.0,-0.5499999999999998,21,454.0,,
47715.0,-0.33000000000000007,19,487.0,,
47720.0,-0.34999999999999964,19,522.0,,
47725.0,0.3700000000000001,13,485.0,,
47730.0,1.1499999999999995,13,370.0,,
47735.0,0.03000000000000025,18,367.0,,
47740.0,-0.4800000000000004,15,415.0,,
47745.0,0.18000000000000016,19,397.0,,
47750.0,-0.98,22,495.0,,
47755.0,-0.9299999999999997,24,588.0,,
47760.0,-0.6399999999999997,20,652.0,,
47765.0,0.15999999999999925,16,636.0,,
47770.0,0.4300000000000006,22,593.0,,
47775.0,-0.5800000000000001,21,651.0,,
47780.0,-0.5300000000000002,24,704.0,,
47785.0,0.54,19,650.0,,
47790.0,1.4900000000000002,21,501.0,,
47795.0,-0.71,23,572.0,,
47800.0,-0.5300000000000002,23,625.0,,
47805.0,-0.03000000000000025,20,628.0,,
47810.0,0.47000000000000064,19,581.0,,
47815.0,-0.7200000000000006,23,653.0,,
47820.0,-0.5199999999999996,21,705.0,,
47825.0,0.5499999999999998,17,650.0,,
47830.0,0.8200000000000003,20,568.0,,
47835.0,-0.6900000000000004,22,637.0,,
47840.0,-0.4500000000000002,28,682.0,,
47845.0,-0.23999999999999932,22,706.0,,
47850.0,0.5599999999999996,21,650.0,,
47855.0,-0.5599999999999996,22,706.0,,
47860.0,-0.35000000000000053,20,741.0,,
47865.0,0.9900000000000002,21,642.0,,
47870.0,-0.6699999999999999,26,709.0,,
47875.0,-0.9800000000000004,29,807.0,,
47880.0,-0.6099999999999994,26,868.0,,
47885.0,0.39000000000000057,22,829.0,,
47890.0,1.1099999999999994,23,718.0,,
47895.0,-0.5,22,768.0,,
47900.0,-0.4299999999999997,22,811.0,,
47905.0,0.4599999999999991,17,765.0,,
47910.0,1.37,16,628.0,,
47915.0,0.27000000000000046,20,601.0,,
47920.0,-0.27000000000000046,20,628.0,,
47925.0,-0.1299999999999999,17,641.0,,
47930.0,0.11000000000000032,20,630.0,,
47935.0,-0.6200000000000001,23,692.0,,
47940.0,-0.25,21,717.0,,
47945.0,0.79,16,638.0,,
47950.0,0.8799999999999999,22,550.0,,
47955.0,-0.15000000000000036,20,565.0,,
47960.0,-0.1899999999999995,23,584.0,,
47965.0,-0.04999999999999982,15,589.0,,
47970.0,0.2699999999999996,16,562.0,,
47975.0,0.0,17,562.0,,
47980.0,0.03000000000000025,19,559.0,,
47985.0,0.6600000000000001,19,493.0,,
47990.0,-1.0200000000000005,21,595.0,,
47995.0,-0.71,25,666.0,,
48000.0,-0.25,22,691.0,,
48005.0,0.41000000000000014,16,650.0,,
48010.0,0.8600000000000003,18,564.0,,
48015.0,-0.25,19,589.0,,
48020.0,-0.09000000000000075,21,598.0,,
48025.0,0.13000000000000078,18,585.0,,
48030.0,0.9499999999999993,15,490.0,,
48035.0,-0.3199999999999994,16,522.0,,
48040.0,-0.1200000000000001,18,534.0,,
48045.0,-0.040000000000000036,16,538.0,,
48050.0,0.3200000000000003,15,506.0,,
48055.0,-0.4500000000000002,19,551.0,,
48060.0,-0.39000000000000057,21,590.0,,
48065.0,0.5800000000000001,17,532.0,,
48070.0,0.9900000000000002,19,433.0,,
48075.0,-0.5999999999999996,21,493.0,,
48080.0,-0.29000000000000004,22,522.0,,
48085.0,-0.3799999999999999,20,560.0,,
48090.0,0.04999999999999982,16,555.0,,
48095.0,0.5300000000000002,16,502.0,,
48100.0,-0.6600000000000001,20,568.0,,
48105.0,-0.5600000000000005,19,624.0,,
48110.0,0.33000000000000007,14,591.0,,
48115.0,0.5200000000000005,19,539.0,,
48120.0,-0.5200000000000005,20,591.0,,
48125.0,-0.3799999999999999,19,629.0,,
48130.0,0.16000000000000014,18,613.0,,
48135.0,0.7299999999999995,19,540.0,,
48140.0,-0.6399999999999997,20,604.0,,
48145.0,-0.3899999999999997,20,643.0,,
48150.0,1.17,16,526.0,,
48155.0,-0.6400000000000006,25,590.0,,
48160.0,-0.8300000000000001,23,673.0,,
48165.0,-0.5299999999999994,24,726.0,,
48170.0,0.22999999999999954,18,703.0,,
48175.0,0.7999999999999998,17,623.0,,
48180.0,-0.019999999999999574,17,625.0,,
48185.0,-0.3099999999999996,18,656.0,,
48190.0,0.7399999999999993,15,582.0,,
48195.0,1.3000000000000007,19,452.0,,
48200.0,-0.15000000000000036,22,467.0,,
48205.0,-0.54,25,521.0,,
48210.0,-0.16000000000000014,22,537.0,,
48215.0,0.6100000000000003,19,476.0,,
48220.0,-0.5200000000000005,20,528.0,,
48225.0,-0.27999999999999936,22,556.0,,
48230.0,-0.1800000000000006,19,574.0,,
48235.0,0.020000000000000462,20,572.0,,
48240.0,-0.5600000000000005,21,628.0,,
48245.0,-0.1200000000000001,20,640.0,,
48250.0,0.27000000000000046,18,613.0,,
48255.0,0.6799999999999997,19,545.0,,
48260.0,-0.33000000000000007,20,578.0,,
48265.0,-0.05999999999999961,17,584.0,,
48270.0,0.7800000000000002,16,506.0,,
48275.0,-1.12,25,618.0,,
48280.0,-0.7300000000000004,24,691.0,,
48285.0,-0.33999999999999986,23,725.0,,
48290.0,0.2699999999999996,20,698.0,,
48295.0,0.8100000000000005,19,617.0,,
48300.0,-0.23000000000000043,17,640.0,,
48305.0,0.010000000000000675,15,639.0,,
48310.0,0.4499999999999993,17,594.0,,
48315.0,0.6800000000000006,20,526.0,,
48320.0,-0.6200000000000001,22,588.0,,
48325.0,-0.2599999999999998,19,614.0,,
48330.0,-0.07000000000000028,20,621.0,,
48335.0,0.3099999999999996,15,590.0,,
48340.0,1.37,11,453.0,,
48345.0,-0.25,18,478.0,,
48350.0,0.03000000000000025,18,475.0,,
48355.0,-0.1900000000000004,17,494.0,,
48360.0,-0.4499999999999993,19,539.0,,
48365.0,-0.6600000000000001,22,605.0,,
48370.0,-0.27000000000000046,18,632.0,,
48375.0,-0.13999999999999968,17,646.0,,
48380.0,-0.5800000000000001,20,704.0,,
48385.0,0.5999999999999996,16,644.0,,
48390.0,1.4300000000000006,16,501.0,,
48395.0,0.16000000000000014,15,485.0,,
48400.0,-0.34000000000000075,13,519.0,,
48405.0,0.6600000000000001,15,453.0,,
48410.0,-0.9299999999999997,22,546.0,,
48415.0,-0.9199999999999999,25,638.0,,
48420.0,-0.8700000000000001,26,725.0,,
48425.0,-0.8599999999999994,25,811.0,,
48430.0,0.11999999999999922,21,799.0,,
48435.0,0.9199999999999999,22,707.0,,
48440.0,-0.7999999999999998,22,787.0,,
48445.0,-0.6499999999999995,23,852.0,,
48450.0,0.2400000000000002,23,828.0,,
48455.0,0.9399999999999995,22,734.0,,
48460.0,-0.17999999999999972,27,752.0,,
48465.0,-0.7000000000000011,26,822.0,,
48470.0,-0.5800000000000001,25,880.0,,
48475.0,-0.75,24,955.0,,
48480.0,0.4800000000000004,18,907.0,,
48485.0,1.6000000000000005,20,747.0,,
48490.0,-0.8400000000000007,23,831.0,,
48495.0,-0.629999999999999,23,894.0,,
48500.0,-0.009999999999999787,21,895.0,,
48505.0,0.6399999999999988,22,831.0,,
48510.0,-0.7699999999999996,23,908.0,,
48515.0,-0.5600000000000005,26,964.0,,
48520.0,-0.41000000000000014,23,1005.0,,
48525.0,-0.129999999999999,25,1018.0,,
48530.0,-0.4800000000000004,25,1066.0,,
48535.0,-0.5399999999999991,23,1120.0,,
48540.0,0.4299999999999997,22,1077.0,,
48545.0,1.6199999999999992,21,915.0,,
48550.0,-0.7999999999999989,25,995.0,,
48555.0,-0.4300000000000015,27,1038.0,,
48560.0,-0.8199999999999985,32,1120.0,,
48565.0,-0.4400000000000013,26,1164.0,,
48570.0,-0.02999999999999936,24,1167.0,,
48575.0,-0.8599999999999994,23,1253.0,,
48580.0,-0.6100000000000012,25,1314.0,,
48585.0,2.290000000000001,20,1085.0,,
48590.0,1.3100000000000005,27,954.0,,
48595.0,-1.1500000000000004,31,1069.0,,
48600.0,-0.8300000000000001,27,1152.0,,
48605.0,0.879999999999999,25,1064.0,,
48610.0,1.9299999999999997,22,871.0,,
48615.0,-0.28999999999999915,25,900.0,,
48620.0,-0.5800000000000001,28,958.0,,
48625.0,-0.6999999999999993,26,1028.0,,
48630.0,-0.8800000000000008,29,1116.0,,
48635.0,0.10999999999999943,24,1105.0,,
48640.0,1.290000000000001,24,976.0,,
48645.0,-0.6899999999999995,23,1045.0,,
48650.0,-0.7700000000000014,24,1122.0,,
48655.0,0.620000000000001,23,1060.0,,
48660.0,1.3399999999999999,24,926.0,,
48665.0,-0.5099999999999998,27,977.0,,
48670.0,-0.8900000000000006,31,1066.0,,
48675.0,-0.8000000000000007,31,1146.0,,
48680.0,0.19000000000000128,26,1127.0,,
48685.0,1.4100000000000001,23,986.0,,
48690.0,-0.7100000000000009,21,1057.0,,
48695.0,-0.4599999999999991,22,1103.0,,
48700.0,0.17999999999999972,22,1085.0,,
48705.0,0.6099999999999994,27,1024.0,,
48710.0,-0.25,25,1049.0,,
48715.0,-0.5700000000000003,26,1106.0,,
48720.0,0.7300000000000004,19,1033.0,,
48725.0,1.6600000000000001,21,867.0,,
48730.0,-0.3200000000000003,24,899.0,,
48735.0,-0.4599999999999991,25,945.0,,
48740.0,-0.10000000000000142,22,955.0,,
48745.0,0.6100000000000012,23,894.0,,
48750.0,-0.07000000000000028,22,901.0,,
48755.0,0.0,29,901.0,,
48760.0,-1.0299999999999994,35,1004.0,,
48765.0,-0.8000000000000007,35,1084.0,,
48770.0,-0.10999999999999943,27,1095.0,,
48775.0,0.21999999999999886,22,1073.0,,
48780.0,-0.6399999999999988,21,1137.0,,
48785.0,0.05999999999999872,19,1131.0,,
48790.0,-0.2599999999999998,20,1157.0,,
48795.0,-0.049999999999998934,20,1162.0,,
48800.0,-0.5500000000000007,21,1217.0,,
48805.0,-0.040000000000000924,20,1221.0,,
48810.0,3.0700000000000003,16,914.0,,
48815.0,1.7500000000000009,25,739.0,,
48820.0,-0.8099999999999996,26,820.0,,
48825.0,-0.3800000000000008,23,858.0,,
48830.0,0.05000000000000071,17,853.0,,
48835.0,0.20999999999999908,19,832.0,,
48840.0,-0.049999999999998934,18,837.0,,
48845.0,0.08000000000000007,20,829.0,,
48850.0,1.0599999999999987,21,723.0,,
48855.0,2.1000000000000005,18,513.0,,
48860.0,-0.20000000000000018,19,533.0,,
48865.0,-0.3700000000000001,21,570.0,,
48870.0,0.009999999999999787,15,569.0,,
48875.0,0.3800000000000008,17,531.0,,
48880.0,-0.5700000000000003,18,588.0,,
48885.0,-0.46999999999999975,20,635.0,,
48890.0,0.5999999999999996,17,575.0,,
48895.0,0.9800000000000004,18,477.0,,
48900.0,-0.7400000000000002,21,551.0,,
48905.0,-0.5499999999999998,21,606.0,,
48910.0,0.019999999999999574,15,604.0,,
48915.0,0.4500000000000002,18,559.0,,
48920.0,-0.20000000000000018,21,579.0,,
48925.0,-0.54,21,633.0,,
48930.0,-0.5999999999999996,21,693.0,,
48935.0,-0.5200000000000005,25,745.0,,
48940.0,-0.8700000000000001,26,832.0,,
48945.0,-0.3699999999999992,25,869.0,,
48950.0,0.40000000000000036,19,829.0,,
48955.0,1.169999999999999,22,712.0,,
48960.0,-0.2699999999999996,23,739.0,,
48965.0,-0.40000000000000036,23,779.0,,
48970.0,-0.13999999999999968,17,793.0,,
48975.0,-0.03000000000000025,17,796.0,,
48980.0,-0.54,20,850.0,,
48985.0,-0.25,20,875.0,,
48990.0,2.04,19,671.0,,
48995.0,0.29000000000000004,26,642.0,,
49000.0,-0.8300000000000001,25,725.0,,
49005.0,-0.41999999999999993,23,767.0,,
49010.0,-0.020000000000000462,18,769.0,,
49015.0,0.20999999999999996,18,748.0,,
49020.0,-0.5199999999999996,19,800.0,,
49025.0,-0.2400000000000002,21,824.0,,
49030.0,1.12,20,712.0,,
49035.0,1.9100000000000001,15,521.0,,
49040.0,0.08999999999999986,17,512.0,,
49045.0,-0.29000000000000004,21,541.0,,
49050.0,-0.2999999999999998,20,571.0,,
49055.0,0.03000000000000025,14,568.0,,
49060.0,0.8099999999999996,16,487.0,,
49065.0,-0.7199999999999998,23,559.0,,
49070.0,-0.5899999999999999,23,618.0,,
49075.0,0.4299999999999997,19,575.0,,
49080.0,1.1100000000000003,18,464.0,,
49085.0,-0.6200000000000001,22,526.0,,
49090.0,-0.4300000000000006,23,569.0,,
49095.0,-0.20999999999999996,20,590.0,,
49100.0,-0.79,24,669.0,,
49105.0,0.20000000000000018,18,649.0,,
49110.0,0.71,17,578.0,,
49115.0,-0.33999999999999986,20,612.0,,
49120.0,-0.54,20,666.0,,
49125.0,0.39000000000000057,16,627.0,,
49130.0,0.9799999999999995,20,529.0,,
49135.0,-0.20000000000000018,23,549.0,,
49140.0,-0.5599999999999996,25,605.0,,
49145.0,-0.6699999999999999,26,672.0,,
49150.0,-0.5200000000000005,19,724.0,,
49155.0,-0.6699999999999999,24,791.0,,
49160.0,-0.9800000000000004,25,889.0,,
49165.0,-0.7099999999999991,22,960.0,,
49170.0,-0.6100000000000012,22,1021.0,,
49175.0,0.5400000000000009,20,967.0,,
49180.0,1.7000000000000002,18,797.0,,
49185.0,-0.6000000000000005,17,857.0,,
49190.0,-0.4599999999999991,21,903.0,,
49195.0,0.3699999999999992,18,866.0,,
49200.0,1.08,15,758.0,,
49205.0,-0.3700000000000001,19,795.0,,
49210.0,-0.6499999999999995,26,860.0,,
49215.0,-0.4800000000000004,23,908.0,,
49220.0,-0.25,23,933.0,,
49225.0,-0.6600000000000001,23,999.0,,
49230.0,-0.6400000000000006,25,1063.0,,
49235.0,0.10000000000000142,20,1053.0,,
49240.0,0.7999999999999989,22,973.0,,
49245.0,-0.5599999999999987,25,1029.0,,
49250.0,-0.5500000000000007,24,1084.0,,
49255.0,3.0599999999999996,16,778.0,,
49260.0,2.3500000000000005,20,543.0,,
49265.0,-0.75,22,618.0,,
49270.0,-0.41999999999999993,21,660.0,,
49275.0,0.1299999999999999,16,647.0,,
49280.0,0.9799999999999995,18,549.0,,
49285.0,-0.5699999999999994,21,606.0,,
49290.0,-0.5100000000000007,24,657.0,,
49295.0,-0.17999999999999972,21,675.0,,
49300.0,0.11000000000000032,20,664.0,,
49305.0,-0.6500000000000004,22,729.0,,
49310.0,-0.3700000000000001,21,766.0,,
49315.0,0.8300000000000001,22,683.0,,
49320.0,1.4100000000000001,19,542.0,,
49325.0,0.16000000000000014,26,526.0,,
49330.0,-1.6600000000000001,37,692.0,,
49335.0,-1.2200000000000006,38,814.0,,
49340.0,-0.7299999999999986,36,887.0,,
49345.0,-0.5100000000000016,29,938.0,,
49350.0,0.46000000000000085,21,892.0,,
49355.0,-0.39000000000000057,24,931.0,,
49360.0,-0.08999999999999986,25,940.0,,
49365.0,0.75,22,865.0,,
49370.0,0.9199999999999999,20,773.0,,
49375.0,-0.4800000000000004,22,821.0,,
49380.0,0.09000000000000163,20,812.0,,
49385.0,0.40999999999999925,20,771.0,,
49390.0,-0.3299999999999992,22,804.0,,
49395.0,0.4299999999999988,19,761.0,,
49400.0,1.7200000000000006,16,589.0,,
49405.0,-0.39000000000000057,19,628.0,,
49410.0,0.0600000000000005,19,622.0,,
49415.0,-0.6900000000000004,19,691.0,,
49420.0,-0.7699999999999996,21,768.0,,
49425.0,-0.1200000000000001,22,780.0,,
49430.0,0.4900000000000002,22,731.0,,
49435.0,-0.5100000000000007,24,782.0,,
49440.0,-0.879999999999999,24,870.0,,
49445.0,0.5599999999999987,20,814.0,,
49450.0,1.6100000000000003,21,653.0,,
49455.0,-0.3099999999999996,24,684.0,,
49460.0,-0.75,25,759.0,,
49465.0,-0.33000000000000007,22,792.0,,
49470.0,0.15000000000000036,22,777.0,,
49475.0,-0.6799999999999997,22,845.0,,
49480.0,-0.5700000000000003,23,902.0,,
49485.0,-0.6900000000000013,21,971.0,,
49490.0,-0.5399999999999991,24,1025.0,,
49495.0,-0.9700000000000006,33,1122.0,,
49500.0,-0.6199999999999992,31,1184.0,,
49505.0,0.1899999999999995,26,1165.0,,
49510.0,1.2300000000000004,24,1042.0,,
49515.0,0.25,26,1017.0,,
49520.0,-0.8399999999999999,29,1101.0,,
49525.0,-0.05000000000000071,24,1106.0,,
49530.0,2.3000000000000007,22,876.0,,
49535.0,1.5199999999999996,27,724.0,,
49540.0,-0.6699999999999999,26,791.0,,
49545.0,-0.08000000000000007,23,799.0,,
49550.0,0.08999999999999986,19,790.0,,
49555.0,-0.02999999999999936,20,793.0,,
49560.0,0.5499999999999998,15,738.0,,
49565.0,1.67,13,571.0,,
49570.0,0.09999999999999964,19,561.0,,
49575.0,-0.22999999999999954,23,584.0,,
49580.0,-0.04999999999999982,18,589.0,,
49585.0,0.33999999999999986,18,555.0,,
49590.0,-0.3100000000000005,19,586.0,,
49595.0,-0.1999999999999993,21,606.0,,
49600.0,0.5199999999999996,15,554.0,,
49605.0,1.0999999999999996,17,444.0,,
49610.0,-0.5799999999999992,20,502.0,,
49615.0,-0.47000000000000064,24,549.0,,
49620.0,-0.3099999999999996,20,580.0,,
49625.0,-0.6299999999999999,23,643.0,,
49630.0,0.019999999999999574,15,641.0,,
49635.0,0.8600000000000003,16,555.0,,
49640.0,-0.8300000000000001,26,638.0,,
49645.0,-0.8700000000000001,26,725.0,,
49650.0,-0.15000000000000036,20,740.0,,
49655.0,0.010000000000000675,21,739.0,,
49660.0,-0.8500000000000005,24,824.0,,
49665.0,-0.6600000000000001,23,890.0,,
49670.0,0.96,17,794.0,,
49675.0,1.5200000000000005,18,642.0,,
49680.0,-0.33999999999999986,21,676.0,,
49685.0,-0.4900000000000002,23,725.0,,
49690.0,-0.3700000000000001,17,762.0,,
49695.0,0.1200000000000001,21,750.0,,
49700.0,-0.5099999999999998,21,801.0,,
49705.0,-0.3100000000000005,20,832.0,,
49710.0,2.0100000000000007,19,631.0,,
49715.0,0.33999999999999986,24,597.0,,
49720.0,-0.8700000000000001,23,684.0,,
49725.0,-0.3600000000000003,22,720.0,,
49730.0,0.6800000000000006,17,652.0,,
49735.0,1.6599999999999993,18,486.0,,
49740.0,-0.5699999999999994,21,543.0,,
49745.0,-0.47000000000000064,23,590.0,,
49750.0,0.3600000000000003,16,554.0,,
49755.0,0.9800000000000004,15,456.0,,
49760.0,-0.23000000000000043,17,479.0,,
49765.0,-0.3600000000000003,19,515.0,,
49770.0,-0.1899999999999995,17,534.0,,
49775.0,-0.08999999999999986,16,543.0,,
49780.0,-0.5700000000000003,22,600.0,,
49785.0,-0.5099999999999998,24,651.0,,
49790.0,0.8599999999999994,20,565.0,,
49795.0,1.5200000000000005,16,413.0,,
49800.0,-0.3899999999999997,16,452.0,,
49805.0,-0.3700000000000001,19,489.0,,
49810.0,0.13999999999999968,11,475.0,,
49815.0,0.4400000000000004,14,431.0,,
49820.0,-0.5900000000000007,21,490.0,,
49825.0,-0.2999999999999998,20,520.0,,
49830.0,-0.5300000000000002,18,573.0,,
49835.0,-0.45999999999999996,18,619.0,,
49840.0,-0.6099999999999994,19,680.0,,
49845.0,-0.33999999999999986,19,714.0,,
49850.0,0.6399999999999997,14,650.0,,
49855.0,1.2800000000000002,18,522.0,,
49860.0,-0.5300000000000002,19,575.0,,
49865.0,-0.25,19,600.0,,
49870.0,-0.2599999999999998,17,626.0,,
49875.0,-0.23000000000000043,19,649.0,,
49880.0,-0.5499999999999998,20,704.0,,
49885.0,-0.17999999999999972,17,722.0,,
49890.0,1.29,18,593.0,,
49895.0,-0.47000000000000064,25,640.0,,
49900.0,-0.7699999999999996,24,717.0,,
49905.0,-0.29000000000000004,21,746.0,,
49910.0,0.54,17,692.0,,
49915.0,1.0499999999999998,18,587.0,,
49920.0,-0.45999999999999996,19,633.0,,
49925.0,0.009999999999999787,21,632.0,,
49930.0,0.0,23,632.0,,
49935.0,0.07000000000000028,18,625.0,,
49940.0,0.7400000000000002,18,551.0,,
49945.0,-0.5700000000000003,22,608.0,,
49950.0,-0.41000000000000014,22,649.0,,
49955.0,0.1299999999999999,19,636.0,,
49960.0,0.6400000000000006,19,572.0,,
49965.0,-0.1800000000000006,23,590.0,,
49970.0,-0.4399999999999995,23,634.0,,
49975.0,0.07000000000000028,18,627.0,,
49980.0,0.5699999999999994,17,570.0,,
49985.0,-0.16000000000000014,17,586.0,,
49990.0,-0.13999999999999968,20,600.0,,
49995.0,0.1900000000000004,12,581.0,,
50000.0,-0.20999999999999996,20,602.0,,
50005.0,-0.6000000000000005,22,662.0,,
50010.0,-0.3200000000000003,22,694.0,,
50015.0,0.3200000000000003,22,662.0,,
50020.0,0.5200000000000005,21,610.0,,
50025.0,-0.1800000000000006,23,628.0,,
50030.0,-0.5699999999999994,25,685.0,,
50035.0,1.1999999999999993,23,565.0,,
50040.0,0.020000000000000462,26,563.0,,
50045.0,-1.1500000000000004,32,678.0,,
50050.0,-0.8799999999999999,33,766.0,,
50055.0,-0.8300000000000001,30,849.0,,
50060.0,-0.08999999999999986,28,858.0,,
50065.0,-0.7200000000000006,28,930.0,,
50070.0,-0.629999999999999,27,993.0,,
50075.0,-0.7300000000000004,28,1066.0,,
50080.0,-0.16999999999999993,32,1083.0,,
50085.0,-1.1099999999999994,31,1194.0,,
50090.0,-0.9500000000000011,33,1289.0,,
50095.0,-0.4399999999999995,35,1333.0,,
50100.0,-0.11999999999999922,37,1345.0,,
50105.0,-0.9900000000000002,42,1444.0,,
50110.0,-1.2599999999999998,48,1570.0,,
50115.0,-1.4000000000000021,45,1710.0,,
50120.0,-0.35999999999999943,40,1746.0,,
50125.0,-1.2199999999999989,37,1868.0,,
50130.0,-1.0,31,1968.0,,
50135.0,-0.6999999999999993,33,2038.0,,
50140.0,0.16999999999999815,33,2021.0,,
50145.0,-0.879999999999999,34,2109.0,,
50150.0,-0.9400000000000013,37,2203.0,,
50155.0,-0.14000000000000057,35,2217.0,,
50160.0,0.15000000000000213,39,2202.0,,
50165.0,-1.740000000000002,45,2376.0,,
50170.0,-1.8999999999999986,54,2566.0,,
50175.0,-1.6499999999999986,56,2731.0,,
50180.0,-0.5500000000000007,54,2786.0,,
50185.0,-1.6600000000000001,50,2952.0,,
50190.0,-1.5700000000000003,44,3109.0,,
50195.0,-0.6400000000000006,40,3173.0,,
50200.0,0.15000000000000213,41,3158.0,,
50205.0,-1.4200000000000017,47,3300.0,,
50210.0,-1.9200000000000017,58,3492.0,,
50215.0,-1.1400000000000006,59,3606.0,,
50220.0,0.07000000000000028,53,3599.0,,
50225.0,2.0,45,3399.0,,
50230.0,6.390000000000001,45,2760.0,,
50235.0,0.490000000000002,49,2711.0,,
50240.0,-0.19000000000000128,59,2730.0,,
50245.0,-0.9899999999999984,58,2829.0,,
50250.0,-1.2899999999999991,51,2958.0,,
50255.0,-0.45000000000000284,47,3003.0,,
50260.0,0.7699999999999996,38,2926.0,,
50265.0,-0.6499999999999986,41,2991.0,,
50270.0,-0.5,49,3041.0,,
50275.0,-0.6799999999999997,54,3109.0,,
50280.0,0.35999999999999943,52,3073.0,,
50285.0,-0.8299999999999983,44,3156.0,,
50290.0,-0.21000000000000085,36,3177.0,,
50295.0,0.17999999999999972,34,3159.0,,
50300.0,0.8000000000000007,39,3079.0,,
50305.0,-1.0600000000000023,44,3185.0,,
50310.0,-1.1299999999999955,52,3298.0,,
50315.0,-0.8000000000000043,57,3378.0,,
50320.0,0.9399999999999977,56,3284.0,,
50325.0,-0.8999999999999986,49,3374.0,,
50330.0,-0.4899999999999949,42,3423.0,,
50335.0,-0.47000000000000597,40,3470.0,,
50340.0,0.3300000000000054,45,3437.0,,
50345.0,-1.2600000000000051,47,3563.0,,
50350.0,-1.8900000000000006,56,3752.0,,
50355.0,-0.46999999999999886,57,3799.0,,
50360.0,2.1700000000000017,53,3582.0,,
50365.0,-2.0899999999999963,49,3791.0,,
50370.0,-1.5200000000000031,43,3943.0,,
50375.0,-0.5399999999999991,41,3997.0,,
50380.0,0.19999999999999574,44,3977.0,,
50385.0,-1.9199999999999946,49,4169.0,,
50390.0,-1.9100000000000037,60,4360.0,,
50395.0,-0.4200000000000017,58,4402.0,,
50400.0,1.25,55,4277.0,,
50405.0,-2.0999999999999943,48,4487.0,,
50410.0,-1.5800000000000054,44,4645.0,,
50415.0,-0.3299999999999983,39,4678.0,,
50420.0,0.45000000000000284,43,4633.0,,
50425.0,-1.1200000000000045,49,4745.0,,
50430.0,-1.9899999999999949,58,4944.0,,
50435.0,-0.5700000000000003,58,5001.0,,
50440.0,1.8500000000000014,58,4816.0,,
50445.0,-1.0400000000000063,53,4920.0,,
50450.0,-1.7199999999999989,48,5092.0,,
50455.0,-0.5399999999999991,41,5146.0,,
50460.0,0.30000000000000426,45,5116.0,,
50465.0,-1.3000000000000043,48,5246.0,,
50470.0,-1.6599999999999966,56,5412.0,,
50475.0,-0.020000000000003126,58,5414.0,,
50480.0,2.3699999999999974,57,5177.0,,
50485.0,-1.0799999999999983,49,5285.0,,
50490.0,-1.5499999999999972,45,5440.0,,
50495.0,-0.8100000000000023,43,5521.0,,
50500.0,0.759999999999998,45,5445.0,,
50505.0,-1.6799999999999997,51,5613.0,,
50510.0,-2.1400000000000006,61,5827.0,,
50515.0,-0.0899999999999963,61,5836.0,,
50520.0,4.589999999999996,57,5377.0,,
50525.0,5.970000000000006,49,4780.0,,
50530.0,10.659999999999997,47,3714.0,,
50535.0,1.5399999999999991,51,3560.0,,
50540.0,1.259999999999998,62,3434.0,,
50545.0,-1.3999999999999986,61,3574.0,,
50550.0,-1.0499999999999972,58,3679.0,,
50555.0,-1.0,51,3779.0,,
50560.0,0.5799999999999983,44,3721.0,,
50565.0,-0.7299999999999969,46,3794.0,,
50570.0,-1.0600000000000023,53,3900.0,,
50575.0,-0.3100000000000023,56,3931.0,,
50580.0,3.4100000000000037,53,3590.0,,
50585.0,-1.6400000000000006,45,3754.0,,
50590.0,-0.7000000000000028,47,3824.0,,
50595.0,-0.10000000000000142,41,3834.0,,
50600.0,0.8000000000000043,42,3754.0,,
50605.0,-0.9299999999999997,47,3847.0,,
50610.0,-0.759999999999998,56,3923.0,,
50615.0,-0.6900000000000048,61,3992.0,,
50620.0,1.2899999999999991,55,3863.0,,
50625.0,0.010000000000005116,50,3862.0,,
50630.0,-0.6799999999999997,43,3930.0,,
50635.0,0.01999999999999602,39,3928.0,,
50640.0,0.6899999999999977,40,3859.0,,
50645.0,-1.3299999999999983,46,3992.0,,
50650.0,-1.4200000000000017,56,4134.0,,
50655.0,-0.4799999999999969,57,4182.0,,
50660.0,1.0499999999999972,58,4077.0,,
50665.0,-2.309999999999995,53,4308.0,,
50670.0,-1.7899999999999991,48,4487.0,,
50675.0,-0.45000000000000284,41,4532.0,,
50680.0,0.5399999999999991,45,4478.0,,
50685.0,-1.3799999999999955,51,4616.0,,
50690.0,-1.9500000000000028,58,4811.0,,
50695.0,-0.7999999999999972,59,4891.0,,
50700.0,0.9799999999999969,57,4793.0,,
50705.0,-2.3599999999999994,51,5029.0,,
50710.0,-1.740000000000002,50,5203.0,,
50715.0,-0.5899999999999963,45,5262.0,,
50720.0,0.4399999999999977,48,5218.0,,
50725.0,-2.0900000000000034,53,5427.0,,
50730.0,-2.279999999999994,62,5655.0,,
50735.0,-0.7000000000000028,66,5725.0,,
50740.0,1.6899999999999977,60,5556.0,,
50745.0,-1.3099999999999952,54,5687.0,,
50750.0,-1.9100000000000037,51,5878.0,,
50755.0,-0.5,44,5928.0,,
50760.0,0.5600000000000023,46,5872.0,,
50765.0,-2.0500000000000043,52,6077.0,,
50770.0,-2.0999999999999943,59,6287.0,,
50775.0,-0.47000000000000597,67,6334.0,,
50780.0,1.6900000000000048,66,6165.0,,
50785.0,3.6000000000000014,61,5805.0,,
50790.0,-2.280000000000001,55,6033.0,,
50795.0,-1.6400000000000006,54,6197.0,,
50800.0,-0.6600000000000037,56,6263.0,,
50805.0,0.28999999999999915,54,6234.0,,
50810.0,7.200000000000003,51,5514.0,,
50815.0,11.54,60,4360.0,,
50820.0,4.009999999999998,73,3959.0,,
50825.0,0.8400000000000034,78,3875.0,,
50830.0,1.7999999999999972,77,3695.0,,
50835.0,-2.4399999999999977,65,3939.0,,
50840.0,-1.009999999999998,58,4040.0,,
50845.0,-0.8800000000000026,52,4128.0,,
50850.0,0.8200000000000003,47,4046.0,,
50855.0,-0.6099999999999994,44,4107.0,,
50860.0,-0.4099999999999966,54,4148.0,,
50865.0,-0.75,60,4223.0,,
50870.0,0.8599999999999994,58,4137.0,,
50875.0,1.3999999999999986,56,3997.0,,
50880.0,-1.480000000000004,51,4145.0,,
50885.0,-0.11999999999999744,49,4157.0,,
50890.0,0.0,51,4157.0,,
50895.0,0.8500000000000014,47,4072.0,,
50900.0,0.3399999999999963,47,4038.0,,
50905.0,-0.12999999999999545,52,4051.0,,
50910.0,-1.0100000000000051,57,4152.0,,
50915.0,-0.12999999999999545,58,4165.0,,
50920.0,-0.14999999999999858,51,4180.0,,
50925.0,-0.10000000000000142,49,4190.0,,
50930.0,-0.46000000000000085,43,4236.0,,
50935.0,1.1899999999999977,44,4117.0,,
50940.0,-0.35999999999999943,47,4153.0,,
50945.0,-0.28999999999999915,54,4182.0,,
50950.0,-0.9600000000000009,60,4278.0,,
50955.0,0.75,58,4203.0,,
50960.0,-1.9799999999999969,57,4401.0,,
50965.0,-1.1700000000000017,50,4518.0,,
50970.0,-0.45000000000000284,45,4563.0,,
50975.0,0.39000000000000057,43,4524.0,,
50980.0,-1.0799999999999983,50,4632.0,,
50985.0,-1.7899999999999991,58,4811.0,,
50990.0,-0.8699999999999974,59,4898.0,,
50995.0,1.7999999999999972,59,4718.0,,
51000.0,-2.3100000000000023,52,4949.0,,
51005.0,-1.5899999999999963,47,5108.0,,
51010.0,-0.5,45,5158.0,,
51015.0,0.3399999999999963,45,5124.0,,
51020.0,5.640000000000001,51,4560.0,,
51025.0,8.380000000000003,64,3722.0,,
51030.0,-1.3100000000000023,78,3853.0,,
51035.0,0.4100000000000037,80,3812.0,,
51040.0,1.5899999999999963,75,3653.0,,
51045.0,-2.4499999999999957,64,3898.0,,
51050.0,-1.0600000000000023,54,4004.0,,
51055.0,-0.5500000000000043,50,4059.0,,
51060.0,0.44000000000000483,44,4015.0,,
51065.0,-0.730000000000004,44,4088.0,,
51070.0,-0.6299999999999955,51,4151.0,,
51075.0,-0.14999999999999858,56,4166.0,,
51080.0,1.5899999999999963,56,4007.0,,
51085.0,-0.6300000000000026,47,4070.0,,
51090.0,-0.45999999999999375,43,4116.0,,
51095.0,-0.46000000000000085,41,4162.0,,
51100.0,0.8599999999999994,46,4076.0,,
51105.0,-0.5600000000000023,48,4132.0,,
51110.0,-0.6899999999999977,55,4201.0,,
51115.0,0.30999999999999517,57,4170.0,,
51120.0,1.8200000000000003,54,3988.0,,
51125.0,-0.6400000000000006,47,4052.0,,
51130.0,-0.45999999999999375,46,4098.0,,
51135.0,-0.6400000000000006,42,4162.0,,
51140.0,0.39000000000000057,43,4123.0,,
51145.0,-1.3500000000000014,48,4258.0,,
51150.0,-1.4400000000000048,58,4402.0,,
51155.0,-0.44999999999999574,60,4447.0,,
51160.0,1.5600000000000023,57,4291.0,,
51165.0,-2.210000000000001,53,4512.0,,
51170.0,-1.6900000000000048,47,4681.0,,
51175.0,-0.46000000000000085,42,4727.0,,
51180.0,0.3500000000000014,46,4692.0,,
51185.0,-1.8900000000000006,49,4881.0,,
51190.0,-1.8999999999999986,55,5071.0,,
51195.0,-0.38000000000000256,59,5109.0,,
51200.0,3.760000000000005,59,4733.0,,
51205.0,-2.280000000000001,53,4961.0,,
51210.0,-1.6000000000000014,46,5121.0,,
51215.0,-0.5899999999999963,44,5180.0,,
51220.0,0.46999999999999886,46,5133.0,,
51225.0,-1.1900000000000048,50,5252.0,,
51230.0,-1.9499999999999957,59,5447.0,,
51235.0,-0.7800000000000011,68,5525.0,,
51240.0,1.4500000000000028,64,5380.0,,
51245.0,-1.1700000000000017,53,5497.0,,
51250.0,-1.730000000000004,50,5670.0,,
51255.0,-0.529999999999994,43,5723.0,,
51260.0,0.28999999999999915,46,5694.0,,
51265.0,6.019999999999996,50,5092.0,,
51270.0,9.440000000000005,63,4148.0,,
51275.0,2.3599999999999994,75,3912.0,,
51280.0,1.1199999999999974,78,3800.0,,
51285.0,2.6199999999999974,75,3538.0,,
51290.0,-2.4299999999999997,61,3781.0,,
51295.0,-0.9099999999999966,53,3872.0,,
51300.0,-0.00999999999999801,47,3873.0,,
51305.0,0.6399999999999935,40,3809.0,,
51310.0,-1.0899999999999963,44,3918.0,,
51315.0,-0.6700000000000017,53,3985.0,,
51320.0,-0.01999999999999602,56,3987.0,,
51325.0,1.5899999999999963,55,3828.0,,
51330.0,-1.6400000000000006,49,3992.0,,
51335.0,-0.5499999999999972,43,4047.0,,
51340.0,0.1700000000000017,37,4030.0,,
51345.0,1.009999999999998,41,3929.0,,
51350.0,-0.5399999999999991,48,3983.0,,
51355.0,-1.0399999999999991,56,4087.0,,
51360.0,-0.28000000000000114,60,4115.0,,
51365.0,1.5899999999999963,57,3956.0,,
51370.0,-1.769999999999996,51,4133.0,,
51375.0,-0.7800000000000011,44,4211.0,,
51380.0,-0.0799999999999983,43,4219.0,,
51385.0,0.9399999999999977,45,4125.0,,
51390.0,-1.740000000000002,50,4299.0,,
51395.0,-1.8099999999999952,61,4480.0,,
51400.0,-0.6099999999999994,61,4541.0,,
51405.0,1.779999999999994,60,4363.0,,
51410.0,2.990000000000002,56,4064.0,,
51415.0,-2.0700000000000003,50,4271.0,,
51420.0,-1.269999999999996,50,4398.0,,
51425.0,-0.7600000000000051,49,4474.0,,
51430.0,0.45000000000000284,48,4429.0,,
51435.0,-1.4600000000000009,48,4575.0,,
51440.0,-1.5799999999999983,56,4733.0,,
51445.0,-0.1600000000000037,58,4749.0,,
51450.0,1.8700000000000045,56,4562.0,,
51455.0,-1.2600000000000051,53,4688.0,,
51460.0,-1.5,48,4838.0,,
51465.0,-0.3299999999999983,41,4871.0,,
51470.0,0.7800000000000011,47,4793.0,,
51475.0,-1.8299999999999983,49,4976.0,,
51480.0,-1.7600000000000051,59,5152.0,,
51485.0,-0.4899999999999949,60,5201.0,,
51490.0,1.4600000000000009,61,5055.0,,
51495.0,-2.3200000000000003,55,5287.0,,
51500.0,-1.6500000000000057,47,5452.0,,
51505.0,-0.20999999999999375,45,5473.0,,
51510.0,0.6899999999999977,47,5404.0,,
51515.0,-2.200000000000003,54,5624.0,,
51520.0,-2.1899999999999977,61,5843.0,,
51525.0,-2.5900000000000034,67,6102.0,,
51530.0,-3.0700000000000003,70,6409.0,,
51535.0,-3.3299999999999983,72,6742.0,,
51540.0,-3.5600000000000023,72,7098.0,,
51545.0,-3.5999999999999943,73,7458.0,,
51550.0,-3.680000000000007,74,7826.0,,
51555.0,-1.5699999999999932,68,7983.0,,
51560.0,0.20000000000000284,65,7963.0,,
51565.0,6.949999999999989,62,7268.0,,
51570.0,11.290000000000006,61,6139.0,,
51575.0,5.210000000000001,67,5618.0,,
51580.0,3.210000000000001,70,5297.0,,
51585.0,-3.0700000000000003,70,5604.0,,
51590.0,-2.1600000000000037,62,5820.0,,
51595.0,-0.9199999999999946,52,5912.0,,
51600.0,0.8999999999999986,48,5822.0,,
51605.0,-0.8000000000000043,47,5902.0,,
51610.0,-1.509999999999998,56,6053.0,,
51615.0,1.0200000000000031,60,5951.0,,
51620.0,3.960000000000001,55,5555.0,,
51625.0,-0.6000000000000014,50,5615.0,,
51630.0,-1.230000000000004,45,5738.0,,
51635.0,0.0,42,5738.0,,
51640.0,1.0900000000000034,44,5629.0,,
51645.0,-1.0600000000000023,48,5735.0,,
51650.0,-1.25,54,5860.0,,
51655.0,0.8100000000000023,59,5779.0,,
51660.0,3.9299999999999997,57,5386.0,,
51665.0,-0.3400000000000034,51,5420.0,,
51670.0,-1.2399999999999949,49,5544.0,,
51675.0,-0.5500000000000043,47,5599.0,,
51680.0,1.5800000000000054,49,5441.0,,
51685.0,-1.220000000000006,50,5563.0,,
51690.0,-1.7399999999999949,59,5737.0,,
51695.0,0.759999999999998,62,5661.0,,
51700.0,5.769999999999996,60,5084.0,,
51705.0,-2.319999999999993,54,5316.0,,
51710.0,-1.6600000000000037,50,5482.0,,
51715.0,-0.4799999999999969,47,5530.0,,
51720.0,1.019999999999996,44,5428.0,,
51725.0,-1.0300000000000011,46,5531.0,,
51730.0,-1.6699999999999946,52,5698.0,,
51735.0,4.029999999999994,58,5295.0,,
51740.0,7.25,63,4570.0,,
51745.0,-0.7299999999999969,64,4643.0,,
51750.0,-2.1400000000000006,65,4857.0,,
51755.0,1.3500000000000014,60,4722.0,,
51760.0,5.189999999999998,54,4203.0,,
51765.0,7.200000000000003,53,3483.0,,
51770.0,-1.8800000000000026,47,3671.0,,
51775.0,-1.1499999999999986,44,3786.0,,
51780.0,-0.07000000000000028,44,3793.0,,
51785.0,2.8200000000000003,45,3511.0,,
51790.0,-1.6300000000000026,42,3674.0,,
51795.0,-1.25,50,3799.0,,
51800.0,0.8599999999999994,53,3713.0,,
51805.0,3.8599999999999994,50,3327.0,,
51810.0,-0.8200000000000003,49,3409.0,,
51815.0,-1.3399999999999963,44,3543.0,,
51820.0,0.07000000000000028,41,3536.0,,
51825.0,1.2800000000000011,43,3408.0,,
51830.0,-0.10999999999999943,43,3419.0,,
51835.0,-1.4299999999999997,49,3562.0,,
51840.0,0.21999999999999886,55,3540.0,,
51845.0,2.3599999999999994,53,3304.0,,
51850.0,-0.9299999999999997,49,3397.0,,
51855.0,-1.4299999999999997,42,3540.0,,
51860.0,-0.3299999999999983,42,3573.0,,
51865.0,0.8499999999999943,41,3488.0,,
51870.0,-1.3200000000000003,46,3620.0,,
51875.0,-1.6499999999999986,52,3785.0,,
51880.0,-0.12999999999999545,58,3798.0,,
51885.0,2.1699999999999946,59,3581.0,,
51890.0,-2.269999999999996,52,3808.0,,
51895.0,-1.5700000000000003,49,3965.0,,
51900.0,-0.28000000000000114,42,3993.0,,
51905.0,0.740000000000002,44,3919.0,,
51910.0,-0.990000000000002,48,4018.0,,
51915.0,-1.75,56,4193.0,,
51920.0,0.0899999999999963,59,4184.0,,
51925.0,2.240000000000002,57,3960.0,,
51930.0,-2.1700000000000017,52,4177.0,,
51935.0,-1.5700000000000003,48,4334.0,,
51940.0,-0.4299999999999997,42,4377.0,,
51945.0,0.6000000000000014,46,4317.0,,
51950.0,-0.7399999999999949,47,4391.0,,
51955.0,-1.75,52,4566.0,,
51960.0,-0.46000000000000085,58,4612.0,,
51965.0,3.0899999999999963,56,4303.0,,
51970.0,-1.0300000000000011,53,4406.0,,
51975.0,-1.4199999999999946,45,4548.0,,
51980.0,-0.4000000000000057,41,4588.0,,
51985.0,0.5,41,4538.0,,
51990.0,-1.8999999999999986,49,4728.0,,
51995.0,-1.9299999999999997,57,4921.0,,
52000.0,-0.10000000000000142,60,4931.0,,
52005.0,2.1099999999999994,59,4720.0,,
52010.0,0.15000000000000568,51,4705.0,,
52015.0,-1.3500000000000014,46,4840.0,,
52020.0,-0.5,41,4890.0,,
52025.0,0.5599999999999952,46,4834.0,,
52030.0,-1.9599999999999937,53,5030.0,,
52035.0,-1.9600000000000009,61,5226.0,,
52040.0,-0.21999999999999886,62,5248.0,,
52045.0,1.8200000000000003,60,5066.0,,
52050.0,3.3799999999999955,60,4728.0,,
52055.0,-2.1700000000000017,53,4945.0,,
52060.0,-1.509999999999998,53,5096.0,,
52065.0,-0.4799999999999969,53,5144.0,,
52070.0,1.0399999999999991,48,5040.0,,
52075.0,5.449999999999996,52,4495.0,,
52080.0,11.520000000000003,65,3343.0,,
52085.0,-1.2199999999999989,74,3465.0,,
52090.0,0.25,79,3440.0,,
52095.0,1.009999999999998,75,3339.0,,
52100.0,-2.3800000000000026,64,3577.0,,
52105.0,-0.9799999999999969,56,3675.0,,
52110.0,-0.9299999999999997,53,3768.0,,
52115.0,0.740000000000002,47,3694.0,,
52120.0,-0.2700000000000031,45,3721.0,,
52125.0,-0.4399999999999977,54,3765.0,,
52130.0,-1.009999999999998,59,3866.0,,
52135.0,0.7299999999999969,57,3793.0,,
52140.0,-0.7999999999999972,49,3873.0,,
52145.0,-0.21000000000000085,46,3894.0,,
52150.0,0.09999999999999432,42,3884.0,,
52155.0,0.9000000000000057,46,3794.0,,
52160.0,-0.3200000000000003,45,3826.0,,
52165.0,-0.30000000000000426,51,3856.0,,
52170.0,-0.4799999999999969,58,3904.0,,
52175.0,1.740000000000002,58,3730.0,,
52180.0,-1.5800000000000054,53,3888.0,,
52185.0,-0.46000000000000085,46,3934.0,,
52190.0,0.030000000000001137,43,3931.0,,
52195.0,0.6900000000000048,48,3862.0,,
52200.0,-1.4400000000000048,51,4006.0,,
52205.0,-0.9099999999999966,54,4097.0,,
52210.0,-0.759999999999998,58,4173.0,,
52215.0,0.9199999999999946,57,4081.0,,
52220.0,-0.39000000000000057,53,4120.0,,
52225.0,-1.4799999999999969,45,4268.0,,
52230.0,-0.09000000000000341,41,4277.0,,
52235.0,0.8200000000000003,45,4195.0,,
52240.0,-1.8299999999999983,49,4378.0,,
52245.0,-1.8999999999999986,56,4568.0,,
52250.0,-0.6099999999999994,62,4629.0,,
52255.0,3.0,60,4329.0,,
52260.0,-2.480000000000004,55,4577.0,,
52265.0,-1.9299999999999997,48,4770.0,,
52270.0,-0.35999999999999943,44,4806.0,,
52275.0,0.9299999999999997,45,4713.0,,
52280.0,-1.4899999999999949,50,4862.0,,
52285.0,-1.9299999999999997,57,5055.0,,
52290.0,-0.5900000000000034,63,5114.0,,
52295.0,2.5799999999999983,61,4856.0,,
52300.0,-2.469999999999999,57,5103.0,,
52305.0,-1.9399999999999977,52,5297.0,,
52310.0,-0.4200000000000017,48,5339.0,,
52315.0,0.7700000000000031,49,5262.0,,
52320.0,-0.8300000000000054,54,5345.0,,
52325.0,-2.059999999999995,61,5551.0,,
52330.0,-0.6000000000000014,66,5611.0,,
52335.0,1.5799999999999983,61,5453.0,,
52340.0,-0.5300000000000011,57,5506.0,,
52345.0,-1.6899999999999977,51,5675.0,,
52350.0,-0.8200000000000003,47,5757.0,,
52355.0,0.5200000000000031,49,5705.0,,
52360.0,6.43,51,5062.0,,
52365.0,10.059999999999995,64,4056.0,,
52370.0,0.8900000000000006,73,3967.0,,
52375.0,0.7199999999999989,78,3895.0,,
52380.0,1.7800000000000011,76,3717.0,,
52385.0,-2.460000000000001,65,3963.0,,
52390.0,-0.6899999999999977,57,4032.0,,
52395.0,-1.0399999999999991,52,4136.0,,
52400.0,0.9299999999999997,47,4043.0,,
52405.0,-1.2700000000000031,46,4170.0,,
52410.0,-0.5999999999999943,55,4230.0,,
52415.0,-0.6000000000000014,59,4290.0,,
52420.0,1.0700000000000003,56,4183.0,,
52425.0,-0.75,55,4258.0,,
52430.0,-0.05000000000000426,47,4263.0,,
52435.0,-0.05999999999999517,43,4269.0,,
52440.0,0.7999999999999972,44,4189.0,,
52445.0,-1.0700000000000003,46,4296.0,,
52450.0,-0.28999999999999915,55,4325.0,,
52455.0,-0.4200000000000017,53,4367.0,,
52460.0,1.6200000000000045,56,4205.0,,
52465.0,-1.730000000000004,52,4378.0,,
52470.0,-0.3100000000000023,47,4409.0,,
52475.0,-0.10999999999999943,44,4420.0,,
52480.0,0.6000000000000014,47,4360.0,,
52485.0,-1.6299999999999955,52,4523.0,,
52490.0,-1.7900000000000063,57,4702.0,,
52495.0,-0.23999999999999488,56,4726.0,,
52500.0,1.7100000000000009,57,4555.0,,
52505.0,-2.3300000000000054,53,4788.0,,
52510.0,-1.9799999999999969,51,4986.0,,
52515.0,-0.5200000000000031,47,5038.0,,
52520.0,0.4299999999999997,47,4995.0,,
52525.0,-0.9099999999999966,52,5086.0,,
52530.0,-1.9600000000000009,56,5282.0,,
52535.0,-0.4799999999999969,58,5330.0,,
52540.0,2.0899999999999963,55,5121.0,,
52545.0,-1.3299999999999983,55,5254.0,,
52550.0,-1.7199999999999989,48,5426.0,,
52555.0,-0.7800000000000011,45,5504.0,,
52560.0,0.10999999999999943,49,5493.0,,
52565.0,-2.1499999999999986,56,5708.0,,
52570.0,-2.020000000000003,60,5910.0,,
52575.0,-0.3299999999999983,62,5943.0,,
52580.0,1.8100000000000023,61,5762.0,,
52585.0,-1.1400000000000006,55,5876.0,,
52590.0,-1.6499999999999986,51,6041.0,,
52595.0,-0.8800000000000026,49,6129.0,,
52600.0,0.1700000000000017,53,6112.0,,
52605.0,-1.0200000000000031,56,6214.0,,
52610.0,-1.769999999999996,62,6391.0,,
52615.0,5.779999999999994,60,5813.0,,
52620.0,10.130000000000003,60,4800.0,,
52625.0,1.5900000000000034,61,4641.0,,
52630.0,2.739999999999995,64,4367.0,,
52635.0,-2.469999999999999,61,4614.0,,
52640.0,-1.6099999999999994,56,4775.0,,
52645.0,-0.759999999999998,53,4851.0,,
52650.0,0.30999999999999517,51,4820.0,,
52655.0,-1.5399999999999991,50,4974.0,,
52660.0,-0.7100000000000009,51,5045.0,,
52665.0,0.5400000000000063,53,4991.0,,
52670.0,3.6199999999999974,52,4629.0,,
52675.0,-1.8200000000000003,47,4811.0,,
52680.0,-1.1199999999999974,44,4923.0,,
52685.0,-0.25,41,4948.0,,
52690.0,0.509999999999998,46,4897.0,,
52695.0,-1.7700000000000031,52,5074.0,,
52700.0,-1.5,55,5224.0,,
52705.0,0.3400000000000034,57,5190.0,,
52710.0,3.509999999999998,56,4839.0,,
52715.0,-2.0600000000000023,50,5045.0,,
52720.0,-1.3399999999999963,45,5179.0,,
52725.0,-0.14999999999999858,42,5194.0,,
52730.0,0.4199999999999946,45,5152.0,,
52735.0,-0.8999999999999986,49,5242.0,,
52740.0,-1.9399999999999977,53,5436.0,,
52745.0,0.759999999999998,52,5360.0,,
52750.0,3.5500000000000043,54,5005.0,,
52755.0,-0.9500000000000028,49,5100.0,,
52760.0,-1.6700000000000017,42,5267.0,,
52765.0,-0.35999999999999943,38,5303.0,,
52770.0,0.480000000000004,45,5255.0,,
52775.0,-2.030000000000001,51,5458.0,,
52780.0,-1.9100000000000037,55,5649.0,,
52785.0,0.28999999999999915,57,5620.0,,
52790.0,3.4100000000000037,54,5279.0,,
52795.0,-2.25,51,5504.0,,
52800.0,-1.7800000000000011,46,5682.0,,
52805.0,-0.6599999999999966,44,5748.0,,
52810.0,-0.05000000000000426,50,5753.0,,
52815.0,-1.25,54,5878.0,,
52820.0,-1.9200000000000017,55,6070.0,,
52825.0,0.2700000000000031,58,6043.0,,
52830.0,3.229999999999997,58,5720.0,,
52835.0,6.710000000000001,52,5049.0,,
52840.0,12.240000000000002,50,3825.0,,
52845.0,-0.030000000000001137,53,3828.0,,
52850.0,2.9200000000000017,61,3536.0,,
52855.0,-2.219999999999999,60,3758.0,,
52860.0,-1.3800000000000026,58,3896.0,,
52865.0,-0.9499999999999957,51,3991.0,,
52870.0,0.519999999999996,48,3939.0,,
52875.0,-1.3900000000000006,49,4078.0,,
52880.0,-0.6299999999999955,53,4141.0,,
52885.0,-0.1700000000000017,54,4158.0,,
52890.0,2.019999999999996,49,3956.0,,
52895.0,-0.6400000000000006,50,4020.0,,
52900.0,-0.6599999999999966,44,4086.0,,
52905.0,0.01999999999999602,40,4084.0,,
52910.0,1.75,50,3909.0,,
52915.0,-1.5899999999999963,49,4068.0,,
52920.0,-0.9799999999999969,54,4166.0,,
52925.0,0.0899999999999963,53,4157.0,,
52930.0,1.7299999999999969,50,3984.0,,
52935.0,-1.6299999999999955,49,4147.0,,
52940.0,-0.740000000000002,44,4221.0,,
52945.0,0.35999999999999943,40,4185.0,,
52950.0,1.740000000000002,39,4011.0,,
52955.0,-0.509999999999998,42,4062.0,,
52960.0,-1.0,45,4162.0,,
52965.0,-0.10000000000000142,46,4172.0,,
52970.0,1.1299999999999955,51,4059.0,,
52975.0,-0.9599999999999937,53,4155.0,,
52980.0,-1.9100000000000037,60,4346.0,,
52985.0,-0.6000000000000014,55,4406.0,,
52990.0,0.8100000000000023,55,4325.0,,
52995.0,-0.6099999999999994,50,4386.0,,
53000.0,-1.730000000000004,48,4559.0,,
53005.0,-0.0799999999999983,43,4567.0,,
53010.0,1.230000000000004,46,4444.0,,
53015.0,-1.990000000000002,50,4643.0,,
53020.0,-2.0600000000000023,56,4849.0,,
53025.0,-0.6599999999999966,57,4915.0,,
53030.0,1.1899999999999977,55,4796.0,,
53035.0,-1.240000000000002,50,4920.0,,
53040.0,-1.9499999999999957,52,5115.0,,
53045.0,-0.4100000000000037,47,5156.0,,
53050.0,1.3500000000000014,50,5021.0,,
53055.0,-1.1099999999999994,55,5132.0,,
53060.0,-2.049999999999997,60,5337.0,,
53065.0,-0.6400000000000006,61,5401.0,,
53070.0,1.1899999999999977,56,5282.0,,
53075.0,6.75,55,4607.0,,
53080.0,8.700000000000003,54,3737.0,,
53085.0,-1.0900000000000034,60,3846.0,,
53090.0,-1.8100000000000023,67,4027.0,,
53095.0,-1.0,66,4127.0,,
53100.0,0.4200000000000017,59,4085.0,,
53105.0,0.6600000000000037,58,4019.0,,
53110.0,0.9799999999999969,57,3921.0,,
53115.0,-1.9499999999999957,53,4116.0,,
53120.0,-1.2100000000000009,54,4237.0,,
53125.0,-0.480000000000004,51,4285.0,,
53130.0,0.4299999999999997,50,4242.0,,
53135.0,-0.46000000000000085,47,4288.0,,
53140.0,-1.0599999999999952,54,4394.0,,
53145.0,0.4899999999999949,51,4345.0,,
53150.0,4.32,49,3913.0,,
53155.0,-1.519999999999996,45,4065.0,,
53160.0,-0.7100000000000009,42,4136.0,,
53165.0,0.030000000000001137,37,4133.0,,
53170.0,0.6400000000000006,44,4069.0,,
53175.0,-1.4699999999999989,48,4216.0,,
53180.0,-0.7100000000000009,51,4287.0,,
53185.0,0.11999999999999744,56,4275.0,,
53190.0,2.020000000000003,52,4073.0,,
53195.0,-0.8300000000000054,48,4156.0,,
53200.0,-1.4699999999999989,47,4303.0,,
53205.0,-0.3100000000000023,44,4334.0,,
53210.0,0.8800000000000026,46,4246.0,,
53215.0,-1.1599999999999966,53,4362.0,,
53220.0,-2.1400000000000006,58,4576.0,,
53225.0,0.05999999999999517,56,4570.0,,
53230.0,1.9400000000000048,55,4376.0,,
53235.0,-1.0800000000000054,51,4484.0,,
53240.0,-1.4399999999999977,42,4628.0,,
53245.0,-0.36999999999999744,39,4665.0,,
53250.0,0.4799999999999969,43,4617.0,,
53255.0,-2.049999999999997,50,4822.0,,
53260.0,-1.990000000000002,55,5021.0,,
53265.0,-0.03999999999999915,57,5025.0,,
53270.0,2.1199999999999974,56,4813.0,,
53275.0,-1.1299999999999955,53,4926.0,,
53280.0,-1.8300000000000054,46,5109.0,,
53285.0,-0.5399999999999991,42,5163.0,,
53290.0,1.3400000000000034,47,5029.0,,
53295.0,-2.1700000000000017,54,5246.0,,
53300.0,-2.1300000000000026,55,5459.0,,
53305.0,0.25,57,5434.0,,
53310.0,3.3500000000000014,56,5099.0,,
53315.0,-2.25,50,5324.0,,
53320.0,-1.6999999999999957,48,5494.0,,
53325.0,-0.4299999999999997,43,5537.0,,
53330.0,0.4399999999999977,49,5493.0,,
53335.0,5.490000000000002,53,4944.0,,
53340.0,8.849999999999994,60,4059.0,,
53345.0,0.3100000000000023,70,4028.0,,
53350.0,2.280000000000001,76,3800.0,,
53355.0,-2.969999999999999,71,4097.0,,
53360.0,-1.8299999999999983,60,4280.0,,
53365.0,-0.3400000000000034,48,4314.0,,
53370.0,0.2700000000000031,48,4287.0,,
53375.0,-1.3400000000000034,44,4421.0,,
53380.0,-1.1000000000000014,53,4531.0,,
53385.0,0.480000000000004,50,4483.0,,
53390.0,4.640000000000001,51,4019.0,,
53395.0,-1.6700000000000017,46,4186.0,,
53400.0,-0.5,42,4236.0,,
53405.0,-0.3400000000000034,35,4270.0,,
53410.0,0.6000000000000014,42,4210.0,,
53415.0,-1.4799999999999969,48,4358.0,,
53420.0,-1.0799999999999983,50,4466.0,,
53425.0,0.17999999999999972,54,4448.0,,
53430.0,2.1399999999999935,52,4234.0,,
53435.0,-1.8199999999999932,51,4416.0,,
53440.0,-0.490000000000002,46,4465.0,,
53445.0,-0.6300000000000026,43,4528.0,,
53450.0,0.3999999999999986,47,4488.0,,
53455.0,-0.7399999999999949,51,4562.0,,
53460.0,-1.7600000000000051,52,4738.0,,
53465.0,0.13000000000000256,51,4725.0,,
53470.0,2.5799999999999983,51,4467.0,,
53475.0,-2.1299999999999955,50,4680.0,,
53480.0,-1.7100000000000009,46,4851.0,,
53485.0,-0.4200000000000017,39,4893.0,,
53490.0,0.20000000000000284,49,4873.0,,
53495.0,-1.2100000000000009,52,4994.0,,
53500.0,-2.1400000000000006,58,5208.0,,
53505.0,-0.030000000000001137,57,5211.0,,
53510.0,3.6700000000000017,55,4844.0,,
53515.0,-2.200000000000003,51,5064.0,,
53520.0,-1.6400000000000006,47,5228.0,,
53525.0,-0.3999999999999986,39,5268.0,,
53530.0,0.3500000000000014,45,5233.0,,
53535.0,-2.030000000000001,51,5436.0,,
53540.0,-1.9299999999999997,51,5629.0,,
53545.0,0.44999999999999574,55,5584.0,,
53550.0,2.690000000000005,53,5315.0,,
53555.0,-1.1499999999999986,53,5430.0,,
53560.0,-1.8000000000000043,46,5610.0,,
53565.0,-0.5300000000000011,43,5663.0,,
53570.0,0.44000000000000483,48,5619.0,,
53575.0,-1.1900000000000048,52,5738.0,,
53580.0,-1.7199999999999989,56,5910.0,,
53585.0,0.020000000000003126,56,5908.0,,
53590.0,3.6700000000000017,54,5541.0,,
53595.0,-2.3400000000000034,50,5775.0,,
53600.0,-1.8100000000000023,47,5956.0,,
53605.0,-0.6699999999999946,41,6023.0,,
53610.0,0.1599999999999966,48,6007.0,,
53615.0,5.869999999999997,54,5420.0,,
53620.0,14.230000000000004,63,3997.0,,
53625.0,-0.5,71,4047.0,,
53630.0,1.8100000000000023,74,3866.0,,
53635.0,-2.970000000000006,72,4163.0,,
53640.0,-1.75,60,4338.0,,
53645.0,-0.8599999999999994,48,4424.0,,
53650.0,0.20000000000000284,45,4404.0,,
53655.0,-1.5700000000000003,45,4561.0,,
53660.0,-1.009999999999998,51,4662.0,,
53665.0,0.269999999999996,52,4635.0,,
53670.0,2.969999999999999,53,4338.0,,
53675.0,-1.7299999999999969,50,4511.0,,
53680.0,-0.7899999999999991,46,4590.0,,
53685.0,-0.6300000000000026,44,4653.0,,
53690.0,0.28999999999999915,46,4624.0,,
53695.0,-1.4399999999999977,51,4768.0,,
53700.0,-1.0399999999999991,57,4872.0,,
53705.0,0.030000000000001137,58,4869.0,,
53710.0,2.799999999999997,53,4589.0,,
53715.0,0.7100000000000009,48,4518.0,,
53720.0,-0.46999999999999886,42,4565.0,,
53725.0,-0.4200000000000017,36,4607.0,,
53730.0,0.39000000000000057,43,4568.0,,
53735.0,-1.2899999999999991,48,4697.0,,
53740.0,-0.4299999999999997,51,4740.0,,
53745.0,0.759999999999998,52,4664.0,,
53750.0,2.5799999999999983,49,4406.0,,
53755.0,-1.9699999999999989,50,4603.0,,
53760.0,-1.490000000000002,47,4752.0,,
53765.0,-0.769999999999996,44,4829.0,,
53770.0,-0.03999999999999915,50,4833.0,,
53775.0,-1.0500000000000043,53,4938.0,,
53780.0,-1.7399999999999949,56,5112.0,,
53785.0,0.22999999999999687,55,5089.0,,
53790.0,2.8299999999999983,53,4806.0,,
53795.0,-0.8299999999999983,48,4889.0,,
53800.0,-1.5700000000000003,45,5046.0,,
53805.0,-0.4099999999999966,42,5087.0,,
53810.0,-0.09000000000000341,44,5096.0,,
53815.0,-1.1199999999999974,50,5208.0,,
53820.0,-1.8000000000000043,51,5388.0,,
53825.0,4.330000000000005,53,4955.0,,
53830.0,6.869999999999997,58,4268.0,,
53835.0,-2.6499999999999986,63,4533.0,,
53840.0,-2.460000000000001,64,4779.0,,
53845.0,0.4200000000000017,58,4737.0,,
53850.0,3.5799999999999983,53,4379.0,,
53855.0,-0.7100000000000009,47,4450.0,,
53860.0,-1.5200000000000031,43,4602.0,,
53865.0,-0.1599999999999966,40,4618.0,,
53870.0,0.8100000000000023,43,4537.0,,
53875.0,-1.9500000000000028,48,4732.0,,
53880.0,-1.8200000000000003,52,4914.0,,
53885.0,0.5900000000000034,53,4855.0,,
53890.0,3.3599999999999994,54,4519.0,,
53895.0,-0.730000000000004,48,4592.0,,
53900.0,-1.5799999999999983,44,4750.0,,
53905.0,-0.36999999999999744,43,4787.0,,
53910.0,0.6699999999999946,45,4720.0,,
53915.0,-0.9599999999999937,50,4816.0,,
53920.0,-1.8600000000000065,54,5002.0,,
53925.0,0.44000000000000483,56,4958.0,,
53930.0,3.009999999999998,56,4657.0,,
53935.0,-0.8800000000000026,52,4745.0,,
53940.0,-1.6499999999999986,50,4910.0,,
53945.0,-0.4299999999999997,42,4953.0,,
53950.0,0.9699999999999989,46,4856.0,,
53955.0,-1.8399999999999963,48,5040.0,,
53960.0,-1.5500000000000043,54,5195.0,,
53965.0,0.490000000000002,55,5146.0,,
53970.0,3.3900000000000006,52,4807.0,,
53975.0,-0.75,53,4882.0,,
53980.0,-1.6199999999999974,48,5044.0,,
53985.0,-0.28999999999999915,44,5073.0,,
53990.0,0.6899999999999977,46,5004.0,,
53995.0,0.4399999999999977,55,4960.0,,
54000.0,0.30000000000000426,59,4930.0,,
54005.0,3.9599999999999937,62,4534.0,,
54010.0,-0.9199999999999946,59,4626.0,,
54015.0,-1.4299999999999997,53,4769.0,,
54020.0,0.3399999999999963,44,4735.0,,
54025.0,1.9500000000000028,40,4540.0,,
54030.0,-0.21000000000000085,37,4561.0,,
54035.0,-0.490000000000002,39,4610.0,,
54040.0,-0.269999999999996,40,4637.0,,
54045.0,0.09999999999999432,46,4627.0,,
54050.0,-0.8399999999999963,49,4711.0,,
54055.0,-1.259999999999998,54,4837.0,,
54060.0,4.799999999999997,56,4357.0,,
54065.0,7.460000000000001,57,3611.0,,
54070.0,-2.1099999999999994,61,3822.0,,
54075.0,-1.6400000000000006,61,3986.0,,
54080.0,0.36999999999999744,56,3949.0,,
54085.0,1.7100000000000009,53,3778.0,,
54090.0,-1.6599999999999966,44,3944.0,,
54095.0,-0.8900000000000006,40,4033.0,,
54100.0,-0.1700000000000017,35,4050.0,,
54105.0,0.8800000000000026,41,3962.0,,
54110.0,-0.5,47,4012.0,,
54115.0,-1.6400000000000006,49,4176.0,,
54120.0,-0.13000000000000256,57,4189.0,,
54125.0,1.980000000000004,53,3991.0,,
54130.0,-0.9400000000000048,49,4085.0,,
54135.0,-1.3900000000000006,42,4224.0,,
54140.0,-0.269999999999996,41,4251.0,,
54145.0,0.6799999999999997,42,4183.0,,
54150.0,-0.7800000000000011,47,4261.0,,
54155.0,-1.6099999999999994,51,4422.0,,
54160.0,0.269999999999996,54,4395.0,,
54165.0,3.1600000000000037,50,4079.0,,
54170.0,-1.990000000000002,45,4278.0,,
54175.0,-1.3999999999999986,41,4418.0,,
54180.0,-0.13000000000000256,35,4431.0,,
54185.0,0.6600000000000037,40,4365.0,,
54190.0,-1.759999999999998,48,4541.0,,
54195.0,-1.8300000000000054,55,4724.0,,
54200.0,-0.14999999999999858,57,4739.0,,
54205.0,3.1799999999999997,54,4421.0,,
54210.0,-2.229999999999997,51,4644.0,,
54215.0,-1.5100000000000051,48,4795.0,,
54220.0,-0.529999999999994,45,4848.0,,
54225.0,0.30999999999999517,46,4817.0,,
54230.0,-1.0799999999999983,50,4925.0,,
54235.0,-1.9200000000000017,55,5117.0,,
54240.0,0.2600000000000051,52,5091.0,,
54245.0,2.8999999999999986,53,4801.0,,
54250.0,-2.1600000000000037,50,5017.0,,
54255.0,-1.3699999999999974,47,5154.0,,
54260.0,-0.509999999999998,41,5205.0,,
54265.0,0.23999999999999488,44,5181.0,,
54270.0,3.940000000000005,52,4787.0,,
54275.0,5.8799999999999955,61,4199.0,,
54280.0,-2.739999999999995,69,4473.0,,
54285.0,-2.3400000000000034,70,4707.0,,
54290.0,-2.1099999999999994,66,4918.0,,
54295.0,-2.3699999999999974,62,5155.0,,
54300.0,-2.3900000000000006,61,5394.0,,
54305.0,-2.5800000000000054,62,5652.0,,
54310.0,-2.8299999999999983,63,5935.0,,
54315.0,-2.960000000000001,64,6231.0,,
54320.0,-3.219999999999999,65,6553.0,,
54325.0,-3.25,65,6878.0,,
54330.0,-3.299999999999997,66,7208.0,,
54335.0,-3.4000000000000057,69,7548.0,,
54340.0,-3.489999999999995,70,7897.0,,
54345.0,-3.530000000000001,71,8250.0,,
54350.0,1.2600000000000051,66,8124.0,,
54355.0,5.699999999999989,58,7554.0,,
54360.0,1.25,49,7429.0,,
54365.0,2.980000000000004,45,7131.0,,
54370.0,0.7199999999999989,45,7059.0,,
54375.0,3.1000000000000085,45,6749.0,,
54380.0,2.8799999999999955,39,6461.0,,
54385.0,6.060000000000002,38,5855.0,,
54390.0,1.8099999999999952,38,5674.0,,
54395.0,-0.3200000000000003,38,5706.0,,
54400.0,-1.1599999999999966,38,5822.0,,
54405.0,-1.3900000000000006,47,5961.0,,
54410.0,0.240000000000002,54,5937.0,,
54415.0,2.5,54,5687.0,,
54420.0,3.299999999999997,43,5357.0,,
54425.0,7.740000000000002,35,4583.0,,
54430.0,6.960000000000001,31,3887.0,,
54435.0,0.8900000000000006,25,3798.0,,
54440.0,-1.3700000000000045,30,3935.0,,
54445.0,0.8500000000000014,37,3850.0,,
54450.0,2.759999999999998,38,3574.0,,
54455.0,1.6200000000000045,33,3412.0,,
54460.0,5.039999999999999,34,2908.0,,
54465.0,6.779999999999998,33,2230.0,,
54470.0,-1.6600000000000001,33,2396.0,,
54475.0,-1.6600000000000001,35,2562.0,,
54480.0,-1.0899999999999999,45,2671.0,,
54485.0,-1.2199999999999989,48,2793.0,,
54490.0,0.23000000000000043,50,2770.0,,
54495.0,2.4399999999999977,49,2526.0,,
54500.0,-0.129999999999999,42,2539.0,,
54505.0,1.0300000000000011,34,2436.0,,
54510.0,1.9899999999999984,28,2237.0,,
54515.0,-0.9800000000000004,28,2335.0,,
54520.0,-1.5700000000000003,35,2492.0,,
54525.0,0.6300000000000026,39,2429.0,,
54530.0,4.059999999999999,37,2023.0,,
54535.0,-0.46000000000000085,33,2069.0,,
54540.0,0.4400000000000013,30,2025.0,,
54545.0,1.2399999999999984,32,1901.0,,
54550.0,-1.5999999999999979,32,2061.0,,
54555.0,-1.8100000000000023,38,2242.0,,
54560.0,-0.9799999999999969,42,2340.0,,
54565.0,-0.9299999999999997,49,2433.0,,
54570.0,0.10999999999999943,51,2422.0,,
54575.0,2.349999999999998,48,2187.0,,
54580.0,-0.8599999999999994,42,2273.0,,
54585.0,0.39000000000000057,35,2234.0,,
54590.0,-1.7800000000000011,36,2412.0,,
54595.0,-1.8999999999999986,39,2602.0,,
54600.0,-1.4600000000000009,38,2748.0,,
54605.0,-1.8900000000000006,49,2937.0,,
54610.0,-0.4299999999999997,52,2980.0,,
54615.0,1.4800000000000004,49,2832.0,,
54620.0,0.019999999999999574,42,2830.0,,
54625.0,1.4200000000000017,36,2688.0,,
54630.0,2.3900000000000006,32,2449.0,,
54635.0,-1.3900000000000006,30,2588.0,,
54640.0,-1.6300000000000026,34,2751.0,,
54645.0,0.2900000000000027,39,2722.0,,
54650.0,2.0700000000000003,38,2515.0,,
54655.0,-0.2700000000000031,35,2542.0,,
54660.0,1.25,36,2417.0,,
54665.0,2.0,36,2217.0,,
54670.0,1.1000000000000014,33,2107.0,,
54675.0,-0.9499999999999993,30,2202.0,,
54680.0,-1.8300000000000018,41,2385.0,,
54685.0,-1.009999999999998,43,2486.0,,
54690.0,-0.5500000000000007,49,2541.0,,
54695.0,0.120000000000001,51,2529.0,,
54700.0,1.8399999999999999,52,2345.0,,
54705.0,0.8900000000000006,47,2256.0,,
54710.0,0.9399999999999977,38,2162.0,,
54715.0,0.240000000000002,33,2138.0,,
54720.0,-1.0800000000000018,30,2246.0,,
54725.0,-1.5999999999999979,34,2406.0,,
54730.0,-1.0,40,2506.0,,
54735.0,-1.3000000000000007,48,2636.0,,
54740.0,-0.16000000000000014,51,2652.0,,
54745.0,1.8099999999999987,47,2471.0,,
54750.0,0.28999999999999915,44,2442.0,,
54755.0,0.5200000000000031,35,2390.0,,
54760.0,1.4599999999999973,30,2244.0,,
54765.0,-1.4499999999999993,29,2389.0,,
54770.0,-1.5700000000000003,35,2546.0,,
54775.0,0.4700000000000024,40,2499.0,,
54780.0,2.1899999999999977,38,2280.0,,
54785.0,-0.07000000000000028,38,2287.0,,
54790.0,0.6400000000000006,34,2223.0,,
54795.0,1.7100000000000009,33,2052.0,,
54800.0,0.03999999999999915,25,2048.0,,
54805.0,-0.08999999999999986,30,2057.0,,
54810.0,0.5,37,2007.0,,
54815.0,3.59,35,1648.0,,
54820.0,-0.41999999999999815,29,1690.0,,
54825.0,0.48999999999999844,28,1641.0,,
54830.0,1.3100000000000005,29,1510.0,,
54835.0,-1.3499999999999996,27,1645.0,,
54840.0,-1.5,34,1795.0,,
54845.0,-0.9000000000000021,39,1885.0,,
54850.0,-1.3999999999999986,47,2025.0,,
54855.0,-0.3299999999999983,49,2058.0,,
54860.0,1.6699999999999982,47,1891.0,,
54865.0,0.26000000000000156,43,1865.0,,
54870.0,0.18999999999999773,33,1846.0,,
54875.0,1.3200000000000003,31,1714.0,,
54880.0,0.6500000000000021,26,1649.0,,
54885.0,0.48999999999999844,22,1600.0,,
54890.0,1.8399999999999999,22,1416.0,,
54895.0,1.0099999999999998,21,1315.0,,
54900.0,0.5199999999999996,21,1263.0,,
54905.0,-1.0199999999999996,20,1365.0,,
54910.0,-1.3599999999999994,33,1501.0,,
54915.0,-0.7599999999999998,38,1577.0,,
54920.0,-0.5199999999999996,44,1629.0,,
54925.0,-0.8100000000000023,47,1710.0,,
54930.0,0.38000000000000256,49,1672.0,,
54935.0,-1.0600000000000023,45,1778.0,,
54940.0,0.13000000000000256,36,1765.0,,
54945.0,1.3499999999999979,31,1630.0,,
54950.0,0.1999999999999993,30,1610.0,,
54955.0,-1.1099999999999994,29,1721.0,,
54960.0,-1.6600000000000001,36,1887.0,,
54965.0,-0.6999999999999993,37,1957.0,,
54970.0,-0.759999999999998,44,2033.0,,
54975.0,-0.26000000000000156,47,2059.0,,
54980.0,1.1400000000000006,45,1945.0,,
54985.0,-0.21000000000000085,49,1966.0,,
54990.0,-0.21000000000000085,40,1987.0,,
54995.0,0.5300000000000011,33,1934.0,,
55000.0,-0.7399999999999984,28,2008.0,,
55005.0,-1.5100000000000016,34,2159.0,,
55010.0,-1.0599999999999987,39,2265.0,,
55015.0,-0.75,45,2340.0,,
55020.0,-0.28000000000000114,46,2368.0,,
55025.0,1.3999999999999986,47,2228.0,,
55030.0,0.4299999999999997,43,2185.0,,
55035.0,1.6900000000000013,34,2016.0,,
55040.0,0.9400000000000013,30,1922.0,,
55045.0,-1.4299999999999997,27,2065.0,,
55050.0,-1.4700000000000024,33,2212.0,,
55055.0,-1.1400000000000006,38,2326.0,,
55060.0,-1.8199999999999967,46,2508.0,,
55065.0,-0.3200000000000003,49,2540.0,,
55070.0,1.4199999999999982,46,2398.0,,
55075.0,-0.7699999999999996,42,2475.0,,
55080.0,0.9699999999999989,36,2378.0,,
55085.0,2.3900000000000006,30,2139.0,,
55090.0,-0.379999999999999,27,2177.0,,
55095.0,-1.490000000000002,34,2326.0,,
55100.0,0.26000000000000156,38,2300.0,,
55105.0,1.9299999999999997,35,2107.0,,
55110.0,0.26000000000000156,33,2081.0,,
55115.0,0.8499999999999979,32,1996.0,,
55120.0,1.7899999999999991,33,1817.0,,
55125.0,-1.5199999999999996,31,1969.0,,
55130.0,-1.759999999999998,37,2145.0,,
55135.0,-0.9200000000000017,41,2237.0,,
55140.0,-0.879999999999999,47,2325.0,,
55145.0,-0.1999999999999993,50,2345.0,,
55150.0,1.5,49,2195.0,,
55155.0,-0.9100000000000001,44,2286.0,,
55160.0,0.5199999999999996,36,2234.0,,
55165.0,1.7199999999999989,33,2062.0,,
55170.0,0.28000000000000114,30,2034.0,,
55175.0,-1.1099999999999994,30,2145.0,,
55180.0,-1.7600000000000016,39,2321.0,,
55185.0,-1.4100000000000001,42,2462.0,,
55190.0,-1.3699999999999974,48,2599.0,,
55195.0,0.21999999999999886,51,2577.0,,
55200.0,1.9100000000000001,50,2386.0,,
55205.0,-1.2199999999999989,46,2508.0,,
55210.0,0.28999999999999915,39,2479.0,,
55215.0,0.7399999999999984,36,2405.0,,
55220.0,-0.7300000000000004,30,2478.0,,
55225.0,-1.5700000000000003,34,2635.0,,
55230.0,-1.3699999999999974,42,2772.0,,
55235.0,-1.7900000000000027,49,2951.0,,
55240.0,0.1700000000000017,49,2934.0,,
55245.0,2.2399999999999984,48,2710.0,,
55250.0,0.6700000000000017,40,2643.0,,
55255.0,1.0500000000000007,33,2538.0,,
55260.0,1.759999999999998,28,2362.0,,
55265.0,-1.3200000000000003,26,2494.0,,
55270.0,-1.4100000000000001,32,2635.0,,
55275.0,0.7000000000000028,36,2565.0,,
55280.0,2.469999999999999,39,2318.0,,
55285.0,-0.6000000000000014,36,2378.0,,
55290.0,0.75,36,2303.0,,
55295.0,1.7900000000000027,34,2124.0,,
55300.0,0.25,30,2099.0,,
55305.0,1.6999999999999993,23,1929.0,,
55310.0,2.759999999999998,25,1653.0,,
55315.0,3.5500000000000007,27,1298.0,,
55320.0,-0.33000000000000007,23,1331.0,,
55325.0,0.5800000000000001,25,1273.0,,
55330.0,0.40000000000000036,26,1233.0,,
55335.0,-0.09999999999999964,23,1243.0,,
55340.0,0.8599999999999994,27,1157.0,,
55345.0,0.4299999999999997,33,1114.0,,
55350.0,1.3100000000000005,33,983.0,,
55355.0,-0.17999999999999972,33,1001.0,,
55360.0,-0.2900000000000009,32,1030.0,,
55365.0,-0.17999999999999972,32,1048.0,,
55370.0,-0.9199999999999999,27,1140.0,,
55375.0,-1.4000000000000004,32,1280.0,,
55380.0,-1.2199999999999989,39,1402.0,,
55385.0,-1.33,43,1535.0,,
55390.0,-0.4800000000000004,45,1583.0,,
55395.0,0.6400000000000006,45,1519.0,,
55400.0,-1.1800000000000015,41,1637.0,,
55405.0,0.0400000000000027,32,1633.0,,
55410.0,0.9999999999999982,28,1533.0,,
55415.0,-1.3699999999999992,27,1670.0,,
55420.0,-1.5199999999999996,34,1822.0,,
55425.0,-1.3900000000000006,36,1961.0,,
55430.0,-1.8100000000000023,43,2142.0,,
55435.0,-0.3999999999999986,44,2182.0,,
55440.0,1.2199999999999989,41,2060.0,,
55445.0,-0.16000000000000014,39,2076.0,,
55450.0,0.7600000000000016,34,2000.0,,
55455.0,1.879999999999999,31,1812.0,,
55460.0,-0.879999999999999,29,1900.0,,
55465.0,-1.4600000000000009,32,2046.0,,
55470.0,-1.3900000000000006,35,2185.0,,
55475.0,-1.6899999999999977,42,2354.0,,
55480.0,-0.3100000000000023,46,2385.0,,
55485.0,1.370000000000001,42,2248.0,,
55490.0,-0.759999999999998,46,2324.0,,
55495.0,0.6799999999999997,41,2256.0,,
55500.0,2.1999999999999993,36,2036.0,,
55505.0,-1.1999999999999993,28,2156.0,,
55510.0,-1.5100000000000016,35,2307.0,,
55515.0,-1.379999999999999,39,2445.0,,
55520.0,-1.6700000000000017,45,2612.0,,
55525.0,-0.16000000000000014,49,2628.0,,
55530.0,1.6600000000000001,48,2462.0,,
55535.0,-0.6400000000000006,43,2526.0,,
55540.0,1.4800000000000004,35,2378.0,,
55545.0,1.7000000000000028,31,2208.0,,
55550.0,-0.8400000000000034,28,2292.0,,
55555.0,-1.4099999999999966,30,2433.0,,
55560.0,-1.5,39,2583.0,,
55565.0,-1.870000000000001,48,2770.0,,
55570.0,-0.019999999999999574,48,2772.0,,
55575.0,2.0199999999999996,48,2570.0,,
55580.0,0.5199999999999996,42,2518.0,,
55585.0,0.870000000000001,35,2431.0,,
55590.0,2.34,31,2197.0,,
55595.0,-0.6900000000000013,27,2266.0,,
55600.0,-1.5100000000000016,33,2417.0,,
55605.0,0.40000000000000213,39,2377.0,,
55610.0,2.3299999999999983,36,2144.0,,
55615.0,-0.33999999999999986,35,2178.0,,
55620.0,0.7000000000000028,34,2108.0,,
55625.0,1.7099999999999973,33,1937.0,,
55630.0,-1.5599999999999987,32,2093.0,,
55635.0,-1.7300000000000004,39,2266.0,,
55640.0,-1.2399999999999984,43,2390.0,,
55645.0,-1.1900000000000013,48,2509.0,,
55650.0,-0.10000000000000142,51,2519.0,,
55655.0,1.9200000000000017,50,2327.0,,
55660.0,0.370000000000001,44,2290.0,,
55665.0,0.4499999999999993,36,2245.0,,
55670.0,1.5999999999999979,35,2085.0,,
55675.0,0.4299999999999997,32,2042.0,,
55680.0,-1.139999999999997,31,2156.0,,
55685.0,-1.8200000000000003,41,2338.0,,
55690.0,-1.1099999999999994,40,2449.0,,
55695.0,-1.3500000000000014,49,2584.0,,
55700.0,0.03999999999999915,51,2580.0,,
55705.0,3.3000000000000007,55,2250.0,,
55710.0,-1.3200000000000003,47,2382.0,,
55715.0,0.8000000000000007,38,2302.0,,
55720.0,0.6699999999999982,33,2235.0,,
55725.0,-1.2199999999999989,31,2357.0,,
55730.0,-1.6000000000000014,35,2517.0,,
55735.0,-1.4099999999999966,43,2658.0,,
55740.0,-1.7700000000000031,50,2835.0,,
55745.0,-0.0799999999999983,54,2843.0,,
55750.0,2.129999999999999,51,2630.0,,
55755.0,-0.9899999999999984,45,2729.0,,
55760.0,0.8999999999999986,34,2639.0,,
55765.0,1.6400000000000006,30,2475.0,,
55770.0,-1.4600000000000009,28,2621.0,,
55775.0,-1.5899999999999999,37,2780.0,,
55780.0,0.5399999999999991,43,2726.0,,
55785.0,2.3200000000000003,42,2494.0,,
55790.0,-0.6799999999999997,36,2562.0,,
55795.0,1.240000000000002,33,2438.0,,
55800.0,1.1499999999999986,34,2323.0,,
55805.0,-0.10999999999999943,28,2334.0,,
55810.0,-0.7199999999999989,34,2406.0,,
55815.0,0.7199999999999989,40,2334.0,,
55820.0,2.620000000000001,36,2072.0,,
55825.0,-0.4700000000000024,35,2119.0,,
55830.0,0.4299999999999997,32,2076.0,,
55835.0,1.2800000000000011,32,1948.0,,
55840.0,-1.5,30,2098.0,,
55845.0,-1.629999999999999,35,2261.0,,
55850.0,0.34999999999999787,42,2226.0,,
55855.0,3.0,41,1926.0,,
55860.0,-0.8999999999999986,37,2016.0,,
55865.0,-0.05000000000000071,32,2021.0,,
55870.0,0.5199999999999996,34,1969.0,,
55875.0,-0.7300000000000004,28,2042.0,,
55880.0,-0.36999999999999744,33,2079.0,,
55885.0,0.4800000000000004,36,2031.0,,
55890.0,2.1499999999999986,39,1816.0,,
55895.0,0.8099999999999987,32,1735.0,,
55900.0,-0.029999999999997584,34,1738.0,,
55905.0,0.6999999999999993,32,1668.0,,
55910.0,-1.5,30,1818.0,,
55915.0,-1.5800000000000018,35,1976.0,,
55920.0,-1.0199999999999996,41,2078.0,,
55925.0,-1.5599999999999987,48,2234.0,,
55930.0,-0.25,50,2259.0,,
55935.0,1.5700000000000003,47,2102.0,,
55940.0,-1.0199999999999996,43,2204.0,,
55945.0,0.16999999999999815,36,2187.0,,
55950.0,1.2900000000000027,32,2058.0,,
55955.0,-1.5400000000000027,32,2212.0,,
55960.0,-1.7699999999999996,39,2389.0,,
55965.0,-1.5799999999999983,40,2547.0,,
55970.0,-2.0100000000000016,48,2748.0,,
55975.0,-0.09999999999999787,50,2758.0,,
55980.0,3.8299999999999983,49,2375.0,,
55985.0,-0.7300000000000004,41,2448.0,,
55990.0,0.6700000000000017,34,2381.0,,
55995.0,1.8099999999999987,32,2200.0,,
56000.0,-1.4400000000000013,31,2344.0,,
56005.0,-1.5799999999999983,34,2502.0,,
56010.0,-1.5399999999999991,41,2656.0,,
56015.0,-1.9299999999999997,48,2849.0,,
56020.0,-0.10000000000000142,51,2859.0,,
56025.0,2.039999999999999,47,2655.0,,
56030.0,-0.6899999999999977,45,2724.0,,
56035.0,1.4399999999999977,37,2580.0,,
56040.0,1.7100000000000009,30,2409.0,,
56045.0,1.1000000000000014,29,2299.0,,
56050.0,-0.9600000000000009,30,2395.0,,
56055.0,-1.740000000000002,39,2569.0,,
56060.0,-1.4800000000000004,43,2717.0,,
56065.0,-1.8299999999999983,52,2900.0,,
56070.0,0.05999999999999872,55,2894.0,,
56075.0,2.2300000000000004,53,2671.0,,
56080.0,-1.1099999999999994,47,2782.0,,
56085.0,0.6900000000000013,36,2713.0,,
56090.0,1.3200000000000003,34,2581.0,,
56095.0,-0.9600000000000009,31,2677.0,,
56100.0,-1.7300000000000004,40,2850.0,,
56105.0,-1.5,45,3000.0,,
56110.0,-2.299999999999997,53,3230.0,,
56115.0,0.23999999999999488,54,3206.0,,
56120.0,2.6000000000000014,52,2946.0,,
56125.0,-0.029999999999997584,43,2949.0,,
56130.0,0.9299999999999997,34,2856.0,,
56135.0,1.6799999999999997,32,2688.0,,
56140.0,-1.5100000000000016,32,2839.0,,
56145.0,-1.6999999999999993,38,3009.0,,
56150.0,0.7399999999999984,40,2935.0,,
56155.0,2.84,40,2651.0,,
56160.0,-0.629999999999999,34,2714.0,,
56165.0,0.7600000000000016,34,2638.0,,
56170.0,1.7099999999999973,35,2467.0,,
56175.0,-1.8299999999999983,36,2650.0,,
56180.0,-1.9299999999999997,41,2843.0,,
56185.0,-1.1999999999999993,45,2963.0,,
56190.0,-1.1099999999999994,52,3074.0,,
56195.0,0.48999999999999844,52,3025.0,,
56200.0,4.079999999999998,51,2617.0,,
56205.0,-0.75,45,2692.0,,
56210.0,0.40000000000000213,38,2652.0,,
56215.0,-1.0500000000000007,35,2757.0,,
56220.0,-1.9100000000000001,39,2948.0,,
56225.0,-1.379999999999999,40,3086.0,,
56230.0,-1.8999999999999986,50,3276.0,,
56235.0,0.0899999999999963,55,3267.0,,
56240.0,2.4200000000000017,52,3025.0,,
56245.0,-0.7399999999999984,47,3099.0,,
56250.0,1.259999999999998,38,2973.0,,
56255.0,1.4000000000000021,34,2833.0,,
56260.0,-1.0100000000000016,30,2934.0,,
56265.0,-1.7100000000000009,37,3105.0,,
56270.0,0.6099999999999994,42,3044.0,,
56275.0,2.8200000000000003,41,2762.0,,
56280.0,-0.5399999999999991,39,2816.0,,
56285.0,0.9600000000000009,37,2720.0,,
56290.0,-1.0300000000000011,38,2823.0,,
56295.0,-2.09,44,3032.0,,
56300.0,-1.120000000000001,43,3144.0,,
56305.0,-0.9199999999999982,54,3236.0,,
56310.0,0.030000000000001137,55,3233.0,,
56315.0,2.2699999999999996,51,3006.0,,
56320.0,0.35999999999999943,49,2970.0,,
56325.0,1.3200000000000003,38,2838.0,,
56330.0,3.1499999999999986,32,2523.0,,
56335.0,-1.5599999999999987,32,2679.0,,
56340.0,-1.6999999999999993,39,2849.0,,
56345.0,-1.240000000000002,43,2973.0,,
56350.0,-1.6699999999999982,54,3140.0,,
56355.0,-0.16000000000000014,57,3156.0,,
56360.0,2.9299999999999997,55,2863.0,,
56365.0,-0.9200000000000017,47,2955.0,,
56370.0,1.8100000000000023,35,2774.0,,
56375.0,-0.3200000000000003,32,2806.0,,
56380.0,-1.5500000000000007,34,2961.0,,
56385.0,0.8000000000000007,32,2881.0,,
56390.0,3.419999999999998,38,2539.0,,
56395.0,-0.3299999999999983,36,2572.0,,
56400.0,1.259999999999998,31,2446.0,,
56405.0,2.400000000000002,34,2206.0,,
56410.0,-1.5800000000000018,31,2364.0,,
56415.0,-1.6600000000000001,37,2530.0,,
56420.0,-1.0799999999999983,41,2638.0,,
56425.0,-1.5199999999999996,53,2790.0,,
56430.0,-0.33000000000000185,57,2823.0,,
56435.0,1.629999999999999,57,2660.0,,
56440.0,1.0300000000000011,49,2557.0,,
56445.0,1.2300000000000004,36,2434.0,,
56450.0,-0.5399999999999991,32,2488.0,,
56455.0,-1.7300000000000004,39,2661.0,,
56460.0,-1.4100000000000001,40,2802.0,,
56465.0,-1.9400000000000013,53,2996.0,,
56470.0,-0.3000000000000007,54,3026.0,,
56475.0,1.620000000000001,54,2864.0,,
56480.0,-0.7199999999999989,46,2936.0,,
56485.0,1.3999999999999986,36,2796.0,,
56490.0,2.91,31,2505.0,,
56495.0,-1.6099999999999994,33,2666.0,,
56500.0,-1.8200000000000003,38,2848.0,,
56505.0,-1.7199999999999989,44,3020.0,,
56510.0,-2.1800000000000033,52,3238.0,,
56515.0,-0.10999999999999943,55,3249.0,,
56520.0,1.8400000000000034,50,3065.0,,
56525.0,0.5,43,3015.0,,
56530.0,1.5,33,2865.0,,
56535.0,2.5799999999999983,30,2607.0,,
56540.0,-0.8599999999999994,32,2693.0,,
56545.0,-1.7300000000000004,37,2866.0,,
56550.0,0.5,41,2816.0,,
56555.0,2.3099999999999987,40,2585.0,,
56560.0,1.8100000000000023,34,2404.0,,
56565.0,2.379999999999999,31,2166.0,,
56570.0,1.1999999999999993,36,2046.0,,
56575.0,-1.6099999999999994,34,2207.0,,
56580.0,-1.8500000000000014,39,2392.0,,
56585.0,-1.0899999999999999,44,2501.0,,
56590.0,-0.7199999999999989,51,2573.0,,
56595.0,-0.03999999999999915,53,2577.0,,
56600.0,1.9299999999999997,49,2384.0,,
56605.0,1.1400000000000006,45,2270.0,,
56610.0,1.0899999999999999,36,2161.0,,
56615.0,1.1899999999999977,31,2042.0,,
56620.0,-1.509999999999998,32,2193.0,,
56625.0,-1.740000000000002,38,2367.0,,
56630.0,0.14000000000000057,41,2353.0,,
56635.0,2.0600000000000023,40,2147.0,,
56640.0,-0.030000000000001137,39,2150.0,,
56645.0,0.07000000000000028,38,2143.0,,
56650.0,-1.7300000000000004,39,2316.0,,
56655.0,-2.0799999999999983,42,2524.0,,
56660.0,-1.0200000000000031,43,2626.0,,
56665.0,-0.7099999999999973,48,2697.0,,
56670.0,-0.2699999999999996,53,2724.0,,
56675.0,1.3699999999999974,52,2587.0,,
56680.0,-0.25,46,2612.0,,
56685.0,2.370000000000001,37,2375.0,,
56690.0,0.7300000000000004,33,2302.0,,
56695.0,-1.0100000000000016,32,2403.0,,
56700.0,-1.6999999999999993,37,2573.0,,
56705.0,-0.879999999999999,40,2661.0,,
56710.0,-1.1799999999999997,50,2779.0,,
56715.0,-0.17999999999999972,53,2797.0,,
56720.0,1.2999999999999972,52,2667.0,,
56725.0,0.3500000000000014,47,2632.0,,
56730.0,1.3300000000000018,38,2499.0,,
56735.0,-1.2200000000000024,34,2621.0,,
56740.0,-1.8699999999999974,38,2808.0,,
56745.0,-1.3100000000000023,39,2939.0,,
56750.0,-2.0199999999999996,51,3141.0,,
56755.0,-0.23999999999999844,53,3165.0,,
56760.0,2.719999999999999,49,2893.0,,
56765.0,0.4400000000000013,41,2849.0,,
56770.0,1.7399999999999984,32,2675.0,,
56775.0,0.23000000000000043,29,2652.0,,
56780.0,-1.5700000000000003,33,2809.0,,
56785.0,-1.370000000000001,35,2946.0,,
56790.0,-2.0700000000000003,47,3153.0,,
56795.0,-0.16000000000000014,48,3169.0,,
56800.0,1.6300000000000026,47,3006.0,,
56805.0,0.6999999999999993,41,2936.0,,
56810.0,2.3599999999999994,33,2700.0,,
56815.0,-0.3200000000000003,31,2732.0,,
56820.0,-1.6499999999999986,35,2897.0,,
56825.0,0.0799999999999983,38,2889.0,,
56830.0,1.7199999999999989,36,2717.0,,
56835.0,1.5300000000000011,33,2564.0,,
56840.0,2.280000000000001,31,2336.0,,
56845.0,3.3599999999999994,33,2000.0,,
56850.0,-1.4699999999999989,30,2147.0,,
56855.0,-1.6400000000000006,37,2311.0,,
56860.0,-1.2100000000000009,39,2432.0,,
56865.0,-1.1799999999999997,45,2550.0,,
56870.0,-0.3500000000000014,48,2585.0,,
56875.0,1.9700000000000024,46,2388.0,,
56880.0,-0.060000000000002274,41,2394.0,,
56885.0,2.150000000000002,34,2179.0,,
56890.0,3.0599999999999987,32,1873.0,,
56895.0,-1.6099999999999994,32,2034.0,,
56900.0,-1.6999999999999993,37,2204.0,,
56905.0,-1.0600000000000023,38,2310.0,,
56910.0,-1.639999999999997,46,2474.0,,
56915.0,-0.26000000000000156,47,2500.0,,
56920.0,1.4200000000000017,47,2358.0,,
56925.0,-0.5300000000000011,41,2411.0,,
56930.0,2.6499999999999986,39,2146.0,,
56935.0,-1.629999999999999,34,2309.0,,
56940.0,-1.7399999999999984,35,2483.0,,
56945.0,-1.4500000000000028,37,2628.0,,
56950.0,-1.8099999999999987,44,2809.0,,
56955.0,-0.07000000000000028,47,2816.0,,
56960.0,2.9499999999999993,45,2521.0,,
56965.0,-0.5299999999999976,44,2574.0,,
56970.0,1.3699999999999974,36,2437.0,,
56975.0,-0.9899999999999984,34,2536.0,,
56980.0,-1.75,36,2711.0,,
56985.0,-1.9499999999999993,43,2906.0,,
56990.0,-2.370000000000001,50,3143.0,,
56995.0,-2.770000000000003,59,3420.0,,
57000.0,-2.4599999999999937,64,3666.0,,
57005.0,-2.5600000000000023,69,3922.0,,
57010.0,-0.8100000000000023,64,4003.0,,
57015.0,1.6799999999999997,55,3835.0,,
57020.0,1.0200000000000031,42,3733.0,,
57025.0,2.4499999999999957,36,3488.0,,
57030.0,-1.0399999999999991,32,3592.0,,
57035.0,-1.7299999999999969,37,3765.0,,
57040.0,0.4099999999999966,38,3724.0,,
57045.0,2.0900000000000034,39,3515.0,,
57050.0,1.7100000000000009,34,3344.0,,
57055.0,2.979999999999997,33,3046.0,,
57060.0,-0.6999999999999993,34,3116.0,,
57065.0,-1.8099999999999987,37,3297.0,,
57070.0,-0.9200000000000017,39,3389.0,,
57075.0,-1.2100000000000009,48,3510.0,,
57080.0,-0.21999999999999886,51,3532.0,,
57085.0,1.4299999999999997,48,3389.0,,
57090.0,0.23000000000000398,44,3366.0,,
57095.0,4.219999999999995,35,2944.0,,
57100.0,0.1700000000000017,32,2927.0,,
57105.0,-1.6400000000000006,36,3091.0,,
57110.0,0.28000000000000114,38,3063.0,,
57115.0,2.66,36,2797.0,,
57120.0,1.6799999999999997,31,2629.0,,
57125.0,3.0299999999999976,27,2326.0,,
57130.0,4.440000000000001,32,1882.0,,
57135.0,-1.5700000000000003,31,2039.0,,
57140.0,-1.6499999999999986,37,2204.0,,
57145.0,-0.9700000000000024,39,2301.0,,
57150.0,-0.9699999999999989,47,2398.0,,
57155.0,-0.28999999999999915,47,2427.0,,
57160.0,1.1400000000000006,47,2313.0,,
57165.0,0.8499999999999979,39,2228.0,,
57170.0,2.3200000000000003,33,1996.0,,
57175.0,1.8800000000000026,31,1808.0,,
57180.0,-0.7700000000000031,31,1885.0,,
57185.0,-1.6699999999999982,36,2052.0,,
57190.0,-1.2199999999999989,37,2174.0,,
57195.0,-1.6900000000000013,45,2343.0,,
57200.0,-0.240000000000002,46,2367.0,,
57205.0,1.3900000000000006,42,2228.0,,
57210.0,-0.3999999999999986,39,2268.0,,
57215.0,1.5399999999999991,34,2114.0,,
57220.0,-1.6899999999999977,35,2283.0,,
57225.0,-1.8800000000000026,40,2471.0,,
57230.0,-1.7199999999999989,39,2643.0,,
57235.0,-2.0,48,2843.0,,
57240.0,-0.26000000000000156,50,2869.0,,
57245.0,1.4400000000000013,48,2725.0,,
57250.0,0.4200000000000017,38,2683.0,,
57255.0,1.6499999999999986,34,2518.0,,
57260.0,2.8599999999999994,33,2232.0,,
57265.0,-1.5199999999999996,31,2384.0,,
57270.0,-1.6499999999999986,37,2549.0,,
57275.0,0.25,35,2524.0,,
57280.0,1.9399999999999977,33,2330.0,,
57285.0,1.0399999999999991,30,2226.0,,
57290.0,3.240000000000002,37,1902.0,,
57295.0,-1.6600000000000001,36,2068.0,,
57300.0,-1.8900000000000006,39,2257.0,,
57305.0,-0.870000000000001,37,2344.0,,
57310.0,-0.389999999999997,44,2383.0,,
57315.0,-0.23000000000000043,45,2406.0,,
57320.0,1.2799999999999976,45,2278.0,,
57325.0,0.2900000000000027,40,2249.0,,
57330.0,2.299999999999997,34,2019.0,,
57335.0,1.5600000000000023,31,1863.0,,
57340.0,-0.740000000000002,30,1937.0,,
57345.0,-1.6699999999999982,36,2104.0,,
57350.0,-1.0399999999999991,36,2208.0,,
57355.0,-1.2700000000000031,44,2335.0,,
57360.0,-0.22999999999999687,48,2358.0,,
57365.0,1.2399999999999984,48,2234.0,,
57370.0,-0.4800000000000004,41,2282.0,,
57375.0,1.4499999999999993,35,2137.0,,
57380.0,-1.259999999999998,35,2263.0,,
57385.0,-1.7600000000000016,37,2439.0,,
57390.0,0.21000000000000085,36,2418.0,,
57395.0,1.6699999999999982,33,2251.0,,
57400.0,1.3500000000000014,32,2116.0,,
57405.0,1.3999999999999986,32,1976.0,,
57410.0,2.580000000000002,31,1718.0,,
57415.0,-1.490000000000002,28,1867.0,,
57420.0,-1.5699999999999967,33,2024.0,,
57425.0,-0.8399999999999999,36,2108.0,,
57430.0,-1.2900000000000027,46,2237.0,,
57435.0,-0.3999999999999986,47,2277.0,,
57440.0,1.0,46,2177.0,,
57445.0,-0.46999999999999886,41,2224.0,,
57450.0,1.5199999999999996,35,2072.0,,
57455.0,-0.370000000000001,32,2109.0,,
57460.0,-1.6900000000000013,34,2278.0,,
57465.0,-1.2099999999999973,37,2399.0,,
57470.0,-2.0600000000000023,43,2605.0,,
57475.0,-0.28999999999999915,47,2634.0,,
57480.0,1.879999999999999,45,2446.0,,
57485.0,-0.019999999999999574,38,2448.0,,
57490.0,2.6999999999999993,29,2178.0,,
57495.0,-0.5299999999999976,27,2231.0,,
57500.0,-1.4500000000000028,30,2376.0,,
57505.0,0.21000000000000085,33,2355.0,,
57510.0,1.4600000000000009,32,2209.0,,
57515.0,0.9100000000000001,30,2118.0,,
57520.0,2.2699999999999996,30,1891.0,,
57525.0,-0.9299999999999997,36,1984.0,,
57530.0,-1.7699999999999996,36,2161.0,,
57535.0,-1.1700000000000017,36,2278.0,,
57540.0,-1.4299999999999997,43,2421.0,,
57545.0,-0.41999999999999815,43,2463.0,,
57550.0,0.9599999999999973,40,2367.0,,
57555.0,1.0500000000000007,37,2262.0,,
57560.0,2.9299999999999997,29,1969.0,,
57565.0,2.5700000000000003,27,1712.0,,
57570.0,-1.2699999999999996,25,1839.0,,
57575.0,-1.3299999999999983,30,1972.0,,
57580.0,-1.5700000000000003,35,2129.0,,
57585.0,-1.9499999999999993,42,2324.0,,
57590.0,-0.360000000000003,42,2360.0,,
57595.0,1.1700000000000017,40,2243.0,,
57600.0,0.7800000000000011,37,2165.0,,
57605.0,2.969999999999999,31,1868.0,,
57610.0,2.3000000000000007,31,1638.0,,
57615.0,-0.8800000000000026,30,1726.0,,
57620.0,-1.4899999999999984,32,1875.0,,
57625.0,-1.4299999999999997,34,2018.0,,
57630.0,-1.6999999999999993,41,2188.0,,
57635.0,-0.17999999999999972,43,2206.0,,
57640.0,1.3099999999999987,40,2075.0,,
57645.0,-0.4200000000000017,40,2117.0,,
57650.0,1.3100000000000023,37,1986.0,,
57655.0,2.169999999999998,37,1769.0,,
57660.0,-1.3599999999999994,31,1905.0,,
57665.0,-1.5599999999999987,33,2061.0,,
57670.0,-1.379999999999999,37,2199.0,,
57675.0,-1.610000000000003,43,2360.0,,
57680.0,-0.129999999999999,45,2373.0,,
57685.0,2.580000000000002,46,2115.0,,
57690.0,0.08999999999999986,40,2106.0,,
57695.0,1.6999999999999993,33,1936.0,,
57700.0,1.7800000000000011,30,1758.0,,
57705.0,1.4799999999999969,26,1610.0,,
57710.0,-1.1899999999999977,26,1729.0,,
57715.0,-1.5500000000000007,34,1884.0,,
57720.0,-1.1600000000000001,38,2000.0,,
57725.0,-1.3000000000000007,44,2130.0,,
57730.0,-0.14999999999999858,46,2145.0,,
57735.0,1.6400000000000006,45,1981.0,,
57740.0,-0.7000000000000028,39,2051.0,,
57745.0,1.0400000000000027,31,1947.0,,
57750.0,1.7099999999999973,30,1776.0,,
57755.0,-0.9499999999999993,27,1871.0,,
57760.0,-1.5199999999999996,33,2023.0,,
57765.0,-1.4400000000000013,37,2167.0,,
57770.0,-1.8199999999999967,45,2349.0,,
57775.0,0.03999999999999915,46,2345.0,,
57780.0,2.5799999999999983,42,2087.0,,
57785.0,-0.6199999999999974,38,2149.0,,
57790.0,1.0799999999999983,30,2041.0,,
57795.0,1.2300000000000004,34,1918.0,,
57800.0,-1.4299999999999997,31,2061.0,,
57805.0,-1.6400000000000006,34,2225.0,,
57810.0,-1.5199999999999996,37,2377.0,,
57815.0,-1.8000000000000007,45,2557.0,,
57820.0,0.10999999999999943,47,2546.0,,
57825.0,1.8300000000000018,45,2363.0,,
57830.0,0.41000000000000014,42,2322.0,,
57835.0,0.9699999999999989,33,2225.0,,
57840.0,2.3900000000000006,30,1986.0,,
57845.0,-1.4800000000000004,29,2134.0,,
57850.0,-1.6400000000000006,35,2298.0,,
57855.0,-1.4100000000000001,39,2439.0,,
57860.0,-1.7300000000000004,47,2612.0,,
57865.0,-0.2099999999999973,52,2633.0,,
57870.0,1.5499999999999972,52,2478.0,,
57875.0,1.1000000000000014,42,2368.0,,
57880.0,1.5399999999999991,34,2214.0,,
57885.0,1.740000000000002,31,2040.0,,
57890.0,-0.2700000000000031,25,2067.0,,
57895.0,-1.389999999999997,32,2206.0,,
57900.0,-1.1600000000000001,38,2322.0,,
57905.0,-1.75,45,2497.0,,
57910.0,-0.16000000000000014,49,2513.0,,
57915.0,1.6099999999999994,48,2352.0,,
57920.0,-0.6799999999999997,42,2420.0,,
57925.0,2.2300000000000004,35,2197.0,,
57930.0,-1.5,28,2347.0,,
57935.0,-1.6400000000000006,35,2511.0,,
57940.0,-1.5399999999999991,37,2665.0,,
57945.0,-2.0500000000000007,48,2870.0,,
57950.0,-0.10999999999999943,49,2881.0,,
57955.0,1.7699999999999996,47,2704.0,,
57960.0,0.7399999999999984,39,2630.0,,
57965.0,2.5100000000000016,31,2379.0,,
57970.0,1.9800000000000004,28,2181.0,,
57975.0,-1.490000000000002,32,2330.0,,
57980.0,-1.620000000000001,36,2492.0,,
57985.0,0.3500000000000014,38,2457.0,,
57990.0,1.9600000000000009,36,2261.0,,
57995.0,0.9800000000000004,30,2163.0,,
58000.0,1.5199999999999996,31,2011.0,,
58005.0,1.870000000000001,34,1824.0,,
58010.0,-1.6900000000000013,35,1993.0,,
58015.0,-1.8399999999999999,40,2177.0,,
58020.0,-1.1400000000000006,41,2291.0,,
58025.0,-0.9899999999999984,48,2390.0,,
58030.0,-0.010000000000001563,49,2391.0,,
58035.0,1.5800000000000018,47,2233.0,,
58040.0,-0.5600000000000023,40,2289.0,,
58045.0,1.4400000000000013,35,2145.0,,
58050.0,1.7699999999999996,34,1968.0,,
58055.0,-1.6799999999999997,34,2136.0,,
58060.0,-1.75,37,2311.0,,
58065.0,0.129999999999999,40,2298.0,,
58070.0,1.9699999999999989,37,2101.0,,
58075.0,-0.33999999999999986,33,2135.0,,
58080.0,0.3100000000000023,36,2104.0,,
58085.0,1.0599999999999987,37,1998.0,,
58090.0,-1.6400000000000006,35,2162.0,,
58095.0,-1.9100000000000001,40,2353.0,,
58100.0,-0.75,43,2428.0,,
58105.0,-0.03999999999999915,46,2432.0,,
58110.0,-0.129999999999999,49,2445.0,,
58115.0,1.8299999999999983,50,2262.0,,
58120.0,-0.9699999999999989,48,2359.0,,
58125.0,0.35999999999999943,37,2323.0,,
58130.0,1.5800000000000018,36,2165.0,,
58135.0,0.7099999999999973,34,2094.0,,
58140.0,0.7100000000000009,28,2023.0,,
58145.0,3.629999999999999,26,1660.0,,
58150.0,0.08000000000000185,20,1652.0,,
58155.0,0.10999999999999943,28,1641.0,,
58160.0,-0.7800000000000011,40,1719.0,,
58165.0,-0.13999999999999702,43,1733.0,,
58170.0,-1.8900000000000006,46,1922.0,,
58175.0,-2.2900000000000027,45,2151.0,,
58180.0,-1.7199999999999989,44,2323.0,,
58185.0,-2.1900000000000013,50,2542.0,,
58190.0,-0.259999999999998,52,2568.0,,
58195.0,1.6900000000000013,53,2399.0,,
58200.0,-0.7700000000000031,41,2476.0,,
58205.0,1.3900000000000006,32,2337.0,,
58210.0,1.5,30,2187.0,,
58215.0,-1.4499999999999993,30,2332.0,,
58220.0,-1.6400000000000006,37,2496.0,,
58225.0,-1.6699999999999982,43,2663.0,,
58230.0,-2.3800000000000026,50,2901.0,,
58235.0,-0.18999999999999773,52,2920.0,,
58240.0,2.120000000000001,50,2708.0,,
58245.0,1.3299999999999983,40,2575.0,,
58250.0,0.9100000000000001,29,2484.0,,
58255.0,2.289999999999999,27,2255.0,,
58260.0,-1.3099999999999987,29,2386.0,,
58265.0,-1.6400000000000006,36,2550.0,,
58270.0,0.26000000000000156,39,2524.0,,
58275.0,2.1799999999999997,38,2306.0,,
58280.0,-0.3000000000000007,33,2336.0,,
58285.0,1.4399999999999977,30,2192.0,,
58290.0,2.1300000000000026,34,1979.0,,
58295.0,-1.6799999999999997,36,2147.0,,
58300.0,-2.0,44,2347.0,,
58305.0,-1.3599999999999994,44,2483.0,,
58310.0,-1.2100000000000009,49,2604.0,,
58315.0,-0.030000000000001137,52,2607.0,,
58320.0,1.990000000000002,50,2408.0,,
58325.0,3.0799999999999983,47,2100.0,,
58330.0,-0.1700000000000017,36,2117.0,,
58335.0,0.990000000000002,35,2018.0,,
58340.0,2.1499999999999986,31,1803.0,,
58345.0,1.25,28,1678.0,,
58350.0,-1.3699999999999974,29,1815.0,,
58355.0,-1.6500000000000021,35,1980.0,,
58360.0,-1.0599999999999987,38,2086.0,,
58365.0,-1.3399999999999999,45,2220.0,,
58370.0,-0.22000000000000242,49,2242.0,,
58375.0,1.4500000000000028,49,2097.0,,
58380.0,0.7799999999999976,41,2019.0,,
58385.0,1.3300000000000018,32,1886.0,,
58390.0,0.5599999999999987,30,1830.0,,
58395.0,0.10999999999999943,26,1819.0,,
58400.0,-1.4499999999999993,32,1964.0,,
58405.0,-1.4899999999999984,39,2113.0,,
58410.0,-1.7100000000000009,45,2284.0,,
58415.0,-0.21999999999999886,47,2306.0,,
58420.0,1.6899999999999977,46,2137.0,,
58425.0,0.25,38,2112.0,,
58430.0,1.3500000000000014,30,1977.0,,
58435.0,1.509999999999998,30,1826.0,,
58440.0,-1.4799999999999969,31,1974.0,,
58445.0,-1.6700000000000017,38,2141.0,,
58450.0,-1.5199999999999996,39,2293.0,,
58455.0,-1.8599999999999994,47,2479.0,,
58460.0,-0.1999999999999993,49,2499.0,,
58465.0,1.8499999999999979,47,2314.0,,
58470.0,0.03999999999999915,40,2310.0,,
58475.0,1.0800000000000018,32,2202.0,,
58480.0,1.120000000000001,31,2090.0,,
58485.0,1.7899999999999991,30,1911.0,,
58490.0,-0.5,28,1961.0,,
58495.0,-1.6500000000000021,35,2126.0,,
58500.0,0.43000000000000327,35,2083.0,,
58505.0,2.25,32,1858.0,,
58510.0,1.379999999999999,31,1720.0,,
58515.0,0.6699999999999982,35,1653.0,,
58520.0,0.7200000000000006,36,1581.0,,
58525.0,-1.4399999999999995,34,1725.0,,
58530.0,-1.8099999999999987,40,1906.0,,
58535.0,-0.9100000000000001,40,1997.0,,
58540.0,-0.21000000000000085,45,2018.0,,
58545.0,0.0,49,2018.0,,
58550.0,2.5199999999999996,48,1766.0,,
58555.0,-1.1099999999999994,42,1877.0,,
58560.0,0.5500000000000007,34,1822.0,,
58565.0,0.9499999999999993,33,1727.0,,
58570.0,-1.5800000000000018,32,1885.0,,
58575.0,-1.6799999999999997,35,2053.0,,
58580.0,-1.2999999999999972,39,2183.0,,
58585.0,-1.6000000000000014,48,2343.0,,
58590.0,-0.3099999999999987,50,2374.0,,
58595.0,1.509999999999998,48,2223.0,,
58600.0,0.8099999999999987,40,2142.0,,
58605.0,1.2900000000000027,31,2013.0,,
58610.0,0.759999999999998,29,1937.0,,
58615.0,0.33000000000000185,26,1904.0,,
58620.0,-1.4400000000000013,32,2048.0,,
58625.0,-1.3900000000000006,35,2187.0,,
58630.0,-1.8699999999999974,43,2374.0,,
58635.0,-0.07000000000000028,44,2381.0,,
58640.0,1.7300000000000004,43,2208.0,,
58645.0,1.3199999999999967,35,2076.0,,
58650.0,1.2600000000000016,29,1950.0,,
58655.0,2.6400000000000006,28,1686.0,,
58660.0,-1.4400000000000013,32,1830.0,,
58665.0,-1.6699999999999982,36,1997.0,,
58670.0,-1.5800000000000018,38,2155.0,,
58675.0,-1.8399999999999999,45,2339.0,,
58680.0,-0.259999999999998,46,2365.0,,
58685.0,1.6799999999999997,45,2197.0,,
58690.0,-0.45000000000000284,38,2242.0,,
58695.0,1.0600000000000023,35,2136.0,,
58700.0,2.349999999999998,33,1901.0,,
58705.0,1.240000000000002,28,1777.0,,
58710.0,-1.4100000000000001,31,1918.0,,
58715.0,-1.6999999999999993,36,2088.0,,
58720.0,-1.3900000000000006,42,2227.0,,
58725.0,-1.7199999999999989,47,2399.0,,
58730.0,-0.15000000000000213,52,2414.0,,
58735.0,1.75,50,2239.0,,
58740.0,0.16000000000000014,42,2223.0,,
58745.0,1.6000000000000014,32,2063.0,,
58750.0,0.9299999999999997,30,1970.0,,
58755.0,-0.8599999999999994,27,2056.0,,
58760.0,-1.5,32,2206.0,,
58765.0,-1.5199999999999996,39,2358.0,,
58770.0,-2.150000000000002,47,2573.0,,
58775.0,0.03999999999999915,48,2569.0,,
58780.0,2.950000000000003,47,2274.0,,
58785.0,0.41000000000000014,37,2233.0,,
58790.0,1.1799999999999997,30,2115.0,,
58795.0,1.7899999999999991,27,1936.0,,
58800.0,-1.3399999999999999,29,2070.0,,
58805.0,-1.6600000000000001,40,2236.0,,
58810.0,-1.8200000000000003,40,2418.0,,
58815.0,-2.080000000000002,47,2626.0,,
58820.0,-0.0799999999999983,48,2634.0,,
58825.0,1.9699999999999989,45,2437.0,,
58830.0,0.1700000000000017,40,2420.0,,
58835.0,2.5599999999999987,32,2164.0,,
58840.0,1.2100000000000009,30,2043.0,,
58845.0,1.5599999999999987,30,1887.0,,
58850.0,-1.4399999999999977,30,2031.0,,
58855.0,-1.7200000000000024,37,2203.0,,
58860.0,0.38000000000000256,38,2165.0,,
58865.0,3.2799999999999976,36,1837.0,,
58870.0,-0.509999999999998,34,1888.0,,
58875.0,0.509999999999998,37,1837.0,,
58880.0,0.5700000000000003,40,1780.0,,
58885.0,-1.5899999999999999,37,1939.0,,
58890.0,-1.9100000000000001,41,2130.0,,
58895.0,-0.9800000000000004,42,2228.0,,
58900.0,-0.629999999999999,49,2291.0,,
58905.0,0.129999999999999,51,2278.0,,
58910.0,1.6500000000000021,51,2113.0,,
58915.0,0.7399999999999984,43,2039.0,,
58920.0,0.5600000000000023,34,1983.0,,
58925.0,1.0699999999999967,32,1876.0,,
58930.0,0.5800000000000018,28,1818.0,,
58935.0,-1.379999999999999,29,1956.0,,
58940.0,-1.7900000000000027,40,2135.0,,
58945.0,-1.129999999999999,42,2248.0,,
58950.0,-1.0199999999999996,47,2350.0,,
58955.0,0.05000000000000071,48,2345.0,,
58960.0,1.9600000000000009,47,2149.0,,
58965.0,0.0,43,2149.0,,
58970.0,0.5899999999999999,32,2090.0,,
58975.0,1.5199999999999996,31,1938.0,,
58980.0,0.6899999999999977,29,1869.0,,
58985.0,-1.1499999999999986,35,1984.0,,
58990.0,-1.9100000000000001,40,2175.0,,
58995.0,-1.3000000000000007,42,2305.0,,
59000.0,-1.7300000000000004,48,2478.0,,
59005.0,0.030000000000001137,51,2475.0,,
59010.0,3.2699999999999996,48,2148.0,,
59015.0,-0.879999999999999,44,2236.0,,
59020.0,-0.10000000000000142,37,2246.0,,
59025.0,0.9499999999999993,34,2151.0,,
59030.0,-1.3599999999999994,30,2287.0,,
59035.0,-1.75,37,2462.0,,
59040.0,-1.5500000000000007,41,2617.0,,
59045.0,-1.9199999999999982,51,2809.0,,
59050.0,-0.019999999999999574,52,2811.0,,
59055.0,2.219999999999999,53,2589.0,,
59060.0,0.030000000000001137,45,2586.0,,
59065.0,0.8299999999999983,33,2503.0,,
59070.0,1.5500000000000007,31,2348.0,,
59075.0,1.2699999999999996,27,2221.0,,
59080.0,-1.4199999999999982,31,2363.0,,
59085.0,-1.8399999999999999,40,2547.0,,
59090.0,-1.4400000000000013,44,2691.0,,
59095.0,-1.9199999999999982,50,2883.0,,
59100.0,0.09999999999999787,52,2873.0,,
59105.0,2.6000000000000014,52,2613.0,,
59110.0,0.25,45,2588.0,,
59115.0,1.0,33,2488.0,,
59120.0,1.7799999999999976,28,2310.0,,
59125.0,-1.4399999999999977,28,2454.0,,
59130.0,-1.7100000000000009,37,2625.0,,
59135.0,-1.5700000000000003,42,2782.0,,
59140.0,-2.0,50,2982.0,,
59145.0,0.1999999999999993,50,2962.0,,
59150.0,2.650000000000002,50,2697.0,,
59155.0,1.4699999999999989,42,2550.0,,
59160.0,0.879999999999999,34,2462.0,,
59165.0,1.4400000000000013,34,2318.0,,
59170.0,-1.3500000000000014,30,2453.0,,
59175.0,-1.7199999999999989,37,2625.0,,
59180.0,0.4400000000000013,42,2581.0,,
59185.0,3.4599999999999973,39,2235.0,,
59190.0,-0.6699999999999982,35,2302.0,,
59195.0,0.7100000000000009,35,2231.0,,
59200.0,1.6199999999999974,35,2069.0,,
59205.0,-0.6999999999999993,29,2139.0,,
59210.0,-0.3999999999999986,32,2179.0,,
59215.0,0.5500000000000007,39,2124.0,,
59220.0,2.349999999999998,34,1889.0,,
59225.0,0.6600000000000001,30,1823.0,,
59230.0,1.0800000000000018,28,1715.0,,
59235.0,0.6199999999999974,34,1653.0,,
59240.0,-0.9299999999999997,30,1746.0,,
59245.0,-1.7399999999999984,39,1920.0,,
59250.0,-1.4299999999999997,42,2063.0,,
59255.0,-1.6999999999999993,48,2233.0,,
59260.0,-0.08000000000000185,51,2241.0,,
59265.0,1.6799999999999997,49,2073.0,,
59270.0,-0.120000000000001,43,2085.0,,
59275.0,0.16000000000000014,34,2069.0,,
59280.0,0.8000000000000007,31,1989.0,,
59285.0,-1.0199999999999996,30,2091.0,,
59290.0,-1.6900000000000013,36,2260.0,,
59295.0,-1.4599999999999973,40,2406.0,,
59300.0,-1.75,48,2581.0,,
59305.0,-0.14000000000000057,52,2595.0,,
59310.0,1.5999999999999979,51,2435.0,,
59315.0,-1.0700000000000003,44,2542.0,,
59320.0,0.6300000000000026,34,2479.0,,
59325.0,1.2899999999999991,32,2350.0,,
59330.0,-0.4200000000000017,29,2392.0,,
59335.0,-1.629999999999999,35,2555.0,,
59340.0,0.33000000000000185,41,2522.0,,
59345.0,2.219999999999999,40,2300.0,,
59350.0,1.379999999999999,32,2162.0,,
59355.0,0.9499999999999993,28,2067.0,,
59360.0,1.9800000000000004,32,1869.0,,
59365.0,-1.5599999999999987,31,2025.0,,
59370.0,-1.6999999999999993,37,2195.0,,
59375.0,-1.0700000000000003,42,2302.0,,
59380.0,-1.3200000000000003,52,2434.0,,
59385.0,-0.3000000000000007,54,2464.0,,
59390.0,1.6000000000000014,54,2304.0,,
59395.0,0.14000000000000057,46,2290.0,,
59400.0,0.5199999999999996,35,2238.0,,
59405.0,1.7799999999999976,34,2060.0,,
59410.0,-1.0799999999999983,35,2168.0,,
59415.0,-1.9100000000000001,41,2359.0,,
59420.0,0.0799999999999983,42,2351.0,,
59425.0,1.8900000000000006,39,2162.0,,
59430.0,-0.46999999999999886,36,2209.0,,
59435.0,0.8200000000000003,33,2127.0,,
59440.0,0.6099999999999994,36,2066.0,,
59445.0,-0.41999999999999815,30,2108.0,,
59450.0,-0.0400000000000027,35,2112.0,,
59455.0,0.6999999999999993,39,2042.0,,
59460.0,2.6000000000000014,39,1782.0,,
59465.0,-0.5300000000000011,35,1835.0,,
59470.0,0.5100000000000016,31,1784.0,,
59475.0,0.7399999999999984,33,1710.0,,
59480.0,-0.46999999999999886,32,1757.0,,
59485.0,-1.8500000000000014,40,1942.0,,
59490.0,-1.4099999999999966,42,2083.0,,
59495.0,-1.3900000000000006,47,2222.0,,
59500.0,-0.19000000000000128,51,2241.0,,
59505.0,1.5300000000000011,48,2088.0,,
59510.0,-0.8500000000000014,43,2173.0,,
59515.0,0.7199999999999989,33,2101.0,,
59520.0,0.7200000000000024,35,2029.0,,
59525.0,-1.6900000000000013,37,2198.0,,
59530.0,-1.9299999999999997,42,2391.0,,
59535.0,-1.3000000000000007,44,2521.0,,
59540.0,-1.7899999999999991,51,2700.0,,
59545.0,-0.05999999999999872,51,2706.0,,
59550.0,1.8499999999999979,49,2521.0,,
59555.0,0.08000000000000185,44,2513.0,,
59560.0,0.629999999999999,35,2450.0,,
59565.0,1.8900000000000006,33,2261.0,,
59570.0,0.4399999999999977,31,2217.0,,
59575.0,-0.5999999999999979,32,2277.0,,
59580.0,-1.8200000000000003,39,2459.0,,
59585.0,-2.16,47,2675.0,,
59590.0,-1.8000000000000007,50,2855.0,,
59595.0,-2.09,60,3064.0,,
59600.0,-0.379999999999999,61,3102.0,,
59605.0,2.9899999999999984,59,2803.0,,
59610.0,-1.0899999999999999,48,2912.0,,
59615.0,1.0400000000000027,35,2808.0,,
59620.0,1.879999999999999,31,2620.0,,
59625.0,-0.8000000000000007,28,2700.0,,
59630.0,-1.629999999999999,37,2863.0,,
59635.0,-1.6799999999999997,42,3031.0,,
59640.0,-2.2200000000000024,51,3253.0,,
59645.0,0.1600000000000037,53,3237.0,,
59650.0,2.6499999999999986,50,2972.0,,
59655.0,0.4499999999999993,46,2927.0,,
59660.0,1.1499999999999986,33,2812.0,,
59665.0,1.9400000000000013,31,2618.0,,
59670.0,-1.4800000000000004,31,2766.0,,
59675.0,-1.7899999999999991,38,2945.0,,
59680.0,0.7199999999999989,41,2873.0,,
59685.0,2.789999999999999,42,2594.0,,
59690.0,0.360000000000003,37,2558.0,,
59695.0,1.629999999999999,30,2395.0,,
59700.0,1.4600000000000009,34,2249.0,,
59705.0,0.8099999999999987,34,2168.0,,
59710.0,-0.8000000000000007,32,2248.0,,
59715.0,-0.6699999999999982,38,2315.0,,
59720.0,0.6899999999999977,40,2246.0,,
59725.0,3.830000000000002,37,1863.0,,
59730.0,0.5299999999999976,29,1810.0,,
59735.0,0.6900000000000013,28,1741.0,,
59740.0,0.25,33,1716.0,,
59745.0,-1.1499999999999986,31,1831.0,,
59750.0,-1.7000000000000028,37,2001.0,,
59755.0,-1.4100000000000001,41,2142.0,,
59760.0,-1.7299999999999969,48,2315.0,,
59765.0,-0.0400000000000027,51,2319.0,,
59770.0,2.030000000000001,49,2116.0,,
59775.0,-1.3999999999999986,47,2256.0,,
59780.0,0.46999999999999886,37,2209.0,,
59785.0,0.21999999999999886,33,2187.0,,
59790.0,0.4499999999999993,29,2142.0,,
59795.0,-1.5,33,2292.0,,
59800.0,-1.9099999999999966,41,2483.0,,
59805.0,-1.5300000000000011,43,2636.0,,
59810.0,-1.8100000000000023,52,2817.0,,
59815.0,-0.029999999999997584,55,2820.0,,
59820.0,2.1899999999999977,54,2601.0,,
59825.0,-0.4399999999999977,51,2645.0,,
59830.0,0.75,38,2570.0,,
59835.0,0.629999999999999,33,2507.0,,
59840.0,-0.9199999999999982,29,2599.0,,
59845.0,-1.8300000000000018,41,2782.0,,
59850.0,-1.5599999999999987,46,2938.0,,
59855.0,-2.1900000000000013,51,3157.0,,
59860.0,0.08000000000000185,55,3149.0,,
59865.0,3.349999999999998,52,2814.0,,
59870.0,-1.0,45,2914.0,,
59875.0,0.9100000000000001,34,2823.0,,
59880.0,1.6400000000000006,30,2659.0,,
59885.0,-1.5399999999999991,35,2813.0,,
59890.0,-1.8900000000000006,41,3002.0,,
59895.0,0.4800000000000004,44,2954.0,,
59900.0,2.719999999999999,44,2682.0,,
59905.0,1.4200000000000017,35,2540.0,,
59910.0,0.7299999999999969,33,2467.0,,
59915.0,1.7900000000000027,32,2288.0,,
59920.0,-0.28000000000000114,27,2316.0,,
59925.0,-0.6099999999999994,34,2377.0,,
59930.0,0.620000000000001,38,2315.0,,
59935.0,2.549999999999997,37,2060.0,,
59940.0,0.75,34,1985.0,,
59945.0,0.610000000000003,29,1924.0,,
59950.0,1.509999999999998,30,1773.0,,
59955.0,-1.5799999999999983,34,1931.0,,
59960.0,-1.7699999999999996,37,2108.0,,
59965.0,-1.2600000000000016,41,2234.0,,
59970.0,-1.9200000000000017,52,2426.0,,
59975.0,-0.129999999999999,51,2439.0,,
59980.0,2.0,49,2239.0,,
59985.0,-0.28999999999999915,43,2268.0,,
59990.0,0.19000000000000128,36,2249.0,,
59995.0,1.1600000000000001,34,2133.0,,
60000.0,-1.5900000000000034,31,2292.0,,
60005.0,-1.6799999999999997,37,2460.0,,
60010.0,0.2900000000000027,41,2431.0,,
60015.0,2.1899999999999977,39,2212.0,,
60020.0,-0.6099999999999994,34,2273.0,,
60025.0,0.2699999999999996,39,2246.0,,
60030.0,1.0800000000000018,39,2138.0,,
60035.0,-1.6099999999999994,36,2299.0,,
60040.0,-1.8900000000000006,40,2488.0,,
60045.0,-1.1099999999999994,44,2599.0,,
60050.0,-0.5200000000000031,49,2651.0,,
60055.0,-0.08999999999999986,51,2660.0,,
60060.0,1.8000000000000007,52,2480.0,,
60065.0,-0.3000000000000007,47,2510.0,,
60070.0,0.39000000000000057,36,2471.0,,
60075.0,1.7800000000000011,32,2293.0,,
60080.0,0.5500000000000007,32,2238.0,,
60085.0,1.1899999999999977,24,2119.0,,
60090.0,3.25,26,1794.0,,
60095.0,-0.21999999999999886,24,1816.0,,
60100.0,-0.3200000000000003,31,1848.0,,
60105.0,-0.8299999999999983,37,1931.0,,
60110.0,-0.05000000000000071,40,1936.0,,
60115.0,-1.2100000000000009,43,2057.0,,
60120.0,-2.1400000000000006,42,2271.0,,
60125.0,0.22000000000000242,39,2249.0,,
60130.0,2.0799999999999983,38,2041.0,,
60135.0,-0.8099999999999987,39,2122.0,,
60140.0,0.16999999999999815,38,2105.0,,
60145.0,1.0600000000000023,37,1999.0,,
60150.0,-0.23000000000000043,33,2022.0,,
60155.0,1.0299999999999976,24,1919.0,,
60160.0,2.5600000000000023,23,1663.0,,
60165.0,0.9099999999999984,21,1572.0,,
60170.0,0.28000000000000114,30,1544.0,,
60175.0,-0.9399999999999995,37,1638.0,,
60180.0,-0.40000000000000213,38,1678.0,,
60185.0,-1.259999999999998,39,1804.0,,
60190.0,-2.080000000000002,41,2012.0,,
60195.0,0.120000000000001,38,2000.0,,
60200.0,1.9299999999999997,38,1807.0,,
60205.0,-0.8200000000000003,38,1889.0,,
60210.0,0.7199999999999989,34,1817.0,,
60215.0,0.240000000000002,34,1793.0,,
60220.0,-0.3200000000000003,32,1825.0,,
60225.0,-1.3099999999999987,32,1956.0,,
60230.0,-1.9200000000000017,41,2148.0,,
60235.0,-0.9800000000000004,42,2246.0,,
60240.0,-0.7699999999999996,51,2323.0,,
60245.0,-0.1999999999999993,53,2343.0,,
60250.0,1.6000000000000014,52,2183.0,,
60255.0,-0.8400000000000034,47,2267.0,,
60260.0,-0.16999999999999815,40,2284.0,,
60265.0,0.9400000000000013,35,2190.0,,
60270.0,-1.0300000000000011,32,2293.0,,
60275.0,-1.8099999999999987,40,2474.0,,
60280.0,-1.2100000000000009,45,2595.0,,
60285.0,-1.3000000000000007,49,2725.0,,
60290.0,-0.21999999999999886,53,2747.0,,
60295.0,2.5599999999999987,51,2491.0,,
60300.0,0.23000000000000043,42,2468.0,,
60305.0,1.2199999999999989,34,2346.0,,
60310.0,0.4700000000000024,31,2299.0,,
60315.0,-1.1400000000000006,32,2413.0,,
60320.0,-1.6999999999999993,37,2583.0,,
60325.0,-1.1900000000000013,41,2702.0,,
60330.0,-1.3599999999999994,49,2838.0,,
60335.0,-0.060000000000002274,51,2844.0,,
60340.0,1.9700000000000024,47,2647.0,,
60345.0,0.4399999999999977,41,2603.0,,
60350.0,1.5800000000000018,37,2445.0,,
60355.0,1.6099999999999994,32,2284.0,,
60360.0,0.6099999999999994,29,2223.0,,
60365.0,0.9200000000000017,24,2131.0,,
60370.0,2.6799999999999997,25,1863.0,,
60375.0,-0.33000000000000185,21,1896.0,,
60380.0,-0.5199999999999996,29,1948.0,,
60385.0,-0.5300000000000011,39,2001.0,,
60390.0,0.26000000000000156,44,1975.0,,
60395.0,-1.9699999999999989,42,2172.0,,
60400.0,-2.150000000000002,44,2387.0,,
60405.0,0.2900000000000027,39,2358.0,,
60410.0,2.2399999999999984,36,2134.0,,
60415.0,0.8999999999999986,35,2044.0,,
60420.0,0.8200000000000003,35,1962.0,,
60425.0,1.240000000000002,35,1838.0,,
60430.0,0.4800000000000004,30,1790.0,,
60435.0,1.0299999999999976,24,1687.0,,
60440.0,2.1400000000000006,24,1473.0,,
60445.0,0.4900000000000002,21,1424.0,,
60450.0,0.7100000000000009,18,1353.0,,
60455.0,-0.7100000000000009,26,1424.0,,
60460.0,-1.709999999999999,38,1595.0,,
60465.0,-0.490000000000002,40,1644.0,,
60470.0,-0.29999999999999716,44,1674.0,,
60475.0,-0.38000000000000256,47,1712.0,,
60480.0,0.990000000000002,46,1613.0,,
60485.0,-0.39000000000000057,41,1652.0,,
60490.0,0.46000000000000085,34,1606.0,,
60495.0,0.6599999999999984,33,1540.0,,
60500.0,-0.40000000000000036,32,1580.0,,
60505.0,-1.5299999999999976,32,1733.0,,
60510.0,-1.8200000000000003,39,1915.0,,
60515.0,-1.0200000000000031,39,2017.0,,
60520.0,-0.879999999999999,45,2105.0,,
60525.0,-0.23000000000000043,50,2128.0,,
60530.0,1.1300000000000026,52,2015.0,,
60535.0,-0.7700000000000031,45,2092.0,,
60540.0,0.060000000000002274,37,2086.0,,
60545.0,0.6400000000000006,35,2022.0,,
60550.0,-1.2900000000000027,34,2151.0,,
60555.0,-1.759999999999998,37,2327.0,,
60560.0,-1.1000000000000014,41,2437.0,,
60565.0,-1.25,47,2562.0,,
60570.0,-0.28999999999999915,51,2591.0,,
60575.0,1.5,50,2441.0,,
60580.0,0.28000000000000114,42,2413.0,,
60585.0,1.009999999999998,34,2312.0,,
60590.0,2.210000000000001,29,2091.0,,
60595.0,-1.3999999999999986,28,2231.0,,
60600.0,-1.6000000000000014,35,2391.0,,
60605.0,-1.620000000000001,42,2553.0,,
60610.0,-1.7899999999999991,48,2732.0,,
60615.0,-0.14999999999999858,50,2747.0,,
60620.0,1.8099999999999987,48,2566.0,,
60625.0,1.1900000000000013,39,2447.0,,
60630.0,1.1899999999999977,31,2328.0,,
60635.0,2.780000000000001,27,2050.0,,
60640.0,-1.4200000000000017,30,2192.0,,
60645.0,-1.5899999999999999,35,2351.0,,
60650.0,0.33999999999999986,38,2317.0,,
60655.0,1.9700000000000024,36,2120.0,,
60660.0,1.7100000000000009,32,1949.0,,
60665.0,2.469999999999999,29,1702.0,,
60670.0,0.8000000000000007,32,1622.0,,
60675.0,-0.38000000000000256,28,1660.0,,
60680.0,-1.5999999999999979,35,1820.0,,
60685.0,-0.9100000000000001,37,1911.0,,
60690.0,-0.5800000000000018,42,1969.0,,
60695.0,-0.16000000000000014,44,1985.0,,
60700.0,1.5300000000000011,42,1832.0,,
60705.0,-0.259999999999998,41,1858.0,,
60710.0,0.5499999999999972,36,1803.0,,
60715.0,1.6900000000000013,33,1634.0,,
60720.0,-1.5899999999999999,32,1793.0,,
60725.0,-1.5899999999999999,35,1952.0,,
60730.0,-1.2300000000000004,40,2075.0,,
60735.0,-1.4899999999999984,47,2224.0,,
60740.0,-0.23000000000000043,47,2247.0,,
60745.0,2.3999999999999986,52,2007.0,,
60750.0,-1.129999999999999,44,2120.0,,
60755.0,0.9600000000000009,35,2024.0,,
60760.0,1.1999999999999993,32,1904.0,,
60765.0,-1.0800000000000018,29,2012.0,,
60770.0,-1.5700000000000003,35,2169.0,,
60775.0,-1.3299999999999983,40,2302.0,,
60780.0,-1.5800000000000018,47,2460.0,,
60785.0,-0.08999999999999986,47,2469.0,,
60790.0,1.5800000000000018,45,2311.0,,
60795.0,-0.6900000000000013,40,2380.0,,
60800.0,1.0800000000000018,32,2272.0,,
60805.0,2.5199999999999996,29,2020.0,,
60810.0,-1.3100000000000023,25,2151.0,,
60815.0,-1.4599999999999973,33,2297.0,,
60820.0,0.259999999999998,39,2271.0,,
60825.0,2.030000000000001,35,2068.0,,
60830.0,-0.08999999999999986,34,2077.0,,
60835.0,0.870000000000001,32,1990.0,,
60840.0,1.7899999999999991,34,1811.0,,
60845.0,-1.6000000000000014,32,1971.0,,
60850.0,-1.6199999999999974,36,2133.0,,
60855.0,-1.2800000000000011,41,2261.0,,
60860.0,-1.4000000000000021,46,2401.0,,
60865.0,0.010000000000001563,47,2400.0,,
60870.0,2.9200000000000017,46,2108.0,,
60875.0,0.259999999999998,39,2082.0,,
60880.0,1.2699999999999996,31,1955.0,,
60885.0,-1.3599999999999994,28,2091.0,,
60890.0,-1.5799999999999983,33,2249.0,,
60895.0,-1.5400000000000027,35,2403.0,,
60900.0,-2.0199999999999996,46,2605.0,,
60905.0,-0.16999999999999815,47,2622.0,,
60910.0,1.5899999999999999,44,2463.0,,
60915.0,0.6499999999999986,37,2398.0,,
60920.0,1.6799999999999997,30,2230.0,,
60925.0,-1.0,33,2330.0,,
60930.0,-1.7799999999999976,37,2508.0,,
60935.0,-1.6500000000000021,37,2673.0,,
60940.0,-1.9400000000000013,45,2867.0,,
60945.0,-0.21999999999999886,48,2889.0,,
60950.0,2.1000000000000014,45,2679.0,,
60955.0,-0.08999999999999986,38,2688.0,,
60960.0,1.7199999999999989,34,2516.0,,
60965.0,-0.7899999999999991,33,2595.0,,
60970.0,-1.7699999999999996,37,2772.0,,
60975.0,-1.5800000000000018,37,2930.0,,
60980.0,-1.8900000000000006,46,3119.0,,
60985.0,-0.29999999999999716,45,3149.0,,
60990.0,1.4199999999999982,44,3007.0,,
60995.0,0.120000000000001,39,2995.0,,
61000.0,3.41,33,2654.0,,
61005.0,3.0199999999999996,32,2352.0,,
61010.0,-1.5599999999999987,29,2508.0,,
61015.0,-1.5600000000000023,35,2664.0,,
61020.0,-1.509999999999998,38,2815.0,,
61025.0,-1.7800000000000011,45,2993.0,,
61030.0,-0.120000000000001,46,3005.0,,
61035.0,1.5399999999999991,49,2851.0,,
61040.0,0.9400000000000013,45,2757.0,,
61045.0,2.330000000000002,38,2524.0,,
61050.0,0.41999999999999815,34,2482.0,,
61055.0,-1.759999999999998,35,2658.0,,
61060.0,-1.2100000000000009,35,2779.0,,
61065.0,-1.5700000000000003,45,2936.0,,
61070.0,-0.129999999999999,48,2949.0,,
61075.0,2.2399999999999984,47,2725.0,,
61080.0,1.2199999999999989,39,2603.0,,
61085.0,2.460000000000001,31,2357.0,,
61090.0,3.6099999999999994,29,1996.0,,
61095.0,-1.4299999999999997,27,2139.0,,
61100.0,-1.3900000000000006,31,2278.0,,
61105.0,0.33000000000000185,36,2245.0,,
61110.0,1.75,36,2070.0,,
61115.0,0.6099999999999994,31,2009.0,,
61120.0,1.6499999999999986,31,1844.0,,
61125.0,1.6500000000000021,34,1679.0,,
61130.0,-0.8500000000000014,30,1764.0,,
61135.0,-1.4899999999999984,33,1913.0,,
61140.0,-0.870000000000001,39,2000.0,,
61145.0,-0.8599999999999994,43,2086.0,,
61150.0,-0.120000000000001,45,2098.0,,
61155.0,2.41,44,1857.0,,
61160.0,-0.41999999999999815,38,1899.0,,
61165.0,1.2099999999999973,31,1778.0,,
61170.0,-0.9299999999999997,32,1871.0,,
61175.0,-1.6400000000000006,34,2035.0,,
61180.0,-1.3699999999999974,35,2172.0,,
61185.0,-2.030000000000001,44,2375.0,,
61190.0,-0.3000000000000007,47,2405.0,,
61195.0,1.1900000000000013,46,2286.0,,
61200.0,0.5799999999999983,38,2228.0,,
61205.0,1.4600000000000009,31,2082.0,,
61210.0,-0.6699999999999982,32,2149.0,,
61215.0,-1.7300000000000004,37,2322.0,,
61220.0,-1.6799999999999997,36,2490.0,,
61225.0,-1.9500000000000028,43,2685.0,,
61230.0,-0.33999999999999986,48,2719.0,,
61235.0,1.2000000000000028,44,2599.0,,
61240.0,-0.33999999999999986,38,2633.0,,
61245.0,1.6699999999999982,35,2466.0,,
61250.0,-1.7199999999999989,37,2638.0,,
61255.0,-1.870000000000001,40,2825.0,,
61260.0,-1.7100000000000009,39,2996.0,,
61265.0,-1.9699999999999989,47,3193.0,,
61270.0,-0.35999999999999943,49,3229.0,,
61275.0,1.259999999999998,48,3103.0,,
61280.0,1.0500000000000007,38,2998.0,,
61285.0,3.3900000000000006,34,2659.0,,
61290.0,3.0500000000000007,32,2354.0,,
61295.0,-0.620000000000001,29,2416.0,,
61300.0,-1.5300000000000011,32,2569.0,,
61305.0,0.19000000000000128,35,2550.0,,
61310.0,1.7399999999999984,33,2376.0,,
61315.0,0.5200000000000031,31,2324.0,,
61320.0,3.8699999999999974,37,1937.0,,
61325.0,1.1400000000000006,38,1823.0,,
61330.0,-1.0,34,1923.0,,
61335.0,-1.759999999999998,38,2099.0,,
61340.0,-0.9100000000000001,40,2190.0,,
61345.0,-0.28000000000000114,45,2218.0,,
61350.0,-0.17999999999999972,48,2236.0,,
61355.0,1.4100000000000001,49,2095.0,,
61360.0,0.5299999999999976,42,2042.0,,
61365.0,1.8900000000000006,35,1853.0,,
61370.0,1.3000000000000007,34,1723.0,,
61375.0,0.3500000000000014,31,1688.0,,
61380.0,-1.1000000000000014,30,1798.0,,
61385.0,-1.6799999999999997,36,1966.0,,
61390.0,-0.9800000000000004,39,2064.0,,
61395.0,-1.1600000000000001,47,2180.0,,
61400.0,-2.599999999999998,55,2440.0,,
61405.0,-0.41000000000000014,56,2481.0,,
61410.0,1.5399999999999991,53,2327.0,,
61415.0,-0.030000000000001137,41,2330.0,,
61420.0,1.379999999999999,33,2192.0,,
61425.0,1.0100000000000016,31,2091.0,,
61430.0,-0.8900000000000006,34,2180.0,,
61435.0,-1.7899999999999991,39,2359.0,,
61440.0,0.26000000000000156,39,2333.0,,
61445.0,3.0199999999999996,39,2031.0,,
61450.0,-0.3500000000000014,32,2066.0,,
61455.0,1.0500000000000007,31,1961.0,,
61460.0,0.8200000000000003,34,1879.0,,
61465.0,-1.3300000000000018,38,2012.0,,
61470.0,-1.8900000000000006,41,2201.0,,
61475.0,-1.0699999999999967,39,2308.0,,
61480.0,-0.9700000000000024,47,2405.0,,
61485.0,0.25,47,2380.0,,
61490.0,1.8500000000000014,46,2195.0,,
61495.0,-0.7600000000000016,39,2271.0,,
61500.0,1.0,31,2171.0,,
61505.0,2.1400000000000006,32,1957.0,,
61510.0,0.6799999999999997,30,1889.0,,
61515.0,-1.1400000000000006,31,2003.0,,
61520.0,-1.7399999999999984,37,2177.0,,
61525.0,0.4299999999999997,38,2134.0,,
61530.0,2.4499999999999993,37,1889.0,,
61535.0,-0.6899999999999977,34,1958.0,,
61540.0,0.22999999999999687,38,1935.0,,
61545.0,0.11000000000000298,40,1924.0,,
61550.0,-1.6300000000000026,39,2087.0,,
61555.0,-1.9800000000000004,42,2285.0,,
61560.0,-1.1099999999999994,44,2396.0,,
61565.0,-0.6899999999999977,51,2465.0,,
61570.0,0.11999999999999744,51,2453.0,,
61575.0,1.8500000000000014,53,2268.0,,
61580.0,-1.2800000000000011,46,2396.0,,
61585.0,1.0199999999999996,37,2294.0,,
61590.0,0.5,35,2244.0,,
61595.0,0.120000000000001,33,2232.0,,
61600.0,-1.2800000000000011,34,2360.0,,
61605.0,-1.9899999999999984,43,2559.0,,
61610.0,-1.3000000000000007,47,2689.0,,
61615.0,-1.259999999999998,50,2815.0,,
61620.0,0.3299999999999983,51,2782.0,,
61625.0,3.5500000000000007,50,2427.0,,
61630.0,-1.120000000000001,44,2539.0,,
61635.0,1.1799999999999997,32,2421.0,,
61640.0,0.6300000000000026,29,2358.0,,
61645.0,0.8099999999999987,30,2277.0,,
61650.0,1.509999999999998,27,2126.0,,
61655.0,3.030000000000001,27,1823.0,,
61660.0,1.2100000000000009,24,1702.0,,
61665.0,-0.9000000000000021,29,1792.0,,
61670.0,-0.41999999999999815,34,1834.0,,
61675.0,-0.129999999999999,40,1847.0,,
61680.0,-1.7200000000000024,43,2019.0,,
61685.0,-2.2399999999999984,44,2243.0,,
61690.0,0.25,40,2218.0,,
61695.0,2.3000000000000007,38,1988.0,,
61700.0,0.379999999999999,33,1950.0,,
61705.0,1.0,32,1850.0,,
61710.0,0.8399999999999999,32,1766.0,,
61715.0,0.33000000000000185,33,1733.0,,
61720.0,0.5899999999999999,29,1674.0,,
61725.0,2.959999999999999,26,1378.0,,
61730.0,0.7699999999999996,18,1301.0,,
61735.0,0.22000000000000064,26,1279.0,,
61740.0,-0.5800000000000001,35,1337.0,,
61745.0,-0.21000000000000085,38,1358.0,,
61750.0,-1.1600000000000001,39,1474.0,,
61755.0,-2.0200000000000014,39,1676.0,,
61760.0,0.0,37,1676.0,,
61765.0,1.450000000000001,33,1531.0,,
61770.0,0.17999999999999972,30,1513.0,,
61775.0,0.5600000000000005,30,1457.0,,
61780.0,-0.39000000000000057,31,1496.0,,
61785.0,-0.8299999999999983,36,1579.0,,
61790.0,0.02999999999999936,32,1576.0,,
61795.0,1.3200000000000003,31,1444.0,,
61800.0,-0.3200000000000003,26,1476.0,,
61805.0,0.6199999999999992,29,1414.0,,
61810.0,0.9400000000000013,29,1320.0,,
61815.0,-1.3800000000000008,26,1458.0,,
61820.0,-1.3900000000000006,31,1597.0,,
61825.0,0.120000000000001,33,1585.0,,
61830.0,1.8499999999999996,34,1400.0,,
61835.0,-0.41000000000000014,30,1441.0,,
61840.0,0.6899999999999995,31,1372.0,,
61845.0,0.7800000000000011,33,1294.0,,
61850.0,0.16999999999999993,29,1277.0,,
61855.0,-0.9900000000000002,28,1376.0,,
61860.0,-1.58,36,1534.0,,
61865.0,-0.8099999999999987,38,1615.0,,
61870.0,-0.7100000000000009,42,1686.0,,
61875.0,-0.33000000000000185,46,1719.0,,
61880.0,1.0700000000000003,43,1612.0,,
61885.0,-0.9399999999999977,38,1706.0,,
61890.0,0.1999999999999993,33,1686.0,,
61895.0,0.8000000000000007,36,1606.0,,
61900.0,-1.6900000000000013,33,1775.0,,
61905.0,-1.7800000000000011,38,1953.0,,
61910.0,-1.129999999999999,38,2066.0,,
61915.0,-1.2699999999999996,47,2193.0,,
61920.0,-0.21000000000000085,48,2214.0,,
61925.0,2.1700000000000017,46,1997.0,,
61930.0,0.04999999999999716,38,1992.0,,
61935.0,1.2300000000000004,33,1869.0,,
61940.0,0.9500000000000028,30,1774.0,,
61945.0,0.759999999999998,28,1698.0,,
61950.0,-0.46000000000000085,27,1744.0,,
61955.0,-1.5700000000000003,34,1901.0,,
61960.0,-0.9199999999999982,35,1993.0,,
61965.0,-1.1900000000000013,42,2112.0,,
61970.0,-0.0799999999999983,47,2120.0,,
61975.0,2.419999999999998,45,1878.0,,
61980.0,0.17999999999999972,41,1860.0,,
61985.0,0.870000000000001,34,1773.0,,
61990.0,0.8599999999999994,32,1687.0,,
61995.0,-0.5299999999999976,28,1740.0,,
62000.0,-1.4299999999999997,31,1883.0,,
62005.0,0.259999999999998,36,1857.0,,
62010.0,1.7100000000000009,35,1686.0,,
62015.0,0.39000000000000057,30,1647.0,,
62020.0,0.8099999999999987,32,1566.0,,
62025.0,0.6600000000000001,33,1500.0,,
62030.0,-0.2400000000000002,29,1524.0,,
62035.0,-0.7099999999999991,27,1595.0,,
62040.0,-1.6999999999999993,39,1765.0,,
62045.0,-0.5,39,1815.0,,
62050.0,-0.22000000000000242,43,1837.0,,
62055.0,-0.03999999999999915,44,1841.0,,
62060.0,1.5399999999999991,43,1687.0,,
62065.0,0.030000000000001137,36,1684.0,,
62070.0,0.5399999999999991,31,1630.0,,
62075.0,1.0200000000000014,30,1528.0,,
62080.0,-0.22000000000000064,30,1550.0,,
62085.0,1.2100000000000009,24,1429.0,,
62090.0,2.0999999999999996,21,1219.0,,
62095.0,0.5499999999999989,18,1164.0,,
62100.0,0.20000000000000107,18,1144.0,,
62105.0,-1.0300000000000011,24,1247.0,,
62110.0,-1.5899999999999999,36,1406.0,,
62115.0,-0.7599999999999998,41,1482.0,,
62120.0,-0.6400000000000006,46,1546.0,,
62125.0,-1.3599999999999994,48,1682.0,,
62130.0,-0.6900000000000013,48,1751.0,,
62135.0,0.11000000000000298,41,1740.0,,
62140.0,0.379999999999999,31,1702.0,,
62145.0,2.58,21,1444.0,,
62150.0,1.4699999999999989,18,1297.0,,
62155.0,0.02000000000000135,20,1295.0,,
62160.0,0.05999999999999872,18,1289.0,,
62165.0,-0.20999999999999908,28,1310.0,,
62170.0,0.2599999999999998,29,1284.0,,
62175.0,1.709999999999999,27,1113.0,,
62180.0,0.75,24,1038.0,,
62185.0,0.02000000000000135,31,1036.0,,
62190.0,-1.1600000000000001,32,1152.0,,
62195.0,-1.7200000000000006,35,1324.0,,
62200.0,-1.3499999999999996,32,1459.0,,
62205.0,-1.6099999999999994,41,1620.0,,
62210.0,-2.1999999999999993,47,1840.0,,
62215.0,-2.6000000000000014,56,2100.0,,
62220.0,-1.5799999999999983,54,2258.0,,
62225.0,-0.18000000000000327,48,2276.0,,
62230.0,-1.5799999999999983,44,2434.0,,
62235.0,-2.0100000000000016,39,2635.0,,
62240.0,0.5,34,2585.0,,
62245.0,2.5600000000000023,31,2329.0,,
62250.0,-0.13000000000000256,30,2342.0,,
62255.0,1.7100000000000009,33,2171.0,,
62260.0,-1.759999999999998,37,2347.0,,
62265.0,-2.0,41,2547.0,,
62270.0,-1.1099999999999994,39,2658.0,,
62275.0,-1.620000000000001,47,2820.0,,
62280.0,-0.05000000000000071,47,2825.0,,
62285.0,1.8599999999999994,46,2639.0,,
62290.0,0.4299999999999997,38,2596.0,,
62295.0,1.3399999999999999,34,2462.0,,
62300.0,2.7300000000000004,31,2189.0,,
62305.0,-1.509999999999998,30,2340.0,,
62310.0,-1.6600000000000001,36,2506.0,,
62315.0,0.3200000000000003,38,2474.0,,
62320.0,2.2799999999999976,34,2246.0,,
62325.0,0.08999999999999986,32,2237.0,,
62330.0,2.3500000000000014,35,2002.0,,
62335.0,1.5999999999999979,39,1842.0,,
62340.0,-1.6199999999999974,37,2004.0,,
62345.0,-1.9200000000000017,41,2196.0,,
62350.0,-1.0,42,2296.0,,
62355.0,-0.5299999999999976,46,2349.0,,
62360.0,-0.07000000000000028,49,2356.0,,
62365.0,1.6499999999999986,50,2191.0,,
62370.0,0.7800000000000011,44,2113.0,,
62375.0,1.6899999999999977,34,1944.0,,
62380.0,1.4100000000000001,32,1803.0,,
62385.0,0.6500000000000021,31,1738.0,,
62390.0,-1.120000000000001,30,1850.0,,
62395.0,-1.7300000000000004,37,2023.0,,
62400.0,-0.7800000000000011,43,2101.0,,
62405.0,-0.7299999999999969,46,2174.0,,
62410.0,-0.120000000000001,49,2186.0,,
62415.0,1.6600000000000001,48,2020.0,,
62420.0,-1.0600000000000023,41,2126.0,,
62425.0,0.5400000000000027,32,2072.0,,
62430.0,1.3999999999999986,31,1932.0,,
62435.0,-1.5300000000000011,31,2085.0,,
62440.0,-1.7799999999999976,40,2263.0,,
62445.0,-1.370000000000001,40,2400.0,,
62450.0,-1.8000000000000007,47,2580.0,,
62455.0,-0.09999999999999787,49,2590.0,,
62460.0,1.9899999999999984,47,2391.0,,
62465.0,1.1400000000000006,40,2277.0,,
62470.0,1.759999999999998,31,2101.0,,
62475.0,0.9400000000000013,32,2007.0,,
62480.0,-0.9600000000000009,30,2103.0,,
62485.0,-1.5799999999999983,35,2261.0,,
62490.0,0.35999999999999943,38,2225.0,,
62495.0,2.1999999999999993,35,2005.0,,
62500.0,-0.4800000000000004,33,2053.0,,
62505.0,0.8200000000000003,33,1971.0,,
62510.0,1.620000000000001,38,1809.0,,
62515.0,-0.8500000000000014,33,1894.0,,
62520.0,-0.5399999999999991,33,1948.0,,
62525.0,0.5300000000000011,35,1895.0,,
62530.0,3.8499999999999996,33,1510.0,,
62535.0,-0.3000000000000007,28,1540.0,,
62540.0,1.2400000000000002,25,1416.0,,
62545.0,0.8000000000000007,34,1336.0,,
62550.0,-1.4600000000000009,31,1482.0,,
62555.0,-1.7199999999999989,36,1654.0,,
62560.0,-1.3500000000000014,39,1789.0,,
62565.0,-1.6699999999999982,46,1956.0,,
62570.0,-0.2699999999999996,46,1983.0,,
62575.0,2.1599999999999966,47,1767.0,,
62580.0,-0.9099999999999966,41,1858.0,,
62585.0,0.7999999999999972,33,1778.0,,
62590.0,0.8399999999999999,31,1694.0,,
62595.0,0.8000000000000007,31,1614.0,,
62600.0,0.5500000000000007,24,1559.0,,
62605.0,2.1400000000000006,19,1345.0,,
62610.0,0.28999999999999915,18,1316.0,,
62615.0,-0.5399999999999991,27,1370.0,,
62620.0,-0.6400000000000006,37,1434.0,,
62625.0,0.10999999999999943,38,1423.0,,
62630.0,0.4299999999999997,38,1380.0,,
62635.0,-1.3199999999999985,33,1512.0,,
62640.0,-1.540000000000001,32,1666.0,,
62645.0,0.3500000000000014,33,1631.0,,
62650.0,1.8699999999999992,30,1444.0,,
62655.0,0.129999999999999,30,1431.0,,
62660.0,1.0700000000000003,30,1324.0,,
62665.0,-0.08000000000000007,34,1332.0,,
62670.0,-0.11999999999999922,29,1344.0,,
62675.0,0.7400000000000002,22,1270.0,,
62680.0,2.469999999999999,16,1023.0,,
62685.0,0.6600000000000001,14,957.0,,
62690.0,0.41000000000000014,20,916.0,,
62695.0,-0.7599999999999998,26,992.0,,
62700.0,-1.4600000000000009,33,1138.0,,
62705.0,-0.33999999999999986,33,1172.0,,
62710.0,-0.02999999999999936,39,1175.0,,
62715.0,-1.1899999999999995,39,1294.0,,
62720.0,-0.9199999999999999,41,1386.0,,
62725.0,-0.7100000000000009,40,1457.0,,
62730.0,-1.4800000000000004,33,1605.0,,
62735.0,-1.0899999999999999,31,1714.0,,
62740.0,0.5500000000000007,33,1659.0,,
62745.0,2.76,31,1383.0,,
62750.0,0.14000000000000057,29,1369.0,,
62755.0,-0.16000000000000014,24,1385.0,,
62760.0,0.16999999999999993,32,1368.0,,
62765.0,-1.4100000000000001,29,1509.0,,
62770.0,-1.5199999999999996,33,1661.0,,
62775.0,-1.490000000000002,37,1810.0,,
62780.0,-1.8099999999999987,44,1991.0,,
62785.0,-1.4299999999999997,45,2134.0,,
62790.0,-0.5300000000000011,46,2187.0,,
62795.0,0.08999999999999986,42,2178.0,,
62800.0,0.6700000000000017,31,2111.0,,
62805.0,3.169999999999998,24,1794.0,,
62810.0,-0.13999999999999702,18,1808.0,,
62815.0,0.7299999999999969,16,1735.0,,
62820.0,-0.5999999999999979,23,1795.0,,
62825.0,-1.4600000000000009,35,1941.0,,
62830.0,-1.1999999999999993,39,2061.0,,
62835.0,-1.6099999999999994,48,2222.0,,
62840.0,-0.030000000000001137,51,2225.0,,
62845.0,2.0199999999999996,48,2023.0,,
62850.0,0.879999999999999,41,1935.0,,
62855.0,0.3000000000000007,33,1905.0,,
62860.0,0.7200000000000024,31,1833.0,,
62865.0,-0.7700000000000031,29,1910.0,,
62870.0,-1.5399999999999991,34,2064.0,,
62875.0,0.3500000000000014,38,2029.0,,
62880.0,2.219999999999999,33,1807.0,,
62885.0,0.5399999999999991,30,1753.0,,
62890.0,0.5700000000000003,31,1696.0,,
62895.0,0.620000000000001,33,1634.0,,
62900.0,-0.19000000000000128,32,1653.0,,
62905.0,-0.8399999999999999,32,1737.0,,
62910.0,-1.8099999999999987,40,1918.0,,
62915.0,-0.8300000000000018,40,2001.0,,
62920.0,-0.3999999999999986,44,2041.0,,
62925.0,0.120000000000001,46,2029.0,,
62930.0,1.8099999999999987,44,1848.0,,
62935.0,-0.9699999999999989,40,1945.0,,
62940.0,1.0999999999999979,34,1835.0,,
62945.0,0.21000000000000085,33,1814.0,,
62950.0,-0.030000000000001137,33,1817.0,,
62955.0,1.1500000000000021,25,1702.0,,
62960.0,2.5700000000000003,22,1445.0,,
62965.0,1.3699999999999992,18,1308.0,,
62970.0,-0.4299999999999997,27,1351.0,,
62975.0,-0.6699999999999999,36,1418.0,,
62980.0,-0.6099999999999994,41,1479.0,,
62985.0,-1.9200000000000017,43,1671.0,,
62990.0,-2.0700000000000003,41,1878.0,,
62995.0,-1.6499999999999986,41,2043.0,,
63000.0,-1.879999999999999,48,2231.0,,
63005.0,-0.2699999999999996,50,2258.0,,
63010.0,1.3999999999999986,46,2118.0,,
63015.0,-0.26000000000000156,42,2144.0,,
63020.0,0.610000000000003,34,2083.0,,
63025.0,1.8399999999999999,30,1899.0,,
63030.0,0.35999999999999943,28,1863.0,,
63035.0,-0.620000000000001,27,1925.0,,
63040.0,-1.6099999999999994,36,2086.0,,
63045.0,-1.2899999999999991,40,2215.0,,
63050.0,-1.5300000000000011,47,2368.0,,
63055.0,-0.21000000000000085,50,2389.0,,
63060.0,1.6400000000000006,49,2225.0,,
63065.0,-0.3200000000000003,43,2257.0,,
63070.0,0.5500000000000007,34,2202.0,,
63075.0,1.879999999999999,30,2014.0,,
63080.0,-0.8499999999999979,29,2099.0,,
63085.0,-1.6400000000000006,37,2263.0,,
63090.0,-1.6600000000000001,41,2429.0,,
63095.0,-2.0700000000000003,48,2636.0,,
63100.0,-0.05000000000000071,49,2641.0,,
63105.0,1.8900000000000006,49,2452.0,,
63110.0,1.2899999999999991,38,2323.0,,
63115.0,1.9400000000000013,29,2129.0,,
63120.0,1.1999999999999993,31,2009.0,,
63125.0,-1.3900000000000006,28,2148.0,,
63130.0,-1.5599999999999987,34,2304.0,,
63135.0,0.3000000000000007,36,2274.0,,
63140.0,2.0799999999999983,35,2066.0,,
63145.0,1.4299999999999997,27,1923.0,,
63150.0,1.0300000000000011,30,1820.0,,
63155.0,1.9199999999999982,34,1628.0,,
63160.0,-0.75,27,1703.0,,
63165.0,-0.48999999999999844,29,1752.0,,
63170.0,0.28999999999999915,32,1723.0,,
63175.0,1.7800000000000011,31,1545.0,,
63180.0,1.4299999999999997,28,1402.0,,
63185.0,1.2599999999999998,25,1276.0,,
63190.0,0.9800000000000004,30,1178.0,,
63195.0,-0.9300000000000015,28,1271.0,,
63200.0,-1.5399999999999991,34,1425.0,,
63205.0,-0.9299999999999997,33,1518.0,,
63210.0,-1.379999999999999,41,1656.0,,
63215.0,-1.1400000000000006,43,1770.0,,
63220.0,-0.129999999999999,42,1783.0,,
63225.0,-1.6600000000000001,41,1949.0,,
63230.0,-2.0700000000000003,42,2156.0,,
63235.0,0.2699999999999996,38,2129.0,,
63240.0,2.169999999999998,35,1912.0,,
63245.0,-0.629999999999999,32,1975.0,,
63250.0,0.379999999999999,33,1937.0,,
63255.0,0.490000000000002,34,1888.0,,
63260.0,-1.6400000000000006,33,2052.0,,
63265.0,-1.8200000000000003,41,2234.0,,
63270.0,-1.2399999999999984,42,2358.0,,
63275.0,-1.2600000000000016,46,2484.0,,
63280.0,0.030000000000001137,50,2481.0,,
63285.0,1.9899999999999984,46,2282.0,,
63290.0,-0.1999999999999993,42,2302.0,,
63295.0,0.5399999999999991,31,2248.0,,
63300.0,1.3500000000000014,30,2113.0,,
63305.0,1.0399999999999991,30,2009.0,,
63310.0,-1.4800000000000004,31,2157.0,,
63315.0,-1.8000000000000007,39,2337.0,,
63320.0,0.4400000000000013,40,2293.0,,
63325.0,2.4400000000000013,38,2049.0,,
63330.0,1.2199999999999989,33,1927.0,,
63335.0,0.39000000000000057,35,1888.0,,
63340.0,0.14999999999999858,39,1873.0,,
63345.0,-1.7100000000000009,36,2044.0,,
63350.0,-1.8399999999999999,40,2228.0,,
63355.0,-0.7799999999999976,42,2306.0,,
63360.0,-0.39000000000000057,47,2345.0,,
63365.0,-0.15000000000000213,51,2360.0,,
63370.0,1.7900000000000027,51,2181.0,,
63375.0,-1.2100000000000009,49,2302.0,,
63380.0,0.21999999999999886,38,2280.0,,
63385.0,1.0,35,2180.0,,
63390.0,-0.6699999999999982,28,2247.0,,
63395.0,-0.46000000000000085,30,2293.0,,
63400.0,0.8599999999999994,35,2207.0,,
63405.0,2.469999999999999,33,1960.0,,
63410.0,1.0700000000000003,34,1853.0,,
63415.0,0.4800000000000004,30,1805.0,,
63420.0,-0.8399999999999999,32,1889.0,,
63425.0,-1.6699999999999982,34,2056.0,,
63430.0,-1.2699999999999996,37,2183.0,,
63435.0,-1.7000000000000028,44,2353.0,,
63440.0,-1.0299999999999976,46,2456.0,,
63445.0,0.09999999999999787,47,2446.0,,
63450.0,0.8300000000000018,46,2363.0,,
63455.0,0.4299999999999997,33,2320.0,,
63460.0,3.0299999999999976,26,2017.0,,
63465.0,-0.04999999999999716,23,2022.0,,
63470.0,1.0499999999999972,21,1917.0,,
63475.0,-0.25,25,1942.0,,
63480.0,-1.5399999999999991,35,2096.0,,
63485.0,-1.1899999999999977,38,2215.0,,
63490.0,-1.2800000000000011,47,2343.0,,
63495.0,-0.08000000000000185,51,2351.0,,
63500.0,2.710000000000001,49,2080.0,,
63505.0,0.17999999999999972,41,2062.0,,
63510.0,0.33000000000000185,33,2029.0,,
63515.0,1.4100000000000001,28,1888.0,,
63520.0,0.33999999999999986,30,1854.0,,
63525.0,1.2699999999999996,22,1727.0,,
63530.0,2.67,22,1460.0,,
63535.0,0.5499999999999989,20,1405.0,,
63540.0,0.5600000000000005,17,1349.0,,
63545.0,-0.6799999999999997,21,1417.0,,
63550.0,-1.3499999999999996,34,1552.0,,
63555.0,-0.8300000000000018,39,1635.0,,
63560.0,-0.8699999999999974,44,1722.0,,
63565.0,-1.4100000000000001,47,1863.0,,
63570.0,-0.8100000000000023,48,1944.0,,
63575.0,-0.09999999999999787,44,1954.0,,
63580.0,0.3999999999999986,33,1914.0,,
63585.0,2.830000000000002,24,1631.0,,
63590.0,0.4499999999999993,25,1586.0,,
63595.0,-1.0800000000000018,32,1694.0,,
63600.0,-1.0799999999999983,38,1802.0,,
63605.0,-0.379999999999999,38,1840.0,,
63610.0,-0.5500000000000007,37,1895.0,,
63615.0,-1.7100000000000009,32,2066.0,,
63620.0,-1.6799999999999997,35,2234.0,,
63625.0,0.6099999999999994,37,2173.0,,
63630.0,3.370000000000001,39,1836.0,,
63635.0,-0.8200000000000003,32,1918.0,,
63640.0,0.620000000000001,30,1856.0,,
63645.0,0.389999999999997,32,1817.0,,
63650.0,0.010000000000001563,29,1816.0,,
63655.0,1.1900000000000013,25,1697.0,,
63660.0,2.5799999999999983,27,1439.0,,
63665.0,0.3600000000000012,21,1403.0,,
63670.0,-0.2900000000000009,27,1432.0,,
63675.0,-0.8699999999999992,37,1519.0,,
63680.0,-0.3200000000000003,39,1551.0,,
63685.0,-0.15000000000000036,40,1566.0,,
63690.0,-0.620000000000001,32,1628.0,,
63695.0,0.9400000000000013,26,1534.0,,
63700.0,2.3499999999999996,26,1299.0,,
63705.0,0.040000000000000924,22,1295.0,,
63710.0,-0.2900000000000009,20,1324.0,,
63715.0,-0.6799999999999997,27,1392.0,,
63720.0,-1.5500000000000007,35,1547.0,,
63725.0,-0.7299999999999986,38,1620.0,,
63730.0,-1.0300000000000011,47,1723.0,,
63735.0,-0.3099999999999987,51,1754.0,,
63740.0,1.1799999999999997,50,1636.0,,
63745.0,-0.6999999999999993,40,1706.0,,
63750.0,-0.14000000000000057,33,1720.0,,
63755.0,0.8299999999999983,30,1637.0,,
63760.0,-1.4299999999999997,27,1780.0,,
63765.0,-1.5199999999999996,33,1932.0,,
63770.0,0.05000000000000071,38,1927.0,,
63775.0,2.0700000000000003,36,1720.0,,
63780.0,0.16000000000000014,31,1704.0,,
63785.0,-1.3000000000000007,39,1834.0,,
63790.0,-1.0399999999999991,45,1938.0,,
63795.0,0.0799999999999983,38,1930.0,,
63800.0,1.1900000000000013,34,1811.0,,
63805.0,-1.5600000000000023,29,1967.0,,
63810.0,-1.4499999999999993,30,2112.0,,
63815.0,0.33000000000000185,31,2079.0,,
63820.0,1.9499999999999993,28,1884.0,,
63825.0,0.379999999999999,28,1846.0,,
63830.0,1.3100000000000023,24,1715.0,,
63835.0,2.1999999999999993,27,1495.0,,
63840.0,-1.3100000000000023,27,1626.0,,
63845.0,-1.4199999999999982,31,1768.0,,
63850.0,-1.5800000000000018,36,1926.0,,
63855.0,-1.8099999999999987,43,2107.0,,
63860.0,-0.16999999999999815,44,2124.0,,
63865.0,1.5,45,1974.0,,
63870.0,1.9599999999999973,44,1778.0,,
63875.0,-0.17999999999999972,36,1796.0,,
63880.0,1.4800000000000004,33,1648.0,,
63885.0,1.5500000000000007,29,1493.0,,
63890.0,1.0399999999999991,24,1389.0,,
63895.0,-0.22999999999999865,18,1412.0,,
63900.0,-0.7900000000000009,24,1491.0,,
63905.0,0.33999999999999986,26,1457.0,,
63910.0,1.5199999999999996,29,1305.0,,
63915.0,0.28000000000000114,32,1277.0,,
63920.0,0.5399999999999991,31,1223.0,,
63925.0,0.9199999999999999,31,1131.0,,
63930.0,-0.9699999999999989,25,1228.0,,
63935.0,-1.3800000000000008,30,1366.0,,
63940.0,-0.9900000000000002,33,1465.0,,
63945.0,-1.2799999999999994,40,1593.0,,
63950.0,-0.9499999999999993,40,1688.0,,
63955.0,0.14999999999999858,42,1673.0,,
63960.0,-0.05000000000000071,36,1678.0,,
63965.0,-1.2999999999999972,30,1808.0,,
63970.0,-1.5,31,1958.0,,
63975.0,0.629999999999999,32,1895.0,,
63980.0,3.0199999999999996,30,1593.0,,
63985.0,-0.6499999999999986,30,1658.0,,
63990.0,-0.0400000000000027,32,1662.0,,
63995.0,0.5300000000000011,32,1609.0,,
64000.0,-1.1900000000000013,29,1728.0,,
64005.0,-1.509999999999998,34,1879.0,,
64010.0,-1.3300000000000018,38,2012.0,,
64015.0,-1.6600000000000001,46,2178.0,,
64020.0,-1.2699999999999996,46,2305.0,,
64025.0,-0.7100000000000009,48,2376.0,,
64030.0,0.07000000000000028,43,2369.0,,
64035.0,0.7300000000000004,32,2296.0,,
64040.0,3.4800000000000004,22,1948.0,,
64045.0,-0.14000000000000057,19,1962.0,,
64050.0,0.2900000000000027,20,1933.0,,
64055.0,-0.6500000000000021,22,1998.0,,
64060.0,-1.5399999999999991,34,2152.0,,
64065.0,-1.0599999999999987,39,2258.0,,
64070.0,-1.8800000000000026,47,2446.0,,
64075.0,0.16000000000000014,50,2430.0,,
64080.0,2.1400000000000006,49,2216.0,,
64085.0,1.0399999999999991,40,2112.0,,
64090.0,0.9600000000000009,31,2016.0,,
64095.0,0.4400000000000013,30,1972.0,,
64100.0,-0.8500000000000014,25,2057.0,,
64105.0,-1.1999999999999993,29,2177.0,,
64110.0,0.7300000000000004,34,2104.0,,
64115.0,2.629999999999999,30,1841.0,,
64120.0,-0.3099999999999987,26,1872.0,,
64125.0,1.1099999999999994,25,1761.0,,
64130.0,-0.07000000000000028,33,1768.0,,
64135.0,0.4800000000000004,31,1720.0,,
64140.0,-0.8900000000000006,29,1809.0,,
64145.0,-1.6700000000000017,36,1976.0,,
64150.0,0.46000000000000085,37,1930.0,,
64155.0,2.289999999999999,33,1701.0,,
64160.0,-1.0699999999999967,36,1808.0,,
64165.0,-1.3400000000000034,44,1942.0,,
64170.0,-1.0699999999999967,48,2049.0,,
64175.0,0.06999999999999673,43,2042.0,,
64180.0,0.28000000000000114,38,2014.0,,
64185.0,0.5399999999999991,28,1960.0,,
64190.0,2.8100000000000023,20,1679.0,,
64195.0,-0.10999999999999943,17,1690.0,,
64200.0,0.5899999999999999,22,1631.0,,
64205.0,-1.0700000000000003,25,1738.0,,
64210.0,-1.5100000000000016,34,1889.0,,
64215.0,-1.2800000000000011,38,2017.0,,
64220.0,-1.7899999999999991,49,2196.0,,
64225.0,-0.28999999999999915,52,2225.0,,
64230.0,1.4400000000000013,49,2081.0,,
64235.0,-0.40000000000000213,42,2121.0,,
64240.0,0.21000000000000085,37,2100.0,,
64245.0,0.8200000000000003,32,2018.0,,
64250.0,0.7899999999999991,29,1939.0,,
64255.0,1.120000000000001,24,1827.0,,
64260.0,3.42,21,1485.0,,
64265.0,0.4299999999999997,18,1442.0,,
64270.0,0.6199999999999992,16,1380.0,,
64275.0,0.39000000000000057,19,1341.0,,
64280.0,-0.25,27,1366.0,,
64285.0,-1.2699999999999996,32,1493.0,,
64290.0,-2.0,45,1693.0,,
64295.0,-1.3300000000000018,45,1826.0,,
64300.0,-0.019999999999999574,43,1828.0,,
64305.0,-0.07000000000000028,40,1835.0,,
64310.0,0.5600000000000023,32,1779.0,,
64315.0,2.4799999999999986,25,1531.0,,
64320.0,0.5700000000000003,23,1474.0,,
64325.0,-0.9900000000000002,31,1573.0,,
64330.0,-0.8099999999999987,34,1654.0,,
64335.0,-0.5300000000000011,34,1707.0,,
64340.0,-0.17999999999999972,35,1725.0,,
64345.0,-1.7600000000000016,36,1901.0,,
64350.0,-1.7999999999999972,38,2081.0,,
64355.0,0.29999999999999716,39,2051.0,,
64360.0,2.1900000000000013,36,1832.0,,
64365.0,-0.8200000000000003,32,1914.0,,
64370.0,0.3500000000000014,35,1879.0,,
64375.0,-0.9700000000000024,32,1976.0,,
64380.0,-0.9699999999999989,31,2073.0,,
64385.0,0.5700000000000003,33,2016.0,,
64390.0,2.1000000000000014,33,1806.0,,
64395.0,1.1699999999999982,31,1689.0,,
64400.0,0.5899999999999999,31,1630.0,,
64405.0,1.1400000000000006,26,1516.0,,
64410.0,0.6099999999999994,24,1455.0,,
64415.0,-0.7299999999999986,25,1528.0,,
64420.0,-1.6100000000000012,36,1689.0,,
64425.0,-1.4100000000000001,38,1830.0,,
64430.0,-1.7899999999999991,44,2009.0,,
64435.0,-0.14000000000000057,46,2023.0,,
64440.0,1.620000000000001,44,1861.0,,
64445.0,0.629999999999999,38,1798.0,,
64450.0,0.33000000000000185,30,1765.0,,
64455.0,1.3099999999999987,30,1634.0,,
64460.0,0.7200000000000006,26,1562.0,,
64465.0,-0.8900000000000023,22,1651.0,,
64470.0,-1.1899999999999977,30,1770.0,,
64475.0,0.5,31,1720.0,,
64480.0,2.0599999999999987,29,1514.0,,
64485.0,1.1100000000000012,28,1403.0,,
64490.0,-0.05000000000000071,32,1408.0,,
64495.0,0.4299999999999997,32,1365.0,,
64500.0,-1.1899999999999995,25,1484.0,,
64505.0,-1.370000000000001,30,1621.0,,
64510.0,0.10000000000000142,34,1611.0,,
64515.0,1.549999999999999,31,1456.0,,
64520.0,-0.6099999999999994,31,1517.0,,
64525.0,0.8100000000000005,33,1436.0,,
64530.0,-0.8200000000000003,32,1518.0,,
64535.0,-0.45000000000000107,28,1563.0,,
64540.0,0.2900000000000009,28,1534.0,,
64545.0,1.459999999999999,29,1388.0,,
64550.0,0.9400000000000013,27,1294.0,,
64555.0,0.41000000000000014,27,1253.0,,
64560.0,0.46999999999999886,33,1206.0,,
64565.0,-0.9699999999999989,27,1303.0,,
64570.0,-1.450000000000001,31,1448.0,,
64575.0,-1.0999999999999996,33,1558.0,,
64580.0,-1.4099999999999984,40,1699.0,,
64585.0,-1.0300000000000011,40,1802.0,,
64590.0,0.00999999999999801,40,1801.0,,
64595.0,0.4700000000000024,38,1754.0,,
64600.0,-0.40000000000000213,33,1794.0,,
64605.0,1.3900000000000006,24,1655.0,,
64610.0,2.6500000000000004,23,1390.0,,
64615.0,-0.29999999999999893,19,1420.0,,
64620.0,0.33000000000000007,16,1387.0,,
64625.0,-1.0200000000000014,22,1489.0,,
64630.0,-1.4600000000000009,35,1635.0,,
64635.0,-1.1999999999999993,39,1755.0,,
64640.0,-1.3499999999999979,48,1890.0,,
64645.0,-1.4700000000000024,51,2037.0,,
64650.0,-1.0700000000000003,47,2144.0,,
64655.0,-0.4499999999999993,42,2189.0,,
64660.0,0.6500000000000021,32,2124.0,,
64665.0,3.34,21,1790.0,,
64670.0,0.8699999999999974,22,1703.0,,
64675.0,-0.10999999999999943,20,1714.0,,
64680.0,0.05000000000000071,22,1709.0,,
64685.0,1.1400000000000006,20,1595.0,,
64690.0,3.889999999999999,20,1206.0,,
64695.0,0.11000000000000121,18,1195.0,,
64700.0,0.049999999999998934,19,1190.0,,
64705.0,0.3600000000000012,22,1154.0,,
64710.0,-0.07000000000000028,27,1161.0,,
64715.0,-0.9700000000000006,33,1258.0,,
64720.0,-0.47000000000000064,30,1305.0,,
64725.0,-0.9699999999999989,30,1402.0,,
64730.0,-1.5600000000000005,35,1558.0,,
64735.0,0.4399999999999995,36,1514.0,,
64740.0,2.200000000000001,35,1294.0,,
64745.0,0.5199999999999996,32,1242.0,,
64750.0,-0.7100000000000009,32,1313.0,,
64755.0,-0.48999999999999844,33,1362.0,,
64760.0,-0.6400000000000006,27,1426.0,,
64765.0,-0.02999999999999936,21,1429.0,,
64770.0,-0.3500000000000014,31,1464.0,,
64775.0,0.3800000000000008,32,1426.0,,
64780.0,1.799999999999999,32,1246.0,,
64785.0,-0.33999999999999986,29,1280.0,,
64790.0,-0.009999999999999787,28,1281.0,,
64795.0,-1.1999999999999993,32,1401.0,,
64800.0,-1.700000000000001,34,1571.0,,
64805.0,-1.1699999999999982,36,1688.0,,
64810.0,-1.8599999999999994,46,1874.0,,
64815.0,-1.4200000000000017,48,2016.0,,
64820.0,-0.129999999999999,46,2029.0,,
64825.0,-0.17999999999999972,40,2047.0,,
64830.0,-1.8000000000000007,34,2227.0,,
64835.0,-1.6700000000000017,34,2394.0,,
64840.0,0.6799999999999997,35,2326.0,,
64845.0,2.620000000000001,35,2064.0,,
64850.0,-0.8599999999999994,36,2150.0,,
64855.0,0.25,36,2125.0,,
64860.0,-1.6000000000000014,37,2285.0,,
64865.0,-1.9299999999999997,39,2478.0,,
64870.0,0.3100000000000023,40,2447.0,,
64875.0,2.0700000000000003,39,2240.0,,
64880.0,-0.870000000000001,38,2327.0,,
64885.0,0.14000000000000057,39,2313.0,,
64890.0,-0.8399999999999999,37,2397.0,,
64895.0,-0.4400000000000013,36,2441.0,,
64900.0,0.6700000000000017,34,2374.0,,
64905.0,2.1899999999999977,35,2155.0,,
64910.0,-0.3000000000000007,35,2185.0,,
64915.0,1.0300000000000011,32,2082.0,,
64920.0,1.8099999999999987,33,1901.0,,
64925.0,-1.5399999999999991,30,2055.0,,
64930.0,-1.6699999999999982,38,2222.0,,
64935.0,0.16999999999999815,39,2205.0,,
64940.0,2.289999999999999,36,1976.0,,
64945.0,-0.3999999999999986,34,2016.0,,
64950.0,0.5800000000000018,33,1958.0,,
64955.0,1.5899999999999999,35,1799.0,,
64960.0,0.019999999999999574,27,1797.0,,
64965.0,-0.060000000000002274,29,1803.0,,
64970.0,0.39000000000000057,33,1764.0,,
64975.0,1.83,32,1581.0,,
64980.0,-0.4900000000000002,30,1630.0,,
64985.0,0.6400000000000006,31,1566.0,,
64990.0,0.8000000000000007,32,1486.0,,
64995.0,-0.41000000000000014,33,1527.0,,
65000.0,-1.0899999999999999,30,1636.0,,
65005.0,-1.7100000000000009,37,1807.0,,
65010.0,-1.0199999999999996,38,1909.0,,
65015.0,-1.0399999999999991,43,2013.0,,
65020.0,0.21999999999999886,45,1991.0,,
65025.0,1.8200000000000003,43,1809.0,,
65030.0,-0.6400000000000006,43,1873.0,,
65035.0,0.2699999999999996,36,1846.0,,
65040.0,0.1700000000000017,31,1829.0,,
65045.0,0.5,28,1779.0,,
65050.0,0.7300000000000004,23,1706.0,,
65055.0,2.2799999999999994,23,1478.0,,
65060.0,-0.3100000000000005,19,1509.0,,
65065.0,-0.13000000000000078,27,1522.0,,
65070.0,-0.8699999999999992,26,1609.0,,
65075.0,-1.4299999999999997,33,1752.0,,
65080.0,-0.7699999999999996,35,1829.0,,
65085.0,-0.6700000000000017,45,1896.0,,
65090.0,-0.07000000000000028,47,1903.0,,
65095.0,1.3100000000000023,45,1772.0,,
65100.0,-0.8399999999999999,46,1856.0,,
65105.0,-0.22000000000000242,40,1878.0,,
65110.0,0.870000000000001,34,1791.0,,
65115.0,-0.129999999999999,29,1804.0,,
65120.0,-0.3000000000000007,23,1834.0,,
65125.0,-0.8099999999999987,31,1915.0,,
65130.0,0.4599999999999973,32,1869.0,,
65135.0,2.110000000000003,33,1658.0,,
65140.0,-0.9800000000000004,36,1756.0,,
65145.0,0.09999999999999787,36,1746.0,,
65150.0,-1.0299999999999976,34,1849.0,,
65155.0,-1.6500000000000021,33,2014.0,,
65160.0,-1.2699999999999996,35,2141.0,,
65165.0,-1.620000000000001,46,2303.0,,
65170.0,-1.3299999999999983,49,2436.0,,
65175.0,-0.41000000000000014,48,2477.0,,
65180.0,0.05999999999999872,46,2471.0,,
65185.0,0.5199999999999996,32,2419.0,,
65190.0,3.09,25,2110.0,,
65195.0,0.26000000000000156,22,2084.0,,
65200.0,0.19000000000000128,20,2065.0,,
65205.0,-0.46000000000000085,25,2111.0,,
65210.0,-1.5199999999999996,33,2263.0,,
65215.0,-0.9100000000000001,35,2354.0,,
65220.0,-1.0199999999999996,45,2456.0,,
65225.0,0.17999999999999972,47,2438.0,,
65230.0,3.59,45,2079.0,,
65235.0,-1.0600000000000023,42,2185.0,,
65240.0,0.3000000000000007,34,2155.0,,
65245.0,1.3100000000000023,28,2024.0,,
65250.0,0.4299999999999997,25,1981.0,,
65255.0,-0.870000000000001,26,2068.0,,
65260.0,-1.5899999999999999,35,2227.0,,
65265.0,0.41999999999999815,38,2185.0,,
65270.0,2.41,34,1944.0,,
65275.0,-0.8399999999999999,34,2028.0,,
65280.0,-0.18999999999999773,36,2047.0,,
65285.0,0.23000000000000043,38,2024.0,,
65290.0,-1.6000000000000014,35,2184.0,,
65295.0,-1.75,37,2359.0,,
65300.0,-1.0199999999999996,43,2461.0,,
65305.0,-0.5700000000000003,47,2518.0,,
65310.0,0.3200000000000003,49,2486.0,,
65315.0,2.129999999999999,49,2273.0,,
65320.0,-0.5700000000000003,44,2330.0,,
65325.0,0.379999999999999,37,2292.0,,
65330.0,0.9400000000000013,31,2198.0,,
65335.0,0.8500000000000014,22,2113.0,,
65340.0,2.9499999999999993,16,1818.0,,
65345.0,1.120000000000001,21,1706.0,,
65350.0,0.5799999999999983,20,1648.0,,
65355.0,-0.8299999999999983,25,1731.0,,
65360.0,-1.4700000000000024,32,1878.0,,
65365.0,-0.8099999999999987,36,1959.0,,
65370.0,-0.8000000000000007,44,2039.0,,
65375.0,-0.9899999999999984,47,2138.0,,
65380.0,-0.240000000000002,46,2162.0,,
65385.0,0.240000000000002,42,2138.0,,
65390.0,0.6400000000000006,33,2074.0,,
65395.0,2.8599999999999994,24,1788.0,,
65400.0,-0.25,21,1813.0,,
65405.0,0.8699999999999974,19,1726.0,,
65410.0,0.020000000000003126,16,1724.0,,
65415.0,-0.7100000000000009,26,1795.0,,
65420.0,0.759999999999998,29,1719.0,,
65425.0,2.1900000000000013,35,1500.0,,
65430.0,0.08000000000000007,34,1492.0,,
65435.0,-0.34999999999999964,32,1527.0,,
65440.0,0.10999999999999943,32,1516.0,,
65445.0,-1.0,26,1616.0,,
65450.0,-1.3900000000000006,29,1755.0,,
65455.0,-1.1899999999999977,39,1874.0,,
65460.0,-1.5300000000000011,46,2027.0,,
65465.0,-0.21000000000000085,49,2048.0,,
65470.0,1.490000000000002,46,1899.0,,
65475.0,-1.2600000000000016,43,2025.0,,
65480.0,0.05000000000000071,36,2020.0,,
65485.0,0.5999999999999979,30,1960.0,,
65490.0,0.0,26,1960.0,,
65495.0,-0.5499999999999972,26,2015.0,,
65500.0,-1.6600000000000001,37,2181.0,,
65505.0,0.2799999999999976,41,2153.0,,
65510.0,2.0400000000000027,37,1949.0,,
65515.0,-0.18000000000000327,35,1967.0,,
65520.0,0.25,32,1942.0,,
65525.0,-0.7999999999999972,30,2022.0,,
65530.0,-0.7800000000000011,34,2100.0,,
65535.0,0.3200000000000003,34,2068.0,,
65540.0,2.870000000000001,35,1781.0,,
65545.0,-0.4400000000000013,34,1825.0,,
65550.0,0.4499999999999993,32,1780.0,,
65555.0,0.9200000000000017,30,1688.0,,
65560.0,0.9799999999999986,23,1590.0,,
65565.0,-0.8699999999999992,25,1677.0,,
65570.0,-1.620000000000001,37,1839.0,,
65575.0,0.15000000000000213,40,1824.0,,
65580.0,1.6600000000000001,36,1658.0,,
65585.0,0.46999999999999886,35,1611.0,,
65590.0,-0.030000000000001137,32,1614.0,,
65595.0,0.15000000000000036,28,1599.0,,
65600.0,-0.22999999999999865,28,1622.0,,
65605.0,0.5799999999999983,27,1564.0,,
65610.0,1.5,29,1414.0,,
65615.0,-0.10999999999999943,29,1425.0,,
65620.0,0.5700000000000003,32,1368.0,,
65625.0,0.7599999999999998,29,1292.0,,
65630.0,-1.33,27,1425.0,,
65635.0,-1.4000000000000004,31,1565.0,,
65640.0,-1.1599999999999984,39,1681.0,,
65645.0,-1.740000000000002,45,1855.0,,
65650.0,-1.5399999999999991,47,2009.0,,
65655.0,-0.7100000000000009,47,2080.0,,
65660.0,-2.09,44,2289.0,,
65665.0,-2.129999999999999,42,2502.0,,
65670.0,0.28000000000000114,37,2474.0,,
65675.0,2.1799999999999997,37,2256.0,,
65680.0,-0.7100000000000009,38,2327.0,,
65685.0,0.3999999999999986,34,2287.0,,
65690.0,1.3200000000000003,33,2155.0,,
65695.0,0.019999999999999574,30,2153.0,,
65700.0,1.5400000000000027,21,1999.0,,
65705.0,2.7099999999999973,20,1728.0,,
65710.0,0.3000000000000007,24,1698.0,,
65715.0,-0.3099999999999987,31,1729.0,,
65720.0,-0.6400000000000006,35,1793.0,,
65725.0,-0.23000000000000043,38,1816.0,,
65730.0,-1.6099999999999994,41,1977.0,,
65735.0,-2.0500000000000007,42,2182.0,,
65740.0,-1.6099999999999994,41,2343.0,,
65745.0,-2.3099999999999987,49,2574.0,,
65750.0,-0.3200000000000003,52,2606.0,,
65755.0,1.889999999999997,50,2417.0,,
65760.0,0.43000000000000327,42,2374.0,,
65765.0,0.8399999999999999,32,2290.0,,
65770.0,1.7899999999999991,27,2111.0,,
65775.0,-1.1999999999999993,22,2231.0,,
65780.0,-1.1900000000000013,28,2350.0,,
65785.0,-1.3399999999999999,36,2484.0,,
65790.0,-2.129999999999999,46,2697.0,,
65795.0,-1.0800000000000018,48,2805.0,,
65800.0,-0.23999999999999844,46,2829.0,,
65805.0,0.7399999999999984,42,2755.0,,
65810.0,0.8500000000000014,29,2670.0,,
65815.0,4.169999999999998,20,2253.0,,
65820.0,0.1700000000000017,17,2236.0,,
65825.0,1.1999999999999993,18,2116.0,,
65830.0,-0.120000000000001,16,2128.0,,
65835.0,-1.0399999999999991,27,2232.0,,
65840.0,0.8399999999999999,32,2148.0,,
65845.0,2.780000000000001,30,1870.0,,
65850.0,1.6600000000000001,28,1704.0,,
65855.0,1.3099999999999987,29,1573.0,,
65860.0,-0.09999999999999964,31,1583.0,,
65865.0,-1.2499999999999982,28,1708.0,,
65870.0,-1.4100000000000001,32,1849.0,,
65875.0,-1.4000000000000021,37,1989.0,,
65880.0,-1.8200000000000003,48,2171.0,,
65885.0,-1.4699999999999989,48,2318.0,,
65890.0,-0.620000000000001,46,2380.0,,
65895.0,-0.4299999999999997,45,2423.0,,
65900.0,-0.6499999999999986,37,2488.0,,
65905.0,1.1600000000000001,27,2372.0,,
65910.0,3.3099999999999987,24,2041.0,,
65915.0,1.5899999999999999,21,1882.0,,
65920.0,0.3099999999999987,19,1851.0,,
65925.0,0.030000000000001137,20,1848.0,,
65930.0,-0.620000000000001,29,1910.0,,
65935.0,-0.9499999999999993,33,2005.0,,
65940.0,-0.5199999999999996,32,2057.0,,
65945.0,-1.3399999999999999,34,2191.0,,
65950.0,-1.8999999999999986,43,2381.0,,
65955.0,0.759999999999998,38,2305.0,,
65960.0,3.6400000000000006,36,1941.0,,
65965.0,-0.9299999999999997,36,2034.0,,
65970.0,-0.23000000000000043,36,2057.0,,
65975.0,-0.120000000000001,33,2069.0,,
65980.0,-0.3299999999999983,28,2102.0,,
65985.0,-0.7199999999999989,27,2174.0,,
65990.0,-1.3500000000000014,32,2309.0,,
65995.0,-1.8300000000000018,40,2492.0,,
66000.0,0.7300000000000004,42,2419.0,,
66005.0,2.620000000000001,40,2157.0,,
66010.0,1.4800000000000004,36,2009.0,,
66015.0,-0.4200000000000017,43,2051.0,,
66020.0,-1.2899999999999991,47,2180.0,,
66025.0,-0.5999999999999979,41,2240.0,,
66030.0,0.28999999999999915,35,2211.0,,
66035.0,-0.21999999999999886,33,2233.0,,
66040.0,1.2999999999999972,28,2103.0,,
66045.0,2.7600000000000016,27,1827.0,,
66050.0,-0.10999999999999943,21,1838.0,,
66055.0,0.11999999999999744,20,1826.0,,
66060.0,0.3200000000000003,15,1794.0,,
66065.0,-0.05999999999999872,24,1800.0,,
66070.0,0.6600000000000001,30,1734.0,,
66075.0,2.0700000000000003,37,1527.0,,
66080.0,0.4900000000000002,37,1478.0,,
66085.0,0.21999999999999886,35,1456.0,,
66090.0,0.16999999999999993,31,1439.0,,
66095.0,-1.0,27,1539.0,,
66100.0,-1.4499999999999993,32,1684.0,,
66105.0,-1.1499999999999986,38,1799.0,,
66110.0,-1.6000000000000014,48,1959.0,,
66115.0,-1.5500000000000007,50,2114.0,,
66120.0,-0.7300000000000004,46,2187.0,,
66125.0,-0.7399999999999984,42,2261.0,,
66130.0,1.1999999999999993,29,2141.0,,
66135.0,3.0500000000000007,20,1836.0,,
66140.0,-0.25,18,1861.0,,
66145.0,0.3200000000000003,20,1829.0,,
66150.0,-0.7699999999999996,25,1906.0,,
66155.0,-1.5100000000000016,34,2057.0,,
66160.0,-1.0700000000000003,34,2164.0,,
66165.0,-0.5500000000000007,37,2219.0,,
66170.0,1.0100000000000016,33,2118.0,,
66175.0,2.9800000000000004,28,1820.0,,
66180.0,1.5899999999999999,25,1661.0,,
66185.0,-0.23000000000000043,30,1684.0,,
66190.0,-0.6999999999999993,34,1754.0,,
66195.0,-0.40000000000000213,37,1794.0,,
66200.0,-0.3299999999999983,36,1827.0,,
66205.0,-0.5800000000000018,31,1885.0,,
66210.0,-1.2199999999999989,29,2007.0,,
66215.0,-1.7100000000000009,38,2178.0,,
66220.0,0.5100000000000016,41,2127.0,,
66225.0,2.0799999999999983,39,1919.0,,
66230.0,0.2900000000000027,34,1890.0,,
66235.0,-0.25,30,1915.0,,
66240.0,0.14999999999999858,31,1900.0,,
66245.0,-0.5399999999999991,23,1954.0,,
66250.0,-0.5199999999999996,31,2006.0,,
66255.0,0.6999999999999993,35,1936.0,,
66260.0,2.09,34,1727.0,,
66265.0,-0.740000000000002,32,1801.0,,
66270.0,0.060000000000002274,30,1795.0,,
66275.0,0.5,30,1745.0,,
66280.0,0.18999999999999773,25,1726.0,,
66285.0,-1.2199999999999989,26,1848.0,,
66290.0,-1.6400000000000006,38,2012.0,,
66295.0,0.33000000000000185,40,1979.0,,
66300.0,2.25,37,1754.0,,
66305.0,-1.0100000000000016,35,1855.0,,
66310.0,-0.18999999999999773,34,1874.0,,
66315.0,-0.010000000000001563,29,1875.0,,
66320.0,-0.7899999999999991,31,1954.0,,
66325.0,0.6999999999999993,33,1884.0,,
66330.0,2.75,34,1609.0,,
66335.0,0.3699999999999992,31,1572.0,,
66340.0,0.22000000000000064,29,1550.0,,
66345.0,0.8300000000000001,29,1467.0,,
66350.0,-1.3699999999999992,28,1604.0,,
66355.0,-1.4100000000000001,29,1745.0,,
66360.0,0.21000000000000085,36,1724.0,,
66365.0,2.5799999999999983,39,1466.0,,
66370.0,-1.0500000000000007,37,1571.0,,
66375.0,-0.129999999999999,35,1584.0,,
66380.0,0.5600000000000005,33,1528.0,,
66385.0,-1.0200000000000014,27,1630.0,,
66390.0,-1.4800000000000004,33,1778.0,,
66395.0,-0.5599999999999987,41,1834.0,,
66400.0,-0.7699999999999996,46,1911.0,,
66405.0,-0.4800000000000004,50,1959.0,,
66410.0,0.6400000000000006,48,1895.0,,
66415.0,0.259999999999998,45,1869.0,,
66420.0,0.4200000000000017,36,1827.0,,
66425.0,1.25,29,1702.0,,
66430.0,0.6600000000000001,26,1636.0,,
66435.0,-1.0100000000000016,29,1737.0,,
66440.0,-1.6999999999999993,37,1907.0,,
66445.0,-1.1600000000000001,40,2023.0,,
66450.0,-0.9299999999999997,44,2116.0,,
66455.0,-0.1999999999999993,49,2136.0,,
66460.0,1.2899999999999991,44,2007.0,,
66465.0,-1.0199999999999996,42,2109.0,,
66470.0,0.26000000000000156,40,2083.0,,
66475.0,1.2299999999999969,31,1960.0,,
66480.0,0.6700000000000017,27,1893.0,,
66485.0,-0.14000000000000057,22,1907.0,,
66490.0,-0.8200000000000003,30,1989.0,,
66495.0,0.4800000000000004,33,1941.0,,
66500.0,1.9299999999999997,31,1748.0,,
66505.0,0.740000000000002,32,1674.0,,
66510.0,0.21999999999999886,33,1652.0,,
66515.0,0.10999999999999943,33,1641.0,,
66520.0,-0.8000000000000007,27,1721.0,,
66525.0,-1.4199999999999982,31,1863.0,,
66530.0,-1.2800000000000011,39,1991.0,,
66535.0,-1.6699999999999982,47,2158.0,,
66540.0,-0.28000000000000114,47,2186.0,,
66545.0,1.4399999999999977,48,2042.0,,
66550.0,0.18000000000000327,42,2024.0,,
66555.0,0.5499999999999972,32,1969.0,,
66560.0,0.8399999999999999,28,1885.0,,
66565.0,0.3100000000000023,23,1854.0,,
66570.0,-0.7899999999999991,24,1933.0,,
66575.0,-1.4500000000000028,33,2078.0,,
66580.0,0.25,41,2053.0,,
66585.0,2.59,38,1794.0,,
66590.0,-0.889999999999997,35,1883.0,,
66595.0,0.11999999999999744,33,1871.0,,
66600.0,-0.46000000000000085,32,1917.0,,
66605.0,-0.6099999999999994,32,1978.0,,
66610.0,0.5100000000000016,31,1927.0,,
66615.0,1.6600000000000001,37,1761.0,,
66620.0,-0.6700000000000017,37,1828.0,,
66625.0,0.8800000000000026,33,1740.0,,
66630.0,0.7799999999999976,31,1662.0,,
66635.0,-0.4399999999999977,24,1706.0,,
66640.0,-0.860000000000003,29,1792.0,,
66645.0,0.5500000000000007,29,1737.0,,
66650.0,2.6800000000000015,34,1469.0,,
66655.0,-0.7300000000000004,35,1542.0,,
66660.0,-0.009999999999999787,33,1543.0,,
66665.0,0.3100000000000005,32,1512.0,,
66670.0,0.6399999999999988,27,1448.0,,
66675.0,-0.41999999999999993,25,1490.0,,
66680.0,-1.5600000000000005,34,1646.0,,
66685.0,-0.019999999999999574,40,1648.0,,
66690.0,1.1300000000000008,39,1535.0,,
66695.0,-0.5500000000000007,36,1590.0,,
66700.0,-0.11000000000000121,32,1601.0,,
66705.0,-0.22999999999999687,32,1624.0,,
66710.0,0.04999999999999716,29,1619.0,,
66715.0,-0.8200000000000003,30,1701.0,,
66720.0,0.010000000000001563,34,1700.0,,
66725.0,-0.39000000000000057,36,1739.0,,
66730.0,0.5700000000000003,32,1682.0,,
66735.0,3.0700000000000003,26,1375.0,,
66740.0,-0.8399999999999999,24,1459.0,,
66745.0,-0.3200000000000003,22,1491.0,,
66750.0,0.33000000000000007,17,1458.0,,
66755.0,0.0,27,1458.0,,
66760.0,-1.0399999999999991,32,1562.0,,
66765.0,-0.7200000000000006,34,1634.0,,
66770.0,-0.4499999999999993,33,1679.0,,
66775.0,-1.7899999999999991,38,1858.0,,
66780.0,0.2799999999999976,37,1830.0,,
66785.0,2.1099999999999994,34,1619.0,,
66790.0,0.2500000000000018,35,1594.0,,
66795.0,-0.5700000000000021,36,1651.0,,
66800.0,-0.5799999999999983,34,1709.0,,
66805.0,-0.9899999999999984,29,1808.0,,
66810.0,-0.740000000000002,29,1882.0,,
66815.0,-1.629999999999999,35,2045.0,,
66820.0,0.3000000000000007,40,2015.0,,
66825.0,1.9699999999999989,38,1818.0,,
66830.0,0.03999999999999915,37,1814.0,,
66835.0,-0.3099999999999987,39,1845.0,,
66840.0,-1.2899999999999991,47,1974.0,,
66845.0,-0.7900000000000027,44,2053.0,,
66850.0,-0.2799999999999976,39,2081.0,,
66855.0,-0.22000000000000242,35,2103.0,,
66860.0,1.0700000000000003,26,1996.0,,
66865.0,2.8599999999999994,29,1710.0,,
66870.0,-0.5999999999999979,26,1770.0,,
66875.0,-0.07000000000000028,23,1777.0,,
66880.0,-0.629999999999999,24,1840.0,,
66885.0,-1.4700000000000024,32,1987.0,,
66890.0,-0.7199999999999989,37,2059.0,,
66895.0,-0.5100000000000016,46,2110.0,,
66900.0,-0.23999999999999844,51,2134.0,,
66905.0,1.3900000000000006,49,1995.0,,
66910.0,0.509999999999998,43,1944.0,,
66915.0,0.17999999999999972,34,1926.0,,
66920.0,1.2300000000000004,31,1803.0,,
66925.0,0.10999999999999943,24,1792.0,,
66930.0,-0.629999999999999,25,1855.0,,
66935.0,-1.4699999999999989,36,2002.0,,
66940.0,0.17999999999999972,38,1984.0,,
66945.0,1.6600000000000001,35,1818.0,,
66950.0,-0.6499999999999986,36,1883.0,,
66955.0,-0.18000000000000327,35,1901.0,,
66960.0,0.46000000000000085,33,1855.0,,
66965.0,-0.16000000000000014,24,1871.0,,
66970.0,0.240000000000002,27,1847.0,,
66975.0,0.29999999999999716,37,1817.0,,
66980.0,1.6400000000000006,37,1653.0,,
66985.0,-0.8299999999999983,36,1736.0,,
66990.0,0.28000000000000114,34,1708.0,,
66995.0,0.2799999999999976,32,1680.0,,
67000.0,-0.4800000000000004,27,1728.0,,
67005.0,0.1700000000000017,25,1711.0,,
67010.0,0.5300000000000011,30,1658.0,,
67015.0,3.1099999999999977,29,1347.0,,
67020.0,-0.8699999999999992,27,1434.0,,
67025.0,-0.4399999999999995,23,1478.0,,
67030.0,-0.4900000000000002,23,1527.0,,
67035.0,-1.4299999999999997,33,1670.0,,
67040.0,-0.19000000000000128,38,1689.0,,
67045.0,0.23000000000000043,43,1666.0,,
67050.0,-1.3399999999999999,49,1800.0,,
67055.0,-1.1900000000000013,50,1919.0,,
67060.0,-1.1199999999999974,46,2031.0,,
67065.0,0.23999999999999844,34,2007.0,,
67070.0,2.6900000000000013,23,1738.0,,
67075.0,0.9899999999999984,20,1639.0,,
67080.0,-0.18999999999999773,25,1658.0,,
67085.0,-0.11000000000000298,22,1669.0,,
67090.0,0.3000000000000007,27,1639.0,,
67095.0,-0.6999999999999993,32,1709.0,,
67100.0,-0.7300000000000004,35,1782.0,,
67105.0,-1.1999999999999993,36,1902.0,,
67110.0,-1.9299999999999997,40,2095.0,,
67115.0,0.33999999999999986,41,2061.0,,
67120.0,1.8200000000000003,41,1879.0,,
67125.0,-1.2800000000000011,42,2007.0,,
67130.0,-0.46999999999999886,39,2054.0,,
67135.0,0.0799999999999983,33,2046.0,,
67140.0,-0.5999999999999979,30,2106.0,,
67145.0,0.9899999999999984,24,2007.0,,
67150.0,2.490000000000002,28,1758.0,,
67155.0,-1.0700000000000003,29,1865.0,,
67160.0,-0.5600000000000023,29,1921.0,,
67165.0,0.620000000000001,25,1859.0,,
67170.0,1.0,26,1759.0,,
67175.0,0.6000000000000014,33,1699.0,,
67180.0,1.9499999999999993,34,1504.0,,
67185.0,0.1899999999999995,36,1485.0,,
67190.0,-0.14000000000000057,37,1499.0,,
67195.0,-0.20999999999999908,34,1520.0,,
67200.0,-0.8000000000000007,31,1600.0,,
67205.0,-0.129999999999999,27,1613.0,,
67210.0,-1.6300000000000026,38,1776.0,,
67215.0,-0.5499999999999972,39,1831.0,,
67220.0,-0.39000000000000057,44,1870.0,,
67225.0,-1.4400000000000013,49,2014.0,,
67230.0,-1.3399999999999999,49,2148.0,,
67235.0,-1.9400000000000013,47,2342.0,,
67240.0,-2.2399999999999984,44,2566.0,,
67245.0,0.370000000000001,41,2529.0,,
67250.0,2.4899999999999984,39,2280.0,,
67255.0,0.5600000000000023,36,2224.0,,
67260.0,-0.13000000000000256,39,2237.0,,
67265.0,-0.3099999999999987,33,2268.0,,
67270.0,-0.6900000000000013,31,2337.0,,
67275.0,-0.5,30,2387.0,,
67280.0,0.6300000000000026,31,2324.0,,
67285.0,1.389999999999997,28,2185.0,,
67290.0,3.0,22,1885.0,,
67295.0,0.2900000000000027,20,1856.0,,
67300.0,0.28999999999999915,23,1827.0,,
67305.0,-0.21000000000000085,21,1848.0,,
67310.0,-1.3999999999999986,32,1988.0,,
67315.0,-1.1300000000000026,37,2101.0,,
67320.0,-1.25,46,2226.0,,
67325.0,0.05000000000000071,47,2221.0,,
67330.0,1.7600000000000016,45,2045.0,,
67335.0,-1.1799999999999997,45,2163.0,,
67340.0,0.0799999999999983,38,2155.0,,
67345.0,0.7899999999999991,34,2076.0,,
67350.0,-0.8099999999999987,26,2157.0,,
67355.0,-0.8099999999999987,31,2238.0,,
67360.0,0.6999999999999993,31,2168.0,,
67365.0,2.289999999999999,32,1939.0,,
67370.0,-0.6400000000000006,35,2003.0,,
67375.0,-0.08999999999999986,35,2012.0,,
67380.0,0.4400000000000013,34,1968.0,,
67385.0,-0.26000000000000156,30,1994.0,,
67390.0,-0.3099999999999987,27,2025.0,,
67395.0,-1.6799999999999997,37,2193.0,,
67400.0,0.370000000000001,40,2156.0,,
67405.0,2.25,39,1931.0,,
67410.0,-1.0199999999999996,39,2033.0,,
67415.0,0.04999999999999716,35,2028.0,,
67420.0,-0.7899999999999991,34,2107.0,,
67425.0,-0.33999999999999986,35,2141.0,,
67430.0,0.7800000000000011,32,2063.0,,
67435.0,2.41,33,1822.0,,
67440.0,-0.4700000000000024,37,1869.0,,
67445.0,-0.029999999999997584,38,1872.0,,
67450.0,0.7099999999999973,35,1801.0,,
67455.0,-0.029999999999997584,31,1804.0,,
67460.0,-0.7300000000000004,30,1877.0,,
67465.0,-1.740000000000002,38,2051.0,,
67470.0,0.07000000000000028,38,2044.0,,
67475.0,2.280000000000001,38,1816.0,,
67480.0,0.26000000000000156,36,1790.0,,
67485.0,-0.16000000000000014,36,1806.0,,
67490.0,-0.4700000000000024,34,1853.0,,
67495.0,0.08999999999999986,31,1844.0,,
67500.0,-0.509999999999998,32,1895.0,,
67505.0,0.029999999999997584,34,1892.0,,
67510.0,0.40000000000000213,31,1852.0,,
67515.0,2.1400000000000006,29,1638.0,,
67520.0,1.1499999999999986,23,1523.0,,
67525.0,0.3000000000000007,24,1493.0,,
67530.0,-0.9299999999999997,25,1586.0,,
67535.0,-1.5899999999999999,36,1745.0,,
67540.0,-0.7300000000000004,36,1818.0,,
67545.0,-0.990000000000002,47,1917.0,,
67550.0,-1.389999999999997,51,2056.0,,
67555.0,-0.9299999999999997,49,2149.0,,
67560.0,-0.23000000000000043,43,2172.0,,
67565.0,0.379999999999999,30,2134.0,,
67570.0,3.2399999999999984,21,1810.0,,
67575.0,1.110000000000003,18,1699.0,,
67580.0,0.7999999999999972,13,1619.0,,
67585.0,-0.879999999999999,22,1707.0,,
67590.0,-1.3599999999999994,31,1843.0,,
67595.0,-0.8900000000000006,34,1932.0,,
67600.0,-1.6499999999999986,47,2097.0,,
67605.0,-0.3000000000000007,50,2127.0,,
67610.0,1.1699999999999982,47,2010.0,,
67615.0,-0.5199999999999996,41,2062.0,,
67620.0,0.7600000000000016,33,1986.0,,
67625.0,0.6899999999999977,30,1917.0,,
67630.0,0.28000000000000114,25,1889.0,,
67635.0,1.5899999999999999,18,1730.0,,
67640.0,2.3000000000000007,19,1500.0,,
67645.0,0.08000000000000007,20,1492.0,,
67650.0,0.3200000000000003,16,1460.0,,
67655.0,-0.5600000000000005,20,1516.0,,
67660.0,-1.3500000000000014,32,1651.0,,
67665.0,-0.8099999999999987,34,1732.0,,
67670.0,-0.9199999999999982,44,1824.0,,
67675.0,-1.4600000000000009,47,1970.0,,
67680.0,-0.5800000000000018,45,2028.0,,
67685.0,0.23000000000000043,40,2005.0,,
67690.0,0.5700000000000003,29,1948.0,,
67695.0,2.3900000000000006,25,1709.0,,
67700.0,1.1899999999999995,22,1590.0,,
67705.0,-1.0099999999999998,30,1691.0,,
67710.0,-0.6799999999999997,30,1759.0,,
67715.0,-0.39000000000000057,34,1798.0,,
67720.0,-1.75,35,1973.0,,
67725.0,-1.8299999999999983,37,2156.0,,
67730.0,0.23999999999999844,38,2132.0,,
67735.0,1.6799999999999997,35,1964.0,,
67740.0,0.8599999999999994,34,1878.0,,
67745.0,0.22000000000000242,33,1856.0,,
67750.0,-1.0500000000000007,28,1961.0,,
67755.0,-0.9400000000000013,26,2055.0,,
67760.0,-0.2699999999999996,27,2082.0,,
67765.0,0.490000000000002,30,2033.0,,
67770.0,1.4599999999999973,28,1887.0,,
67775.0,3.0200000000000014,24,1585.0,,
67780.0,-0.8400000000000016,24,1669.0,,
67785.0,-1.0899999999999999,28,1778.0,,
67790.0,-0.3299999999999983,32,1811.0,,
67795.0,1.1799999999999997,32,1693.0,,
67800.0,-1.2300000000000004,36,1816.0,,
67805.0,-1.9100000000000001,40,2007.0,,
67810.0,0.129999999999999,35,1994.0,,
67815.0,1.370000000000001,35,1857.0,,
67820.0,-0.21000000000000085,34,1878.0,,
67825.0,0.7300000000000004,32,1805.0,,
67830.0,1.5700000000000003,28,1648.0,,
67835.0,-0.5,20,1698.0,,
67840.0,-0.48999999999999844,26,1747.0,,
67845.0,0.23000000000000043,31,1724.0,,
67850.0,1.339999999999998,34,1590.0,,
67855.0,0.870000000000001,31,1503.0,,
67860.0,0.5299999999999994,27,1450.0,,
67865.0,1.0600000000000005,24,1344.0,,
67870.0,-1.08,22,1452.0,,
67875.0,-1.2300000000000004,29,1575.0,,
67880.0,-0.8900000000000006,32,1664.0,,
67885.0,-1.629999999999999,42,1827.0,,
67890.0,-1.1000000000000014,43,1937.0,,
67895.0,-0.07000000000000028,43,1944.0,,
67900.0,0.26000000000000156,38,1918.0,,
67905.0,-1.2899999999999991,31,2047.0,,
67910.0,-1.6600000000000001,37,2213.0,,
67915.0,0.16000000000000014,36,2197.0,,
67920.0,2.0599999999999987,34,1991.0,,
67925.0,-0.379999999999999,32,2029.0,,
67930.0,0.03999999999999915,31,2025.0,,
67935.0,0.8000000000000007,28,1945.0,,
67940.0,-0.6099999999999994,23,2006.0,,
67945.0,-0.6799999999999997,30,2074.0,,
67950.0,-1.6500000000000021,37,2239.0,,
67955.0,-2.1400000000000006,45,2453.0,,
67960.0,-1.3599999999999994,46,2589.0,,
67965.0,-0.629999999999999,46,2652.0,,
67970.0,0.120000000000001,40,2640.0,,
67975.0,0.9599999999999973,27,2544.0,,
67980.0,3.25,21,2219.0,,
67985.0,-0.3299999999999983,21,2252.0,,
67990.0,0.21000000000000085,20,2231.0,,
67995.0,-0.6799999999999997,18,2299.0,,
68000.0,-0.9800000000000004,28,2397.0,,
68005.0,-0.740000000000002,30,2471.0,,
68010.0,-0.129999999999999,30,2484.0,,
68015.0,-1.0100000000000016,35,2585.0,,
68020.0,-1.9299999999999997,41,2778.0,,
68025.0,0.8599999999999994,38,2692.0,,
68030.0,3.2600000000000016,36,2366.0,,
68035.0,0.8300000000000018,33,2283.0,,
68040.0,-0.14000000000000057,32,2297.0,,
68045.0,0.2799999999999976,32,2269.0,,
68050.0,-0.759999999999998,26,2345.0,,
68055.0,-0.6600000000000001,30,2411.0,,
68060.0,1.0899999999999999,35,2302.0,,
68065.0,3.5700000000000003,32,1945.0,,
68070.0,-0.879999999999999,30,2033.0,,
68075.0,-0.07000000000000028,31,2040.0,,
68080.0,-1.1900000000000013,33,2159.0,,
68085.0,-1.5899999999999999,34,2318.0,,
68090.0,-0.8399999999999999,32,2402.0,,
68095.0,-0.33999999999999986,37,2436.0,,
68100.0,1.1999999999999993,30,2316.0,,
68105.0,3.25,26,1991.0,,
68110.0,-0.4299999999999997,24,2034.0,,
68115.0,0.28999999999999915,22,2005.0,,
68120.0,0.17999999999999972,23,1987.0,,
68125.0,-0.33999999999999986,28,2021.0,,
68130.0,1.0800000000000018,29,1913.0,,
68135.0,3.2399999999999984,35,1589.0,,
68140.0,0.7599999999999998,30,1513.0,,
68145.0,0.25,29,1488.0,,
68150.0,0.5,27,1438.0,,
68155.0,-1.2399999999999984,24,1562.0,,
68160.0,-1.4300000000000015,31,1705.0,,
68165.0,-1.4800000000000004,38,1853.0,,
68170.0,-1.5700000000000003,45,2010.0,,
68175.0,-1.4100000000000001,46,2151.0,,
68180.0,-0.5999999999999979,44,2211.0,,
68185.0,-0.28999999999999915,41,2240.0,,
68190.0,0.889999999999997,28,2151.0,,
68195.0,3.3200000000000003,20,1819.0,,
68200.0,-0.3299999999999983,21,1852.0,,
68205.0,0.21999999999999886,22,1830.0,,
68210.0,-0.7899999999999991,21,1909.0,,
68215.0,-1.0700000000000003,28,2016.0,,
68220.0,0.6700000000000017,31,1949.0,,
68225.0,2.299999999999997,31,1719.0,,
68230.0,0.4700000000000024,33,1672.0,,
68235.0,-0.060000000000002274,37,1678.0,,
68240.0,-1.5700000000000003,33,1835.0,,
68245.0,-1.7299999999999969,34,2008.0,,
68250.0,-0.6400000000000006,34,2072.0,,
68255.0,0.18999999999999773,34,2053.0,,
68260.0,0.46000000000000085,31,2007.0,,
68265.0,2.2699999999999996,27,1780.0,,
68270.0,1.1700000000000017,23,1663.0,,
68275.0,0.48999999999999844,19,1614.0,,
68280.0,0.25,20,1589.0,,
68285.0,0.3500000000000014,24,1554.0,,
68290.0,0.5599999999999987,28,1498.0,,
68295.0,1.58,30,1340.0,,
68300.0,-0.5299999999999994,31,1393.0,,
68305.0,0.0,36,1393.0,,
68310.0,-0.8800000000000008,34,1481.0,,
68315.0,-1.6500000000000004,33,1646.0,,
68320.0,-0.75,31,1721.0,,
68325.0,-0.10999999999999943,35,1732.0,,
68330.0,0.6900000000000013,29,1663.0,,
68335.0,1.9499999999999993,25,1468.0,,
68340.0,0.6799999999999997,27,1400.0,,
68345.0,-0.11999999999999922,24,1412.0,,
68350.0,0.09999999999999964,22,1402.0,,
68355.0,0.40000000000000036,25,1362.0,,
68360.0,-0.8100000000000005,32,1443.0,,
68365.0,-0.1899999999999995,33,1462.0,,
68370.0,0.7699999999999996,28,1385.0,,
68375.0,1.58,29,1227.0,,
68380.0,-0.7100000000000009,25,1298.0,,
68385.0,-0.1399999999999988,23,1312.0,,
68390.0,-0.6400000000000006,26,1376.0,,
68395.0,-1.4600000000000009,35,1522.0,,
68400.0,-0.7400000000000002,37,1596.0,,
68405.0,-0.8599999999999994,45,1682.0,,
68410.0,-0.6600000000000001,53,1748.0,,
68415.0,0.5800000000000018,51,1690.0,,
68420.0,-0.9800000000000004,46,1788.0,,
68425.0,-0.5600000000000023,38,1844.0,,
68430.0,-0.5700000000000003,27,1901.0,,
68435.0,-0.9299999999999997,30,1994.0,,
68440.0,-0.6499999999999986,29,2059.0,,
68445.0,0.05000000000000071,30,2054.0,,
68450.0,-1.6999999999999993,36,2224.0,,
68455.0,-1.870000000000001,39,2411.0,,
68460.0,0.09999999999999787,39,2401.0,,
68465.0,1.9500000000000028,35,2206.0,,
68470.0,-0.6600000000000001,34,2272.0,,
68475.0,0.3299999999999983,33,2239.0,,
68480.0,0.9800000000000004,34,2141.0,,
68485.0,-0.8099999999999987,28,2222.0,,
68490.0,-0.5500000000000007,30,2277.0,,
68495.0,0.39000000000000057,35,2238.0,,
68500.0,2.16,32,2022.0,,
68505.0,-0.490000000000002,32,2071.0,,
68510.0,0.6999999999999993,30,2001.0,,
68515.0,1.6800000000000033,30,1833.0,,
68520.0,-1.4200000000000017,29,1975.0,,
68525.0,-1.5599999999999987,34,2131.0,,
68530.0,0.23999999999999844,39,2107.0,,
68535.0,2.4200000000000017,36,1865.0,,
68540.0,-0.6500000000000021,37,1930.0,,
68545.0,0.379999999999999,32,1892.0,,
68550.0,-0.6899999999999977,29,1961.0,,
68555.0,-0.5500000000000007,30,2016.0,,
68560.0,-0.5,29,2066.0,,
68565.0,0.33000000000000185,31,2033.0,,
68570.0,0.5499999999999972,26,1978.0,,
68575.0,2.6900000000000013,22,1709.0,,
68580.0,-0.10999999999999943,20,1720.0,,
68585.0,0.4800000000000004,20,1672.0,,
68590.0,-0.7000000000000028,23,1742.0,,
68595.0,-1.3999999999999986,30,1882.0,,
68600.0,-1.25,36,2007.0,,
68605.0,-1.879999999999999,45,2195.0,,
68610.0,-0.05000000000000071,47,2200.0,,
68615.0,3.0,44,1900.0,,
68620.0,-0.9299999999999997,43,1993.0,,
68625.0,0.46999999999999886,33,1946.0,,
68630.0,1.1099999999999994,29,1835.0,,
68635.0,-1.1600000000000001,22,1951.0,,
68640.0,-1.0899999999999999,26,2060.0,,
68645.0,0.5100000000000016,31,2009.0,,
68650.0,2.25,31,1784.0,,
68655.0,0.030000000000001137,29,1781.0,,
68660.0,1.1999999999999993,28,1661.0,,
68665.0,-1.4800000000000004,34,1809.0,,
68670.0,-1.6799999999999997,34,1977.0,,
68675.0,-0.6900000000000013,35,2046.0,,
68680.0,0.19000000000000128,33,2027.0,,
68685.0,0.7899999999999991,33,1948.0,,
68690.0,0.4400000000000013,27,1904.0,,
68695.0,2.5,22,1654.0,,
68700.0,1.2299999999999986,21,1531.0,,
68705.0,0.6100000000000012,21,1470.0,,
68710.0,0.1899999999999995,17,1451.0,,
68715.0,0.3200000000000003,24,1419.0,,
68720.0,-0.6300000000000008,29,1482.0,,
68725.0,-0.4900000000000002,30,1531.0,,
68730.0,-1.3100000000000005,32,1662.0,,
68735.0,-1.8399999999999999,39,1846.0,,
68740.0,0.14000000000000057,39,1832.0,,
68745.0,3.1500000000000004,37,1517.0,,
68750.0,-1.040000000000001,36,1621.0,,
68755.0,-0.41000000000000014,36,1662.0,,
68760.0,-0.33999999999999986,31,1696.0,,
68765.0,-0.5,24,1746.0,,
68770.0,-0.3200000000000003,27,1778.0,,
68775.0,0.5800000000000018,31,1720.0,,
68780.0,3.1099999999999994,31,1409.0,,
68785.0,-0.7699999999999996,30,1486.0,,
68790.0,-0.13000000000000078,29,1499.0,,
68795.0,0.370000000000001,29,1462.0,,
68800.0,-1.25,25,1587.0,,
68805.0,-1.320000000000002,30,1719.0,,
68810.0,0.0,39,1719.0,,
68815.0,1.410000000000002,36,1578.0,,
68820.0,-0.9599999999999991,38,1674.0,,
68825.0,-0.1700000000000017,39,1691.0,,
68830.0,0.5100000000000016,35,1640.0,,
68835.0,-0.26000000000000156,23,1666.0,,
68840.0,-0.23999999999999844,29,1690.0,,
68845.0,0.3200000000000003,35,1658.0,,
68850.0,1.5699999999999985,34,1501.0,,
68855.0,0.5800000000000001,32,1443.0,,
68860.0,0.08999999999999986,29,1434.0,,
68865.0,0.7400000000000002,29,1360.0,,
68870.0,-1.3200000000000003,26,1492.0,,
68875.0,-1.3199999999999985,29,1624.0,,
68880.0,-0.08999999999999986,37,1633.0,,
68885.0,1.1099999999999977,39,1522.0,,
68890.0,-0.7900000000000009,35,1601.0,,
68895.0,-0.16000000000000014,36,1617.0,,
68900.0,0.28000000000000114,28,1589.0,,
68905.0,-0.1999999999999993,28,1609.0,,
68910.0,0.33000000000000007,27,1576.0,,
68915.0,1.049999999999999,31,1471.0,,
68920.0,-0.3199999999999985,32,1503.0,,
68925.0,0.41000000000000014,31,1462.0,,
68930.0,0.7599999999999998,31,1386.0,,
68935.0,-0.6300000000000008,23,1449.0,,
68940.0,-0.6199999999999992,27,1511.0,,
68945.0,-0.040000000000000924,30,1515.0,,
68950.0,0.9500000000000011,33,1420.0,,
68955.0,-0.8000000000000007,39,1500.0,,
68960.0,0.1899999999999995,35,1481.0,,
68965.0,-1.1099999999999994,33,1592.0,,
68970.0,-1.5900000000000016,31,1751.0,,
68975.0,-0.6199999999999974,31,1813.0,,
68980.0,0.16999999999999815,32,1796.0,,
68985.0,0.5800000000000018,27,1738.0,,
68990.0,1.5299999999999994,29,1585.0,,
68995.0,-0.5299999999999994,28,1638.0,,
69000.0,-0.33000000000000185,31,1671.0,,
69005.0,-0.5399999999999991,34,1725.0,,
69010.0,0.6700000000000017,35,1658.0,,
69015.0,-1.360000000000003,34,1794.0,,
69020.0,-1.8099999999999987,38,1975.0,,
69025.0,-0.08999999999999986,37,1984.0,,
69030.0,1.3999999999999986,36,1844.0,,
69035.0,-0.379999999999999,34,1882.0,,
69040.0,0.39000000000000057,34,1843.0,,
69045.0,0.8200000000000003,32,1761.0,,
69050.0,-0.5600000000000023,24,1817.0,,
69055.0,-0.389999999999997,27,1856.0,,
69060.0,0.13999999999999702,32,1842.0,,
69065.0,1.1900000000000013,36,1723.0,,
69070.0,0.6400000000000006,33,1659.0,,
69075.0,0.8100000000000005,27,1578.0,,
69080.0,-0.3800000000000008,27,1616.0,,
69085.0,-1.3299999999999983,26,1749.0,,
69090.0,-0.43000000000000327,26,1792.0,,
69095.0,0.26000000000000156,32,1766.0,,
69100.0,-1.0700000000000003,32,1873.0,,
69105.0,-1.7199999999999989,37,2045.0,,
69110.0,-0.15000000000000213,38,2060.0,,
69115.0,1.4000000000000021,40,1920.0,,
69120.0,-0.8599999999999994,39,2006.0,,
69125.0,0.36999999999999744,37,1969.0,,
69130.0,0.21000000000000085,30,1948.0,,
69135.0,0.41000000000000014,26,1907.0,,
69140.0,-0.41000000000000014,28,1948.0,,
69145.0,-0.030000000000001137,30,1951.0,,
69150.0,1.120000000000001,24,1839.0,,
69155.0,2.4400000000000013,21,1595.0,,
69160.0,1.17,19,1478.0,,
69165.0,0.5199999999999996,15,1426.0,,
69170.0,-0.5800000000000001,20,1484.0,,
69175.0,-1.2699999999999996,28,1611.0,,
69180.0,-0.46999999999999886,33,1658.0,,
69185.0,-0.8100000000000023,38,1739.0,,
69190.0,-1.2800000000000011,44,1867.0,,
69195.0,-0.7699999999999996,43,1944.0,,
69200.0,-1.7399999999999984,39,2118.0,,
69205.0,-2.0100000000000016,40,2319.0,,
69210.0,0.370000000000001,35,2282.0,,
69215.0,2.5199999999999996,35,2030.0,,
69220.0,-0.7699999999999996,34,2107.0,,
69225.0,0.07000000000000028,33,2100.0,,
69230.0,-1.379999999999999,32,2238.0,,
69235.0,-1.5800000000000018,31,2396.0,,
69240.0,-0.9299999999999997,37,2489.0,,
69245.0,-0.4399999999999977,39,2533.0,,
69250.0,-1.5600000000000023,40,2689.0,,
69255.0,-2.120000000000001,45,2901.0,,
69260.0,0.25,41,2876.0,,
69265.0,2.080000000000002,40,2668.0,,
69270.0,-0.6600000000000001,37,2734.0,,
69275.0,-0.14999999999999858,41,2749.0,,
69280.0,0.7999999999999972,32,2669.0,,
69285.0,1.6799999999999997,26,2501.0,,
69290.0,-0.4399999999999977,31,2545.0,,
69295.0,0.2699999999999996,32,2518.0,,
69300.0,1.0599999999999987,28,2412.0,,
69305.0,2.7200000000000024,28,2140.0,,
69310.0,1.129999999999999,28,2027.0,,
69315.0,0.1999999999999993,29,2007.0,,
69320.0,0.120000000000001,20,1995.0,,
69325.0,0.46000000000000085,26,1949.0,,
69330.0,-0.1700000000000017,26,1966.0,,
69335.0,-0.25,32,1991.0,,
69340.0,-1.0899999999999999,33,2100.0,,
69345.0,-1.8299999999999983,39,2283.0,,
69350.0,0.4799999999999969,41,2235.0,,
69355.0,2.4200000000000017,40,1993.0,,
69360.0,-1.120000000000001,39,2105.0,,
69365.0,-0.2699999999999996,37,2132.0,,
69370.0,-0.10000000000000142,33,2142.0,,
69375.0,-0.129999999999999,22,2155.0,,
69380.0,-0.120000000000001,27,2167.0,,
69385.0,1.0500000000000007,36,2062.0,,
69390.0,2.5,35,1812.0,,
69395.0,-0.6799999999999997,34,1880.0,,
69400.0,0.10999999999999943,32,1869.0,,
69405.0,-0.75,27,1944.0,,
69410.0,-1.5299999999999976,32,2097.0,,
69415.0,-0.8100000000000023,29,2178.0,,
69420.0,-0.14000000000000057,33,2192.0,,
69425.0,1.0200000000000031,29,2090.0,,
69430.0,3.0,28,1790.0,,
69435.0,1.139999999999997,22,1676.0,,
69440.0,0.38000000000000256,19,1638.0,,
69445.0,0.2699999999999996,15,1611.0,,
69450.0,0.25,24,1586.0,,
69455.0,-0.490000000000002,28,1635.0,,
69460.0,-0.22999999999999687,35,1658.0,,
69465.0,-1.6500000000000021,39,1823.0,,
69470.0,-2.009999999999998,42,2024.0,,
69475.0,0.23999999999999844,38,2000.0,,
69480.0,1.8900000000000006,38,1811.0,,
69485.0,0.6899999999999977,35,1742.0,,
69490.0,-0.14999999999999858,35,1757.0,,
69495.0,-0.6900000000000013,30,1826.0,,
69500.0,-0.23999999999999844,28,1850.0,,
69505.0,-0.5399999999999991,29,1904.0,,
69510.0,0.36999999999999744,29,1867.0,,
69515.0,-1.3399999999999999,34,2001.0,,
69520.0,-1.7299999999999969,36,2174.0,,
69525.0,0.3999999999999986,37,2134.0,,
69530.0,1.8000000000000007,39,1954.0,,
69535.0,-1.0300000000000011,37,2057.0,,
69540.0,-0.19000000000000128,36,2076.0,,
69545.0,0.3200000000000003,34,2044.0,,
69550.0,-1.3399999999999999,30,2178.0,,
69555.0,-1.6099999999999994,34,2339.0,,
69560.0,-0.7199999999999989,41,2411.0,,
69565.0,-0.6000000000000014,46,2471.0,,
69570.0,-1.3999999999999986,49,2611.0,,
69575.0,-0.6000000000000014,50,2671.0,,
69580.0,0.05000000000000071,46,2666.0,,
69585.0,0.7399999999999984,35,2592.0,,
69590.0,3.2900000000000027,25,2263.0,,
69595.0,1.509999999999998,21,2112.0,,
69600.0,0.4299999999999997,24,2069.0,,
69605.0,-1.1699999999999982,27,2186.0,,
69610.0,-1.5700000000000003,35,2343.0,,
69615.0,-0.6000000000000014,35,2403.0,,
69620.0,-0.5199999999999996,45,2455.0,,
69625.0,-1.370000000000001,52,2592.0,,
69630.0,-0.7099999999999973,50,2663.0,,
69635.0,-0.4400000000000013,45,2707.0,,
69640.0,0.8099999999999987,36,2626.0,,
69645.0,3.460000000000001,27,2280.0,,
69650.0,-0.46999999999999886,22,2327.0,,
69655.0,0.3200000000000003,21,2295.0,,
69660.0,0.17999999999999972,21,2277.0,,
69665.0,-0.3500000000000014,28,2312.0,,
69670.0,-0.8900000000000006,34,2401.0,,
69675.0,-0.7399999999999984,37,2475.0,,
69680.0,-1.1999999999999993,35,2595.0,,
69685.0,-1.8900000000000006,39,2784.0,,
69690.0,0.9899999999999984,40,2685.0,,
69695.0,3.400000000000002,35,2345.0,,
69700.0,-0.08000000000000185,30,2353.0,,
69705.0,-0.05999999999999872,30,2359.0,,
69710.0,-0.4200000000000017,29,2401.0,,
69715.0,-1.129999999999999,31,2514.0,,
69720.0,-0.7300000000000004,32,2587.0,,
69725.0,-0.25,31,2612.0,,
69730.0,1.9100000000000001,25,2421.0,,
69735.0,4.050000000000001,21,2016.0,,
69740.0,1.4100000000000001,14,1875.0,,
69745.0,0.3200000000000003,20,1843.0,,
69750.0,-0.5399999999999991,18,1897.0,,
69755.0,-1.2699999999999996,31,2024.0,,
69760.0,1.1199999999999974,31,1912.0,,
69765.0,3.5500000000000007,33,1557.0,,
69770.0,-0.9400000000000013,34,1651.0,,
69775.0,-0.3099999999999987,30,1682.0,,
69780.0,-0.10000000000000142,36,1692.0,,
69785.0,-0.8199999999999967,28,1774.0,,
69790.0,-0.40000000000000213,29,1814.0,,
69795.0,0.6000000000000014,35,1754.0,,
69800.0,2.2799999999999994,33,1526.0,,
69805.0,-0.8100000000000005,32,1607.0,,
69810.0,0.10999999999999943,27,1596.0,,
69815.0,-1.5999999999999979,34,1756.0,,
69820.0,-1.6900000000000013,33,1925.0,,
69825.0,-1.0799999999999983,35,2033.0,,
69830.0,-1.6700000000000017,44,2200.0,,
69835.0,-1.5100000000000016,48,2351.0,,
69840.0,-0.22999999999999687,45,2374.0,,
69845.0,0.21999999999999886,40,2352.0,,
69850.0,3.509999999999998,26,2001.0,,
69855.0,1.1000000000000014,19,1891.0,,
69860.0,1.3500000000000014,18,1756.0,,
69865.0,-0.6700000000000017,20,1823.0,,
69870.0,-0.870000000000001,25,1910.0,,
69875.0,0.5500000000000007,29,1855.0,,
69880.0,2.0,29,1655.0,,
69885.0,0.6600000000000001,32,1589.0,,
69890.0,0.4299999999999997,35,1546.0,,
69895.0,-1.5999999999999979,35,1706.0,,
69900.0,-1.7300000000000004,34,1879.0,,
69905.0,-0.6000000000000014,33,1939.0,,
69910.0,0.3100000000000023,35,1908.0,,
69915.0,1.2699999999999996,29,1781.0,,
69920.0,1.6600000000000001,29,1615.0,,
69925.0,-0.2900000000000027,27,1644.0,,
69930.0,0.41000000000000014,23,1603.0,,
69935.0,0.13000000000000078,22,1590.0,,
69940.0,0.0,27,1590.0,,
69945.0,-0.5899999999999981,30,1649.0,,
69950.0,-0.3100000000000023,32,1680.0,,
69955.0,0.5800000000000018,30,1622.0,,
69960.0,2.1499999999999986,27,1407.0,,
69965.0,0.9399999999999995,24,1313.0,,
69970.0,0.040000000000000924,23,1309.0,,
69975.0,-0.9399999999999995,26,1403.0,,
69980.0,-1.5700000000000003,34,1560.0,,
69985.0,-0.6899999999999995,34,1629.0,,
69990.0,-1.0600000000000023,47,1735.0,,
69995.0,-1.5899999999999999,51,1894.0,,
70000.0,-0.8200000000000003,51,1976.0,,
70005.0,0.13000000000000256,40,1963.0,,
70010.0,2.0599999999999987,29,1757.0,,
70015.0,0.07000000000000028,18,1750.0,,
70020.0,0.620000000000001,16,1688.0,,
70025.0,-0.9200000000000017,20,1780.0,,
70030.0,-1.3399999999999999,32,1914.0,,
70035.0,-1.129999999999999,39,2027.0,,
70040.0,-1.3200000000000003,48,2159.0,,
70045.0,-1.5899999999999999,49,2318.0,,
70050.0,-0.8099999999999987,47,2399.0,,
70055.0,-0.5100000000000016,42,2450.0,,
70060.0,1.0799999999999983,30,2342.0,,
70065.0,2.8900000000000006,22,2053.0,,
70070.0,1.5600000000000023,22,1897.0,,
70075.0,0.46999999999999886,19,1850.0,,
70080.0,-0.0799999999999983,17,1858.0,,
70085.0,-0.75,25,1933.0,,
70090.0,-0.6400000000000006,28,1997.0,,
70095.0,-0.22000000000000242,29,2019.0,,
70100.0,-1.3499999999999979,31,2154.0,,
70105.0,-1.870000000000001,39,2341.0,,
70110.0,0.379999999999999,40,2303.0,,
70115.0,2.5600000000000023,38,2047.0,,
70120.0,1.1099999999999994,34,1936.0,,
70125.0,0.03999999999999915,36,1932.0,,
70130.0,-0.0799999999999983,31,1940.0,,
70135.0,-0.75,26,2015.0,,
70140.0,-0.75,29,2090.0,,
70145.0,0.8399999999999999,33,2006.0,,
70150.0,2.419999999999998,34,1764.0,,
70155.0,-0.7800000000000011,32,1842.0,,
70160.0,0.25,28,1817.0,,
70165.0,0.14000000000000057,28,1803.0,,
70170.0,-1.3099999999999987,27,1934.0,,
70175.0,-1.4100000000000001,30,2075.0,,
70180.0,0.6400000000000006,37,2011.0,,
70185.0,3.5799999999999983,36,1653.0,,
70190.0,-0.8299999999999983,36,1736.0,,
70195.0,0.08999999999999986,33,1727.0,,
70200.0,0.759999999999998,31,1651.0,,
70205.0,-0.8299999999999983,27,1734.0,,
70210.0,-0.7600000000000016,28,1810.0,,
70215.0,0.6300000000000026,33,1747.0,,
70220.0,2.1099999999999994,32,1536.0,,
70225.0,-0.41000000000000014,31,1577.0,,
70230.0,0.5499999999999989,32,1522.0,,
70235.0,0.2900000000000009,30,1493.0,,
70240.0,-0.9399999999999995,25,1587.0,,
70245.0,-1.33,30,1720.0,,
70250.0,0.4399999999999977,34,1676.0,,
70255.0,2.5200000000000014,34,1424.0,,
70260.0,-0.7200000000000006,32,1496.0,,
70265.0,0.4300000000000015,33,1453.0,,
70270.0,0.25,30,1428.0,,
70275.0,0.129999999999999,25,1415.0,,
70280.0,-0.2699999999999996,25,1442.0,,
70285.0,1.0299999999999994,27,1339.0,,
70290.0,1.5899999999999999,26,1180.0,,
70295.0,-0.8499999999999996,25,1265.0,,
70300.0,-0.5299999999999994,23,1318.0,,
70305.0,0.17999999999999972,20,1300.0,,
70310.0,0.4800000000000004,26,1252.0,,
70315.0,-1.0899999999999999,31,1361.0,,
70320.0,-0.9299999999999997,38,1454.0,,
70325.0,-1.7600000000000016,38,1630.0,,
70330.0,-2.0599999999999987,42,1836.0,,
70335.0,-0.019999999999999574,43,1838.0,,
70340.0,2.1400000000000006,40,1624.0,,
70345.0,-1.3000000000000007,37,1754.0,,
70350.0,-0.8200000000000003,35,1836.0,,
70355.0,-0.5199999999999996,34,1888.0,,
70360.0,-0.13000000000000256,32,1901.0,,
70365.0,-0.889999999999997,30,1990.0,,
70370.0,-0.5500000000000007,33,2045.0,,
70375.0,1.0599999999999987,30,1939.0,,
70380.0,2.5,22,1689.0,,
70385.0,0.060000000000002274,19,1683.0,,
70390.0,0.259999999999998,19,1657.0,,
70395.0,-0.75,23,1732.0,,
70400.0,-1.370000000000001,32,1869.0,,
70405.0,-0.9199999999999982,35,1961.0,,
70410.0,-1.5600000000000023,46,2117.0,,
70415.0,-1.5399999999999991,48,2271.0,,
70420.0,-0.6499999999999986,45,2336.0,,
70425.0,-0.16000000000000014,43,2352.0,,
70430.0,0.5500000000000007,32,2297.0,,
70435.0,3.099999999999998,26,1987.0,,
70440.0,-0.39000000000000057,21,2026.0,,
70445.0,0.240000000000002,21,2002.0,,
70450.0,-0.16000000000000014,22,2018.0,,
70455.0,-0.9600000000000009,25,2114.0,,
70460.0,-1.4600000000000009,34,2260.0,,
70465.0,0.4400000000000013,41,2216.0,,
70470.0,2.3099999999999987,41,1985.0,,
70475.0,-0.7399999999999984,38,2059.0,,
70480.0,-0.6799999999999997,39,2127.0,,
70485.0,-0.25,36,2152.0,,
70490.0,-0.8300000000000018,32,2235.0,,
70495.0,0.2700000000000031,25,2208.0,,
70500.0,0.5599999999999987,32,2152.0,,
70505.0,0.8399999999999999,38,2068.0,,
70510.0,2.3900000000000006,37,1829.0,,
70515.0,0.9199999999999982,33,1737.0,,
70520.0,-0.14000000000000057,31,1751.0,,
70525.0,-0.22999999999999687,31,1774.0,,
70530.0,-1.4700000000000024,29,1921.0,,
70535.0,-1.6199999999999974,37,2083.0,,
70540.0,-0.990000000000002,40,2182.0,,
70545.0,-1.120000000000001,47,2294.0,,
70550.0,-1.3599999999999994,47,2430.0,,
70555.0,-0.7100000000000009,46,2501.0,,
70560.0,-0.41999999999999815,43,2543.0,,
70565.0,0.9499999999999993,30,2448.0,,
70570.0,3.8900000000000006,21,2059.0,,
70575.0,1.0700000000000003,19,1952.0,,
70580.0,0.4800000000000004,18,1904.0,,
70585.0,-0.35999999999999943,17,1940.0,,
70590.0,-0.8900000000000006,28,2029.0,,
70595.0,-0.7699999999999996,31,2106.0,,
70600.0,-0.2699999999999996,34,2133.0,,
70605.0,-1.370000000000001,34,2270.0,,
70610.0,-1.9200000000000017,39,2462.0,,
70615.0,0.6900000000000013,41,2393.0,,
70620.0,3.1499999999999986,38,2078.0,,
70625.0,0.5500000000000007,34,2023.0,,
70630.0,-0.25,34,2048.0,,
70635.0,0.23000000000000043,32,2025.0,,
70640.0,-0.6600000000000001,28,2091.0,,
70645.0,-0.46000000000000085,24,2137.0,,
70650.0,-0.75,34,2212.0,,
70655.0,1.0300000000000011,39,2109.0,,
70660.0,3.4800000000000004,33,1761.0,,
70665.0,0.4800000000000004,29,1713.0,,
70670.0,-0.14000000000000057,30,1727.0,,
70675.0,-1.1700000000000017,30,1844.0,,
70680.0,-1.639999999999997,34,2008.0,,
70685.0,-1.4300000000000033,36,2151.0,,
70690.0,-1.9599999999999973,46,2347.0,,
70695.0,-1.5500000000000007,50,2502.0,,
70700.0,-0.33000000000000185,47,2535.0,,
70705.0,-1.8599999999999994,44,2721.0,,
70710.0,-2.099999999999998,42,2931.0,,
70715.0,0.7899999999999991,39,2852.0,,
70720.0,4.75,40,2377.0,,
70725.0,-0.8500000000000014,38,2462.0,,
70730.0,0.6400000000000006,34,2398.0,,
70735.0,0.17999999999999972,33,2380.0,,
70740.0,-1.0599999999999987,29,2486.0,,
70745.0,-1.1000000000000014,34,2596.0,,
70750.0,0.8500000000000014,38,2511.0,,
70755.0,3.030000000000001,42,2208.0,,
70760.0,1.0899999999999999,37,2099.0,,
70765.0,0.31999999999999673,34,2067.0,,
70770.0,-0.7399999999999984,31,2141.0,,
70775.0,-1.7300000000000004,36,2314.0,,
70780.0,-1.2699999999999996,38,2441.0,,
70785.0,-1.6699999999999982,48,2608.0,,
70790.0,-1.2200000000000024,50,2730.0,,
70795.0,0.3000000000000007,49,2700.0,,
70800.0,-0.010000000000001563,44,2701.0,,
70805.0,0.7800000000000011,33,2623.0,,
70810.0,3.719999999999999,26,2251.0,,
70815.0,1.0500000000000007,18,2146.0,,
70820.0,1.4200000000000017,15,2004.0,,
70825.0,-0.8599999999999994,20,2090.0,,
70830.0,-1.4400000000000013,35,2234.0,,
70835.0,-1.7399999999999984,40,2408.0,,
70840.0,-2.1400000000000006,51,2622.0,,
70845.0,-1.7200000000000024,55,2794.0,,
70850.0,-0.7300000000000004,52,2867.0,,
70855.0,1.3300000000000018,41,2734.0,,
70860.0,3.469999999999999,33,2387.0,,
70865.0,0.6000000000000014,22,2327.0,,
70870.0,0.6900000000000013,16,2258.0,,
70875.0,0.9199999999999982,18,2166.0,,
70880.0,-0.21000000000000085,26,2187.0,,
70885.0,1.4499999999999993,26,2042.0,,
70890.0,3.5700000000000003,26,1685.0,,
70895.0,1.4800000000000022,23,1537.0,,
70900.0,-0.25,19,1562.0,,
70905.0,-0.6699999999999999,23,1629.0,,
70910.0,-1.5500000000000007,37,1784.0,,
70915.0,-0.8900000000000006,39,1873.0,,
70920.0,-0.6600000000000001,47,1939.0,,
70925.0,-1.879999999999999,53,2127.0,,
70930.0,-1.4100000000000001,54,2268.0,,
70935.0,-1.5700000000000003,52,2425.0,,
70940.0,0.28000000000000114,40,2397.0,,
70945.0,3.8999999999999986,29,2007.0,,
70950.0,-0.8399999999999999,24,2091.0,,
70955.0,-0.2699999999999996,22,2118.0,,
70960.0,0.0799999999999983,18,2110.0,,
70965.0,-0.09999999999999787,28,2120.0,,
70970.0,0.7300000000000004,36,2047.0,,
70975.0,2.299999999999997,38,1817.0,,
70980.0,0.870000000000001,34,1730.0,,
70985.0,0.07000000000000028,33,1723.0,,
70990.0,-0.39000000000000057,32,1762.0,,
70995.0,-0.6400000000000006,27,1826.0,,
71000.0,-1.4100000000000001,31,1967.0,,
71005.0,-1.139999999999997,38,2081.0,,
71010.0,-2.2600000000000016,51,2307.0,,
71015.0,-1.6499999999999986,52,2472.0,,
71020.0,-0.2699999999999996,48,2499.0,,
71025.0,-0.6600000000000001,43,2565.0,,
71030.0,-1.6799999999999997,36,2733.0,,
71035.0,-1.8300000000000018,39,2916.0,,
71040.0,1.0399999999999991,40,2812.0,,
71045.0,3.1400000000000006,40,2498.0,,
71050.0,-0.019999999999999574,34,2500.0,,
71055.0,0.4200000000000017,33,2458.0,,
71060.0,0.25,32,2433.0,,
71065.0,0.029999999999997584,30,2430.0,,
71070.0,1.5399999999999991,26,2276.0,,
71075.0,4.700000000000003,25,1806.0,,
71080.0,0.16000000000000014,24,1790.0,,
71085.0,-0.3500000000000014,28,1825.0,,
71090.0,-0.8299999999999983,34,1908.0,,
71095.0,-0.39000000000000057,36,1947.0,,
71100.0,-0.3100000000000023,38,1978.0,,
71105.0,-1.8599999999999994,37,2164.0,,
71110.0,-1.8599999999999994,40,2350.0,,
71115.0,0.5199999999999996,43,2298.0,,
71120.0,2.6900000000000013,40,2029.0,,
71125.0,-1.0399999999999991,35,2133.0,,
71130.0,0.17999999999999972,35,2115.0,,
71135.0,-0.4299999999999997,35,2158.0,,
71140.0,-0.18000000000000327,30,2176.0,,
71145.0,1.1500000000000021,27,2061.0,,
71150.0,2.8099999999999987,30,1780.0,,
71155.0,0.4299999999999997,25,1737.0,,
71160.0,-0.14999999999999858,25,1752.0,,
71165.0,0.16999999999999815,21,1735.0,,
71170.0,0.5500000000000007,27,1680.0,,
71175.0,1.0300000000000011,32,1577.0,,
71180.0,2.0999999999999996,35,1367.0,,
71185.0,-0.9900000000000002,37,1466.0,,
71190.0,-0.6799999999999997,39,1534.0,,
71195.0,-0.1899999999999995,37,1553.0,,
71200.0,-1.410000000000002,35,1694.0,,
71205.0,-1.7199999999999989,37,1866.0,,
71210.0,0.2699999999999996,41,1839.0,,
71215.0,1.6799999999999997,40,1671.0,,
71220.0,-0.16000000000000014,38,1687.0,,
71225.0,-0.5500000000000007,38,1742.0,,
71230.0,-0.019999999999999574,36,1744.0,,
71235.0,-0.129999999999999,30,1757.0,,
71240.0,0.28999999999999915,31,1728.0,,
71245.0,0.2699999999999996,35,1701.0,,
71250.0,1.4800000000000022,35,1553.0,,
71255.0,0.16999999999999993,34,1536.0,,
71260.0,0.379999999999999,38,1498.0,,
71265.0,0.120000000000001,36,1486.0,,
71270.0,-1.4299999999999997,32,1629.0,,
71275.0,-1.6500000000000021,37,1794.0,,
71280.0,-0.04999999999999716,41,1799.0,,
71285.0,1.0199999999999996,40,1697.0,,
71290.0,-0.10999999999999943,38,1708.0,,
71295.0,-0.3000000000000007,38,1738.0,,
71300.0,0.3000000000000007,37,1708.0,,
71305.0,-0.39000000000000057,29,1747.0,,
71310.0,0.5599999999999987,29,1691.0,,
71315.0,0.03999999999999915,36,1687.0,,
71320.0,1.200000000000001,37,1567.0,,
71325.0,-0.2400000000000002,34,1591.0,,
71330.0,-0.25,38,1616.0,,
71335.0,0.33000000000000007,37,1583.0,,
71340.0,-1.4399999999999995,31,1727.0,,
71345.0,-1.6799999999999997,36,1895.0,,
71350.0,-0.7100000000000009,41,1966.0,,
71355.0,-0.8200000000000003,47,2048.0,,
71360.0,-1.4100000000000001,50,2189.0,,
71365.0,-0.9100000000000001,52,2280.0,,
71370.0,-0.23000000000000043,50,2303.0,,
71375.0,-1.6400000000000006,38,2467.0,,
71380.0,-1.2199999999999989,39,2589.0,,
71385.0,0.4200000000000017,39,2547.0,,
71390.0,2.549999999999997,37,2292.0,,
71395.0,0.11000000000000298,32,2281.0,,
71400.0,0.0,36,2281.0,,
71405.0,-1.3300000000000018,35,2414.0,,
71410.0,-1.8399999999999999,37,2598.0,,
71415.0,-1.2899999999999991,37,2727.0,,
71420.0,-1.8200000000000003,50,2909.0,,
71425.0,-1.4899999999999984,51,3058.0,,
71430.0,-0.010000000000001563,50,3059.0,,
71435.0,-0.3099999999999987,45,3090.0,,
71440.0,-0.6900000000000013,40,3159.0,,
71445.0,1.9499999999999993,31,2964.0,,
71450.0,3.84,26,2580.0,,
71455.0,-0.5,21,2630.0,,
71460.0,0.33999999999999986,16,2596.0,,
71465.0,-0.5700000000000003,18,2653.0,,
71470.0,-1.3599999999999994,34,2789.0,,
71475.0,-1.3200000000000003,43,2921.0,,
71480.0,-1.5700000000000003,53,3078.0,,
71485.0,-1.8599999999999994,54,3264.0,,
71490.0,-1.1199999999999974,52,3376.0,,
71495.0,-0.7899999999999991,49,3455.0,,
71500.0,1.3099999999999952,36,3324.0,,
71505.0,4.660000000000004,29,2858.0,,
71510.0,-0.8900000000000006,27,2947.0,,
71515.0,-0.33000000000000185,21,2980.0,,
71520.0,-0.14000000000000057,25,2994.0,,
71525.0,-0.759999999999998,29,3070.0,,
71530.0,-0.7899999999999991,34,3149.0,,
71535.0,1.4799999999999969,35,3001.0,,
71540.0,4.440000000000001,31,2557.0,,
71545.0,5.34,34,2023.0,,
71550.0,-0.3200000000000003,32,2055.0,,
71555.0,-0.6600000000000001,30,2121.0,,
71560.0,0.25,28,2096.0,,
71565.0,0.620000000000001,31,2034.0,,
71570.0,1.0399999999999991,37,1930.0,,
71575.0,3.0500000000000007,37,1625.0,,
71580.0,0.27999999999999936,38,1597.0,,
71585.0,-0.5899999999999981,39,1656.0,,
71590.0,-0.9600000000000009,38,1752.0,,
71595.0,-0.370000000000001,33,1789.0,,
71600.0,-1.75,37,1964.0,,
71605.0,-0.9100000000000001,40,2055.0,,
71610.0,-0.6499999999999986,50,2120.0,,
71615.0,-0.17999999999999972,55,2138.0,,
71620.0,1.7399999999999984,57,1964.0,,
71625.0,-1.0899999999999999,50,2073.0,,
71630.0,-0.39000000000000057,39,2112.0,,
71635.0,0.5700000000000003,36,2055.0,,
71640.0,-1.2399999999999984,33,2179.0,,
71645.0,-1.7600000000000016,39,2355.0,,
71650.0,-1.0399999999999991,47,2459.0,,
71655.0,-1.0700000000000003,51,2566.0,,
71660.0,-1.5300000000000011,53,2719.0,,
71665.0,-0.4599999999999973,52,2765.0,,
71670.0,0.34999999999999787,47,2730.0,,
71675.0,-0.6099999999999994,39,2791.0,,
71680.0,-1.129999999999999,36,2904.0,,
71685.0,-1.9800000000000004,43,3102.0,,
71690.0,0.5999999999999979,45,3042.0,,
71695.0,3.2600000000000016,42,2716.0,,
71700.0,-0.9800000000000004,37,2814.0,,
71705.0,0.25,32,2789.0,,
71710.0,0.3000000000000007,34,2759.0,,
71715.0,-0.46999999999999886,33,2806.0,,
71720.0,-0.7600000000000016,33,2882.0,,
71725.0,1.0500000000000007,35,2777.0,,
71730.0,3.34,35,2443.0,,
71735.0,1.0399999999999991,27,2339.0,,
71740.0,0.620000000000001,29,2277.0,,
71745.0,-0.8900000000000006,33,2366.0,,
71750.0,-0.629999999999999,40,2429.0,,
71755.0,-0.9499999999999993,42,2524.0,,
71760.0,-1.1800000000000033,42,2642.0,,
71765.0,-1.9399999999999977,41,2836.0,,
71770.0,-2.1900000000000013,46,3055.0,,
71775.0,0.4700000000000024,47,3008.0,,
71780.0,3.1199999999999974,45,2696.0,,
71785.0,-1.5399999999999991,40,2850.0,,
71790.0,-0.8099999999999987,34,2931.0,,
71795.0,-0.5300000000000011,36,2984.0,,
71800.0,-0.019999999999999574,35,2986.0,,
71805.0,0.9600000000000009,42,2890.0,,
71810.0,3.289999999999999,43,2561.0,,
71815.0,0.41000000000000014,37,2520.0,,
71820.0,-0.15000000000000213,36,2535.0,,
71825.0,0.6300000000000026,33,2472.0,,
71830.0,-1.620000000000001,34,2634.0,,
71835.0,-1.8599999999999994,41,2820.0,,
71840.0,-1.2300000000000004,47,2943.0,,
71845.0,-1.3000000000000007,53,3073.0,,
71850.0,0.370000000000001,56,3036.0,,
71855.0,3.9800000000000004,53,2638.0,,
71860.0,-1.2699999999999996,49,2765.0,,
71865.0,0.019999999999999574,39,2763.0,,
71870.0,1.1199999999999974,35,2651.0,,
71875.0,0.5899999999999999,33,2592.0,,
71880.0,0.360000000000003,35,2556.0,,
71885.0,1.889999999999997,33,2367.0,,
71890.0,5.120000000000001,28,1855.0,,
71895.0,3.120000000000001,27,1543.0,,
71900.0,-0.370000000000001,24,1580.0,,
71905.0,-0.10999999999999943,29,1591.0,,
71910.0,0.2400000000000002,27,1567.0,,
71915.0,0.20999999999999908,34,1546.0,,
71920.0,0.1700000000000017,36,1529.0,,
71925.0,2.2699999999999996,40,1302.0,,
71930.0,-0.33999999999999986,35,1336.0,,
71935.0,0.5599999999999987,33,1280.0,,
71940.0,-1.0099999999999998,36,1381.0,,
71945.0,-1.9299999999999997,41,1574.0,,
71950.0,-1.3100000000000005,40,1705.0,,
71955.0,-0.759999999999998,39,1781.0,,
71960.0,0.16999999999999815,37,1764.0,,
71965.0,1.4200000000000017,34,1622.0,,
71970.0,0.27999999999999936,27,1594.0,,
71975.0,0.2699999999999996,35,1567.0,,
71980.0,-0.7099999999999991,39,1638.0,,
71985.0,-0.6000000000000014,44,1698.0,,
71990.0,-1.9899999999999984,45,1897.0,,
71995.0,-2.25,45,2122.0,,
72000.0,-0.370000000000001,43,2159.0,,
72005.0,1.4400000000000013,39,2015.0,,
72010.0,-0.8100000000000023,40,2096.0,,
72015.0,0.14000000000000057,42,2082.0,,
72020.0,-0.3299999999999983,34,2115.0,,
72025.0,-0.21000000000000085,31,2136.0,,
72030.0,-0.4800000000000004,32,2184.0,,
72035.0,0.370000000000001,33,2147.0,,
72040.0,-1.240000000000002,34,2271.0,,
72045.0,-1.8200000000000003,40,2453.0,,
72050.0,-0.04999999999999716,42,2458.0,,
72055.0,1.889999999999997,41,2269.0,,
72060.0,0.3500000000000014,36,2234.0,,
72065.0,0.41999999999999815,34,2192.0,,
72070.0,0.990000000000002,32,2093.0,,
72075.0,-0.370000000000001,25,2130.0,,
72080.0,-0.3299999999999983,32,2163.0,,
72085.0,0.2699999999999996,37,2136.0,,
72090.0,1.879999999999999,39,1948.0,,
72095.0,-0.6600000000000001,35,2014.0,,
72100.0,0.41000000000000014,34,1973.0,,
72105.0,0.7199999999999989,33,1901.0,,
72110.0,-1.639999999999997,33,2065.0,,
72115.0,-1.6400000000000006,36,2229.0,,
72120.0,0.1999999999999993,42,2209.0,,
72125.0,3.1099999999999994,42,1898.0,,
72130.0,-0.9299999999999997,38,1991.0,,
72135.0,-0.010000000000001563,33,1992.0,,
72140.0,0.6300000000000026,36,1929.0,,
72145.0,-0.10000000000000142,30,1939.0,,
72150.0,-0.23999999999999844,29,1963.0,,
72155.0,0.6099999999999994,34,1902.0,,
72160.0,2.259999999999998,35,1676.0,,
72165.0,1.1400000000000023,28,1562.0,,
72170.0,1.3499999999999996,32,1427.0,,
72175.0,-0.9000000000000004,37,1517.0,,
72180.0,-0.5700000000000003,37,1574.0,,
72185.0,-0.3699999999999992,38,1611.0,,
72190.0,-1.8500000000000014,35,1796.0,,
72195.0,-2.0,43,1996.0,,
72200.0,0.13000000000000256,44,1983.0,,
72205.0,1.7899999999999991,42,1804.0,,
72210.0,0.03999999999999915,38,1800.0,,
72215.0,-0.16000000000000014,35,1816.0,,
72220.0,-0.19000000000000128,30,1835.0,,
72225.0,-0.07000000000000028,31,1842.0,,
72230.0,0.38000000000000256,30,1804.0,,
72235.0,1.759999999999998,36,1628.0,,
72240.0,-0.18999999999999773,33,1647.0,,
72245.0,0.09999999999999787,30,1637.0,,
72250.0,0.6700000000000017,32,1570.0,,
72255.0,0.09999999999999964,28,1560.0,,
72260.0,-1.3699999999999992,31,1697.0,,
72265.0,-1.9200000000000017,44,1889.0,,
72270.0,-0.23999999999999844,45,1913.0,,
72275.0,2.2300000000000004,42,1690.0,,
72280.0,-1.0500000000000007,38,1795.0,,
72285.0,0.14000000000000057,37,1781.0,,
72290.0,-0.060000000000002274,37,1787.0,,
72295.0,-0.019999999999999574,27,1789.0,,
72300.0,0.5199999999999996,29,1737.0,,
72305.0,0.5899999999999999,32,1678.0,,
72310.0,1.4800000000000004,37,1530.0,,
72315.0,0.20000000000000107,32,1510.0,,
72320.0,-0.009999999999999787,32,1511.0,,
72325.0,0.29999999999999893,32,1481.0,,
72330.0,-0.21999999999999886,26,1503.0,,
72335.0,-1.070000000000002,28,1610.0,,
72340.0,-1.75,38,1785.0,,
72345.0,-1.0599999999999987,42,1891.0,,
72350.0,-1.3000000000000007,45,2021.0,,
72355.0,-0.10999999999999943,47,2032.0,,
72360.0,1.6499999999999986,46,1867.0,,
72365.0,-1.25,41,1992.0,,
72370.0,0.490000000000002,35,1943.0,,
72375.0,0.14000000000000057,33,1929.0,,
72380.0,-0.08999999999999986,31,1938.0,,
72385.0,0.08999999999999986,30,1929.0,,
72390.0,0.8099999999999987,30,1848.0,,
72395.0,3.9700000000000006,26,1451.0,,
72400.0,-0.33999999999999986,21,1485.0,,
72405.0,-0.41000000000000014,28,1526.0,,
72410.0,-0.9000000000000004,37,1616.0,,
72415.0,-0.46999999999999886,37,1663.0,,
72420.0,-1.7100000000000009,40,1834.0,,
72425.0,-2.0700000000000003,43,2041.0,,
72430.0,0.019999999999999574,40,2039.0,,
72435.0,1.7899999999999991,36,1860.0,,
72440.0,-0.13999999999999702,35,1874.0,,
72445.0,0.75,35,1799.0,,
72450.0,0.10999999999999943,33,1788.0,,
72455.0,-0.25,29,1813.0,,
72460.0,-0.15000000000000213,27,1828.0,,
72465.0,1.0800000000000018,27,1720.0,,
72470.0,2.0999999999999996,24,1510.0,,
72475.0,-0.11000000000000121,20,1521.0,,
72480.0,0.030000000000001137,22,1518.0,,
72485.0,-0.5999999999999996,26,1578.0,,
72490.0,-1.549999999999999,36,1733.0,,
72495.0,-0.26000000000000156,37,1759.0,,
72500.0,0.030000000000001137,46,1756.0,,
72505.0,-1.3399999999999999,46,1890.0,,
72510.0,-0.9800000000000004,47,1988.0,,
72515.0,-1.4200000000000017,44,2130.0,,
72520.0,-1.4499999999999993,38,2275.0,,
72525.0,1.0,29,2175.0,,
72530.0,3.0500000000000007,25,1870.0,,
72535.0,-0.8300000000000018,22,1953.0,,
72540.0,-0.03999999999999915,18,1957.0,,
72545.0,-0.9299999999999997,23,2050.0,,
72550.0,-1.5100000000000016,36,2201.0,,
72555.0,-0.8099999999999987,43,2282.0,,
72560.0,-0.7199999999999989,49,2354.0,,
72565.0,-1.8900000000000006,52,2543.0,,
72570.0,-1.4200000000000017,51,2685.0,,
72575.0,-1.2399999999999984,47,2809.0,,
72580.0,-1.2300000000000004,38,2932.0,,
72585.0,1.490000000000002,29,2783.0,,
72590.0,4.09,28,2374.0,,
72595.0,0.6600000000000001,22,2308.0,,
72600.0,-0.26000000000000156,20,2334.0,,
72605.0,0.3200000000000003,16,2302.0,,
72610.0,-0.16000000000000014,28,2318.0,,
72615.0,1.129999999999999,31,2205.0,,
72620.0,3.150000000000002,35,1890.0,,
72625.0,-0.4200000000000017,36,1932.0,,
72630.0,-0.3500000000000014,37,1967.0,,
72635.0,-1.2299999999999969,35,2090.0,,
72640.0,-1.8399999999999999,38,2274.0,,
72645.0,-1.1600000000000001,37,2390.0,,
72650.0,-0.7200000000000024,37,2462.0,,
72655.0,1.0100000000000016,34,2361.0,,
72660.0,3.349999999999998,32,2026.0,,
72665.0,-0.8999999999999986,28,2116.0,,
72670.0,-0.3299999999999983,25,2149.0,,
72675.0,0.3099999999999987,23,2118.0,,
72680.0,0.6900000000000013,29,2049.0,,
72685.0,0.8499999999999979,32,1964.0,,
72690.0,4.220000000000001,34,1542.0,,
72695.0,-0.3000000000000007,34,1572.0,,
72700.0,-0.25,33,1597.0,,
72705.0,-1.5299999999999994,35,1750.0,,
72710.0,-1.7800000000000011,35,1928.0,,
72715.0,-0.8999999999999986,35,2018.0,,
72720.0,-0.26000000000000156,37,2044.0,,
72725.0,0.6600000000000001,33,1978.0,,
72730.0,3.1300000000000026,29,1665.0,,
72735.0,0.6799999999999979,25,1597.0,,
72740.0,0.21000000000000085,23,1576.0,,
72745.0,0.0600000000000005,21,1570.0,,
72750.0,0.33000000000000007,28,1537.0,,
72755.0,-0.5200000000000014,30,1589.0,,
72760.0,-0.3999999999999986,33,1629.0,,
72765.0,-1.490000000000002,38,1778.0,,
72770.0,-1.9699999999999989,42,1975.0,,
72775.0,0.16000000000000014,41,1959.0,,
72780.0,1.5899999999999999,38,1800.0,,
72785.0,-0.3500000000000014,36,1835.0,,
72790.0,0.2900000000000027,34,1806.0,,
72795.0,0.019999999999999574,33,1804.0,,
72800.0,-0.26000000000000156,25,1830.0,,
72805.0,-0.509999999999998,30,1881.0,,
72810.0,0.3999999999999986,32,1841.0,,
72815.0,1.8999999999999986,33,1651.0,,
72820.0,-0.8399999999999999,32,1735.0,,
72825.0,-0.07000000000000028,30,1742.0,,
72830.0,-1.259999999999998,32,1868.0,,
72835.0,-1.620000000000001,33,2030.0,,
72840.0,-0.9100000000000001,34,2121.0,,
72845.0,-0.05999999999999872,38,2127.0,,
72850.0,-1.5399999999999991,39,2281.0,,
72855.0,-1.990000000000002,42,2480.0,,
72860.0,0.3000000000000007,40,2450.0,,
72865.0,2.25,36,2225.0,,
72870.0,-0.21999999999999886,34,2247.0,,
72875.0,0.08999999999999986,36,2238.0,,
72880.0,0.4299999999999997,36,2195.0,,
72885.0,-1.8000000000000007,36,2375.0,,
72890.0,-1.8500000000000014,40,2560.0,,
72895.0,-0.7999999999999972,43,2640.0,,
72900.0,-0.2700000000000031,49,2667.0,,
72905.0,-1.4399999999999977,52,2811.0,,
72910.0,-0.75,51,2886.0,,
72915.0,-2.1799999999999997,49,3104.0,,
72920.0,-2.4299999999999997,48,3347.0,,
72925.0,0.6700000000000017,43,3280.0,,
72930.0,3.0799999999999983,42,2972.0,,
72935.0,1.6099999999999994,35,2811.0,,
72940.0,0.3000000000000007,34,2781.0,,
72945.0,0.8200000000000003,33,2699.0,,
72950.0,0.2099999999999973,33,2678.0,,
72955.0,0.0,27,2678.0,,
72960.0,-0.08999999999999986,32,2687.0,,
72965.0,1.2300000000000004,36,2564.0,,
72970.0,4.060000000000002,35,2158.0,,
72975.0,1.009999999999998,31,2057.0,,
72980.0,0.3099999999999987,27,2026.0,,
72985.0,-1.5399999999999991,35,2180.0,,
72990.0,-1.8099999999999987,36,2361.0,,
72995.0,-0.8300000000000018,35,2444.0,,
73000.0,0.0400000000000027,35,2440.0,,
73005.0,-1.9800000000000004,42,2638.0,,
73010.0,-2.210000000000001,45,2859.0,,
73015.0,0.6000000000000014,45,2799.0,,
73020.0,2.8299999999999983,46,2516.0,,
73025.0,-1.0300000000000011,41,2619.0,,
73030.0,-0.16000000000000014,42,2635.0,,
73035.0,0.2900000000000027,34,2606.0,,
73040.0,0.07000000000000028,33,2599.0,,
73045.0,-0.4400000000000013,32,2643.0,,
73050.0,-0.120000000000001,34,2655.0,,
73055.0,-1.75,36,2830.0,,
73060.0,-2.120000000000001,46,3042.0,,
73065.0,0.740000000000002,44,2968.0,,
73070.0,3.419999999999998,40,2626.0,,
73075.0,1.7000000000000028,34,2456.0,,
73080.0,0.379999999999999,33,2418.0,,
73085.0,1.120000000000001,32,2306.0,,
73090.0,-0.5700000000000003,29,2363.0,,
73095.0,-0.3200000000000003,28,2395.0,,
73100.0,-0.990000000000002,38,2494.0,,
73105.0,-0.10999999999999943,36,2505.0,,
73110.0,-1.4499999999999993,35,2650.0,,
73115.0,-1.8599999999999994,40,2836.0,,
73120.0,-1.3100000000000023,41,2967.0,,
73125.0,-0.7799999999999976,38,3045.0,,
73130.0,-1.7900000000000027,41,3224.0,,
73135.0,-2.229999999999997,48,3447.0,,
73140.0,-1.5799999999999983,47,3605.0,,
73145.0,-2.0500000000000043,53,3810.0,,
73150.0,-2.019999999999996,55,4012.0,,
73155.0,-0.6500000000000057,55,4077.0,,
73160.0,-1.4699999999999989,49,4224.0,,
73165.0,-1.3299999999999983,43,4357.0,,
73170.0,2.3200000000000003,35,4125.0,,
73175.0,5.969999999999999,30,3528.0,,
73180.0,0.3500000000000014,25,3493.0,,
73185.0,-0.14000000000000057,19,3507.0,,
73190.0,-0.11999999999999744,20,3519.0,,
73195.0,-1.2000000000000028,28,3639.0,,
73200.0,-1.7000000000000028,41,3809.0,,
73205.0,-1.5499999999999972,49,3964.0,,
73210.0,-1.6899999999999977,55,4133.0,,
73215.0,-2.280000000000001,59,4361.0,,
73220.0,-1.6700000000000017,56,4528.0,,
73225.0,-1.5,52,4678.0,,
73230.0,2.230000000000004,40,4455.0,,
73235.0,6.1299999999999955,30,3842.0,,
73240.0,2.6499999999999986,27,3577.0,,
73245.0,-0.37999999999999545,20,3615.0,,
73250.0,0.0899999999999963,20,3606.0,,
73255.0,-0.1699999999999946,21,3623.0,,
73260.0,-0.6400000000000006,33,3687.0,,
73265.0,2.039999999999999,40,3483.0,,
73270.0,5.309999999999999,41,2952.0,,
73275.0,-0.03999999999999915,39,2956.0,,
73280.0,-0.5100000000000016,33,3007.0,,
73285.0,-1.4800000000000004,37,3155.0,,
73290.0,-1.8599999999999959,38,3341.0,,
73295.0,-1.240000000000002,40,3465.0,,
73300.0,-0.39000000000000057,45,3504.0,,
73305.0,1.7299999999999969,42,3331.0,,
73310.0,8.290000000000003,39,2502.0,,
73315.0,-0.8500000000000014,30,2587.0,,
73320.0,-0.4299999999999997,32,2630.0,,
73325.0,-0.8000000000000007,37,2710.0,,
73330.0,-0.4299999999999997,40,2753.0,,
73335.0,-0.00999999999999801,39,2754.0,,
73340.0,-0.7200000000000024,38,2826.0,,
73345.0,-1.3399999999999999,41,2960.0,,
73350.0,-2.229999999999997,47,3183.0,,
73355.0,1.379999999999999,47,3045.0,,
73360.0,4.259999999999998,45,2619.0,,
73365.0,-0.0799999999999983,38,2627.0,,
73370.0,-0.14000000000000057,34,2641.0,,
73375.0,0.17999999999999972,32,2623.0,,
73380.0,-0.5799999999999983,29,2681.0,,
73385.0,-0.4200000000000017,36,2723.0,,
73390.0,-1.4299999999999997,44,2866.0,,
73395.0,-0.9299999999999997,43,2959.0,,
73400.0,1.6400000000000006,39,2795.0,,
73405.0,4.41,33,2354.0,,
73410.0,-0.6400000000000006,28,2418.0,,
73415.0,-0.23000000000000043,26,2441.0,,
73420.0,-1.0199999999999996,29,2543.0,,
73425.0,-1.7899999999999991,40,2722.0,,
73430.0,-1.4800000000000004,43,2870.0,,
73435.0,-1.1000000000000014,46,2980.0,,
73440.0,0.8200000000000003,43,2898.0,,
73445.0,3.490000000000002,37,2549.0,,
73450.0,0.16000000000000014,30,2533.0,,
73455.0,-0.2900000000000027,31,2562.0,,
73460.0,0.4400000000000013,23,2518.0,,
73465.0,0.5199999999999996,28,2466.0,,
73470.0,-1.0599999999999987,38,2572.0,,
73475.0,-1.0600000000000023,40,2678.0,,
73480.0,-1.7699999999999996,41,2855.0,,
73485.0,-2.210000000000001,48,3076.0,,
73490.0,0.620000000000001,50,3014.0,,
73495.0,3.280000000000001,47,2686.0,,
73500.0,-0.14000000000000057,43,2700.0,,
73505.0,-0.8099999999999987,36,2781.0,,
73510.0,-0.3000000000000007,35,2811.0,,
73515.0,-0.46000000000000085,28,2857.0,,
73520.0,0.14000000000000057,34,2843.0,,
73525.0,1.129999999999999,42,2730.0,,
73530.0,3.400000000000002,46,2390.0,,
73535.0,-1.3100000000000023,40,2521.0,,
73540.0,-0.5199999999999996,34,2573.0,,
73545.0,0.19000000000000128,31,2554.0,,
73550.0,-1.5700000000000003,32,2711.0,,
73555.0,-1.7699999999999996,38,2888.0,,
73560.0,-1.6099999999999994,49,3049.0,,
73565.0,-2.2800000000000047,55,3277.0,,
73570.0,0.2600000000000051,58,3251.0,,
73575.0,3.2099999999999973,56,2930.0,,
73580.0,-0.2799999999999976,49,2958.0,,
73585.0,0.08999999999999986,35,2949.0,,
73590.0,1.4499999999999993,28,2804.0,,
73595.0,0.23999999999999844,31,2780.0,,
73600.0,1.6500000000000021,28,2615.0,,
73605.0,3.8299999999999983,31,2232.0,,
73610.0,-0.6400000000000006,28,2296.0,,
73615.0,0.46000000000000085,20,2250.0,,
73620.0,-0.21000000000000085,19,2271.0,,
73625.0,-0.5999999999999979,31,2331.0,,
73630.0,0.6899999999999977,40,2262.0,,
73635.0,2.5700000000000003,48,2005.0,,
73640.0,-1.1099999999999994,43,2116.0,,
73645.0,-0.10000000000000142,41,2126.0,,
73650.0,-0.5899999999999999,35,2185.0,,
73655.0,-1.8399999999999999,38,2369.0,,
73660.0,-1.5,41,2519.0,,
73665.0,-1.8999999999999986,52,2709.0,,
73670.0,-0.14999999999999858,54,2724.0,,
73675.0,2.0799999999999983,51,2516.0,,
73680.0,-1.1000000000000014,46,2626.0,,
73685.0,0.620000000000001,35,2564.0,,
73690.0,1.2199999999999989,28,2442.0,,
73695.0,-1.3499999999999979,28,2577.0,,
73700.0,-1.6400000000000006,38,2741.0,,
73705.0,0.3500000000000014,44,2706.0,,
73710.0,2.1899999999999977,45,2487.0,,
73715.0,0.25,38,2462.0,,
73720.0,1.0100000000000016,33,2361.0,,
73725.0,0.9199999999999982,32,2269.0,,
73730.0,0.40000000000000213,29,2229.0,,
73735.0,0.14000000000000057,29,2215.0,,
73740.0,-1.0899999999999999,36,2324.0,,
73745.0,0.509999999999998,42,2273.0,,
73750.0,2.5700000000000003,40,2016.0,,
73755.0,0.05000000000000071,35,2011.0,,
73760.0,0.5,25,1961.0,,
73765.0,0.6099999999999994,27,1900.0,,
73770.0,-1.3200000000000003,27,2032.0,,
73775.0,-1.5199999999999996,34,2184.0,,
73780.0,0.23000000000000043,43,2161.0,,
73785.0,2.0799999999999983,43,1953.0,,
73790.0,-1.2199999999999989,41,2075.0,,
73795.0,-0.17999999999999972,34,2093.0,,
73800.0,0.17999999999999972,33,2075.0,,
73805.0,-0.6700000000000017,30,2142.0,,
73810.0,-0.36999999999999744,30,2179.0,,
73815.0,-1.1900000000000013,40,2298.0,,
73820.0,0.35999999999999943,44,2262.0,,
73825.0,2.5600000000000023,40,2006.0,,
73830.0,-0.0400000000000027,35,2010.0,,
73835.0,-0.10999999999999943,32,2021.0,,
73840.0,0.0,29,2021.0,,
73845.0,-1.1699999999999982,29,2138.0,,
73850.0,-1.7100000000000009,39,2309.0,,
73855.0,0.28999999999999915,44,2280.0,,
73860.0,2.030000000000001,44,2077.0,,
73865.0,-1.2899999999999991,41,2206.0,,
73870.0,0.08999999999999986,34,2197.0,,
73875.0,-0.21000000000000085,33,2218.0,,
73880.0,-0.5800000000000018,30,2276.0,,
73885.0,-0.6899999999999977,37,2345.0,,
73890.0,0.41000000000000014,44,2304.0,,
73895.0,2.1499999999999986,42,2089.0,,
73900.0,3.370000000000001,40,1752.0,,
73905.0,-0.9400000000000013,36,1846.0,,
73910.0,0.23000000000000043,32,1823.0,,
73915.0,-1.129999999999999,31,1936.0,,
73920.0,-1.8200000000000003,39,2118.0,,
73925.0,-1.6000000000000014,40,2278.0,,
73930.0,-1.879999999999999,51,2466.0,,
73935.0,-1.4600000000000009,54,2612.0,,
73940.0,-0.39000000000000057,53,2651.0,,
73945.0,-1.5199999999999996,49,2803.0,,
73950.0,-2.3699999999999974,48,3040.0,,
73955.0,0.2099999999999973,45,3019.0,,
73960.0,2.3200000000000003,43,2787.0,,
73965.0,0.21000000000000085,37,2766.0,,
73970.0,1.2899999999999991,34,2637.0,,
73975.0,1.1300000000000026,32,2524.0,,
73980.0,0.9799999999999969,31,2426.0,,
73985.0,-1.5899999999999999,34,2585.0,,
73990.0,-2.039999999999999,46,2789.0,,
73995.0,-1.509999999999998,52,2940.0,,
74000.0,-1.360000000000003,54,3076.0,,
74005.0,-0.03999999999999915,55,3080.0,,
74010.0,2.5100000000000016,52,2829.0,,
74015.0,0.0,46,2829.0,,
74020.0,0.9600000000000009,37,2733.0,,
74025.0,0.759999999999998,29,2657.0,,
74030.0,-0.05000000000000071,30,2662.0,,
74035.0,-0.8699999999999974,34,2749.0,,
74040.0,-1.9500000000000028,43,2944.0,,
74045.0,0.39000000000000057,45,2905.0,,
74050.0,4.330000000000002,43,2472.0,,
74055.0,-1.0,38,2572.0,,
74060.0,-0.120000000000001,32,2584.0,,
74065.0,0.3500000000000014,40,2549.0,,
74070.0,-1.7200000000000024,37,2721.0,,
74075.0,-1.9600000000000009,43,2917.0,,
74080.0,-1.1199999999999974,49,3029.0,,
74085.0,-0.9100000000000001,55,3120.0,,
74090.0,-1.6500000000000021,59,3285.0,,
74095.0,0.020000000000003126,56,3283.0,,
74100.0,-1.75,55,3458.0,,
74105.0,0.7399999999999949,45,3384.0,,
74110.0,4.240000000000002,34,2960.0,,
74115.0,-0.9499999999999993,30,3055.0,,
74120.0,-0.05000000000000071,25,3060.0,,
74125.0,0.4800000000000004,26,3012.0,,
74130.0,-0.36999999999999744,25,3049.0,,
74135.0,-0.39000000000000057,37,3088.0,,
74140.0,0.9699999999999989,46,2991.0,,
74145.0,5.190000000000001,46,2472.0,,
74150.0,-1.3800000000000026,42,2610.0,,
74155.0,-0.14999999999999858,34,2625.0,,
74160.0,-0.8299999999999983,33,2708.0,,
74165.0,-1.6000000000000014,33,2868.0,,
74170.0,-1.240000000000002,42,2992.0,,
74175.0,-1.7699999999999996,53,3169.0,,
74180.0,0.5700000000000003,58,3112.0,,
74185.0,3.16,54,2796.0,,
74190.0,-0.2699999999999996,48,2823.0,,
74195.0,0.9299999999999997,36,2730.0,,
74200.0,-1.620000000000001,31,2892.0,,
74205.0,-1.6899999999999977,37,3061.0,,
74210.0,-1.0100000000000016,42,3162.0,,
74215.0,-0.3299999999999983,45,3195.0,,
74220.0,1.0500000000000007,38,3090.0,,
74225.0,3.6499999999999986,35,2725.0,,
74230.0,0.6900000000000013,29,2656.0,,
74235.0,0.9899999999999984,25,2557.0,,
74240.0,-0.16999999999999815,23,2574.0,,
74245.0,-0.11000000000000298,29,2585.0,,
74250.0,-0.8499999999999979,39,2670.0,,
74255.0,0.3099999999999987,42,2639.0,,
74260.0,0.8399999999999999,39,2555.0,,
74265.0,3.3599999999999994,36,2219.0,,
74270.0,-0.5899999999999999,29,2278.0,,
74275.0,0.22000000000000242,25,2256.0,,
74280.0,-0.8900000000000006,28,2345.0,,
74285.0,-1.6600000000000001,39,2511.0,,
74290.0,-0.9100000000000001,43,2602.0,,
74295.0,-1.4699999999999989,55,2749.0,,
74300.0,0.03999999999999915,59,2745.0,,
74305.0,2.2300000000000004,57,2522.0,,
74310.0,-0.3000000000000007,49,2552.0,,
74315.0,-0.2699999999999996,37,2579.0,,
74320.0,0.3000000000000007,34,2549.0,,
74325.0,-0.11000000000000298,30,2560.0,,
74330.0,1.3200000000000003,27,2428.0,,
74335.0,3.080000000000002,31,2120.0,,
74340.0,0.18999999999999773,26,2101.0,,
74345.0,0.11000000000000298,20,2090.0,,
74350.0,-0.0400000000000027,20,2094.0,,
74355.0,0.010000000000001563,32,2093.0,,
74360.0,-1.129999999999999,39,2206.0,,
74365.0,-0.6700000000000017,42,2273.0,,
74370.0,-1.4800000000000004,41,2421.0,,
74375.0,-2.210000000000001,46,2642.0,,
74380.0,0.240000000000002,48,2618.0,,
74385.0,2.8200000000000003,44,2336.0,,
74390.0,0.9800000000000004,42,2238.0,,
74395.0,-0.05000000000000071,36,2243.0,,
74400.0,-0.33000000000000185,29,2276.0,,
74405.0,-0.5899999999999999,32,2335.0,,
74410.0,-0.8099999999999987,34,2416.0,,
74415.0,-0.6699999999999982,36,2483.0,,
74420.0,-1.8900000000000006,41,2672.0,,
74425.0,-2.2900000000000027,49,2901.0,,
74430.0,-2.229999999999997,52,3124.0,,
74435.0,-2.610000000000003,58,3385.0,,
74440.0,-2.1099999999999994,60,3596.0,,
74445.0,-1.25,56,3721.0,,
74450.0,-0.8999999999999986,51,3811.0,,
74455.0,1.490000000000002,39,3662.0,,
74460.0,4.439999999999998,30,3218.0,,
74465.0,2.120000000000001,25,3006.0,,
74470.0,0.4599999999999973,18,2960.0,,
74475.0,1.0800000000000018,19,2852.0,,
74480.0,-1.1000000000000014,27,2962.0,,
74485.0,-1.6799999999999997,39,3130.0,,
74490.0,0.870000000000001,48,3043.0,,
74495.0,4.48,51,2595.0,,
74500.0,-1.6000000000000014,47,2755.0,,
74505.0,-0.759999999999998,40,2831.0,,
74510.0,-0.10000000000000142,39,2841.0,,
74515.0,-1.4299999999999997,34,2984.0,,
74520.0,-1.9800000000000004,45,3182.0,,
74525.0,-1.1400000000000006,49,3296.0,,
74530.0,-0.7800000000000011,55,3374.0,,
74535.0,0.37000000000000455,58,3337.0,,
74540.0,3.0899999999999963,59,3028.0,,
74545.0,-1.6799999999999997,53,3196.0,,
74550.0,-0.240000000000002,41,3220.0,,
74555.0,0.20000000000000284,33,3200.0,,
74560.0,-0.00999999999999801,26,3201.0,,
74565.0,-0.5700000000000003,35,3258.0,,
74570.0,1.139999999999997,43,3144.0,,
74575.0,3.620000000000001,44,2782.0,,
74580.0,0.1999999999999993,39,2762.0,,
74585.0,0.10000000000000142,34,2752.0,,
74590.0,0.6600000000000001,32,2686.0,,
74595.0,-0.5899999999999999,30,2745.0,,
74600.0,-1.6700000000000017,37,2912.0,,
74605.0,0.8599999999999994,47,2826.0,,
74610.0,3.1000000000000014,46,2516.0,,
74615.0,-0.08999999999999986,40,2525.0,,
74620.0,0.16000000000000014,35,2509.0,,
74625.0,1.0199999999999996,34,2407.0,,
74630.0,-0.16999999999999815,30,2424.0,,
74635.0,0.09999999999999787,28,2414.0,,
74640.0,-0.17999999999999972,39,2432.0,,
74645.0,0.5800000000000018,47,2374.0,,
74650.0,3.049999999999997,43,2069.0,,
74655.0,0.7900000000000027,36,1990.0,,
74660.0,-0.05000000000000071,30,1995.0,,
74665.0,-0.629999999999999,31,2058.0,,
74670.0,-1.7100000000000009,35,2229.0,,
74675.0,-1.120000000000001,40,2341.0,,
74680.0,-0.7699999999999996,43,2418.0,,
74685.0,0.33999999999999986,41,2384.0,,
74690.0,2.6099999999999994,36,2123.0,,
74695.0,0.010000000000001563,28,2122.0,,
74700.0,0.5299999999999976,25,2069.0,,
74705.0,0.240000000000002,24,2045.0,,
74710.0,0.4399999999999977,33,2001.0,,
74715.0,0.740000000000002,40,1927.0,,
74720.0,3.6500000000000004,42,1562.0,,
74725.0,-1.1199999999999992,37,1674.0,,
74730.0,-0.23000000000000043,33,1697.0,,
74735.0,-0.8000000000000007,32,1777.0,,
74740.0,-1.7600000000000016,36,1953.0,,
74745.0,-1.0299999999999976,36,2056.0,,
74750.0,-0.40000000000000213,38,2096.0,,
74755.0,-0.9399999999999977,38,2190.0,,
74760.0,-1.0700000000000003,39,2297.0,,
74765.0,0.1999999999999993,41,2277.0,,
74770.0,2.25,38,2052.0,,
74775.0,1.1600000000000001,33,1936.0,,
74780.0,0.33999999999999986,29,1902.0,,
74785.0,-1.2100000000000009,35,2023.0,,
74790.0,-1.8499999999999979,38,2208.0,,
74795.0,-1.0500000000000007,38,2313.0,,
74800.0,-0.3100000000000023,40,2344.0,,
74805.0,-0.019999999999999574,40,2346.0,,
74810.0,0.6300000000000026,33,2283.0,,
74815.0,2.6999999999999993,29,2013.0,,
74820.0,-0.4400000000000013,28,2057.0,,
74825.0,-0.08999999999999986,33,2066.0,,
74830.0,-0.8399999999999999,38,2150.0,,
74835.0,-0.3099999999999987,42,2181.0,,
74840.0,-0.2900000000000027,43,2210.0,,
74845.0,-0.6600000000000001,38,2276.0,,
74850.0,-1.5499999999999972,35,2431.0,,
74855.0,-1.9400000000000013,42,2625.0,,
74860.0,0.3999999999999986,47,2585.0,,
74865.0,2.530000000000001,43,2332.0,,
74870.0,-1.4600000000000009,41,2478.0,,
74875.0,-0.7899999999999991,37,2557.0,,
74880.0,-0.3200000000000003,37,2589.0,,
74885.0,-0.5300000000000011,32,2642.0,,
74890.0,0.0400000000000027,37,2638.0,,
74895.0,0.8399999999999999,41,2554.0,,
74900.0,2.879999999999999,41,2266.0,,
74905.0,0.21999999999999886,37,2244.0,,
74910.0,-0.05999999999999872,32,2250.0,,
74915.0,0.23999999999999844,31,2226.0,,
74920.0,-1.4699999999999989,28,2373.0,,
74925.0,-1.620000000000001,36,2535.0,,
74930.0,-1.4799999999999969,45,2683.0,,
74935.0,-1.8200000000000003,53,2865.0,,
74940.0,-1.860000000000003,54,3051.0,,
74945.0,-1.0499999999999972,53,3156.0,,
74950.0,-0.25,49,3181.0,,
74955.0,0.9899999999999984,36,3082.0,,
74960.0,4.18,29,2664.0,,
74965.0,0.6600000000000001,25,2598.0,,
74970.0,0.16000000000000014,20,2582.0,,
74975.0,0.08999999999999986,18,2573.0,,
74980.0,-0.5599999999999987,27,2629.0,,
74985.0,1.259999999999998,35,2503.0,,
74990.0,3.5,38,2153.0,,
74995.0,-0.8699999999999974,35,2240.0,,
75000.0,0.10999999999999943,34,2229.0,,
75005.0,-1.3599999999999994,38,2365.0,,
75010.0,-1.9000000000000021,39,2555.0,,
75015.0,-1.4800000000000004,44,2703.0,,
75020.0,-2.0,52,2903.0,,
75025.0,0.07000000000000028,57,2896.0,,
75030.0,2.41,61,2655.0,,
75035.0,0.5700000000000003,54,2598.0,,
75040.0,-0.4299999999999997,49,2641.0,,
75045.0,-1.2300000000000004,43,2764.0,,
75050.0,-1.8099999999999987,47,2945.0,,
75055.0,-1.9400000000000013,53,3139.0,,
75060.0,-1.5499999999999972,54,3294.0,,
75065.0,-1.6900000000000048,61,3463.0,,
75070.0,-0.4299999999999997,64,3506.0,,
75075.0,1.8500000000000014,65,3321.0,,
75080.0,-0.5399999999999991,60,3375.0,,
75085.0,0.8999999999999986,56,3285.0,,
75090.0,-2.009999999999998,49,3486.0,,
75095.0,-1.3200000000000003,48,3618.0,,
75100.0,0.46000000000000085,42,3572.0,,
75105.0,2.039999999999999,48,3368.0,,
75110.0,0.4099999999999966,55,3327.0,,
75115.0,-1.279999999999994,65,3455.0,,
75120.0,-1.1400000000000006,68,3569.0,,
75125.0,0.28000000000000114,70,3541.0,,
75130.0,-2.3400000000000034,65,3775.0,,
75135.0,-1.0,59,3875.0,,
75140.0,-0.7199999999999989,51,3947.0,,
75145.0,1.2100000000000009,51,3826.0,,
75150.0,-0.6799999999999997,48,3894.0,,
75155.0,-0.8000000000000043,50,3974.0,,
75160.0,0.6600000000000037,47,3908.0,,
75165.0,2.039999999999999,52,3704.0,,
75170.0,-1.4500000000000028,59,3849.0,,
75175.0,-0.9299999999999997,62,3942.0,,
75180.0,-0.5599999999999952,69,3998.0,,
75185.0,0.7199999999999989,76,3926.0,,
75190.0,-1.6200000000000045,73,4088.0,,
75195.0,-0.7100000000000009,65,4159.0,,
75200.0,-0.22999999999999687,54,4182.0,,
75205.0,1.2800000000000011,51,4054.0,,
75210.0,-1.3000000000000043,46,4184.0,,
75215.0,-0.3499999999999943,50,4219.0,,
75220.0,-0.37000000000000455,53,4256.0,,
75225.0,0.28000000000000114,61,4228.0,,
75230.0,0.060000000000002274,66,4222.0,,
75235.0,0.5499999999999972,69,4167.0,,
75240.0,-1.269999999999996,70,4294.0,,
75245.0,0.4199999999999946,74,4252.0,,
75250.0,-1.3999999999999986,72,4392.0,,
75255.0,-0.7999999999999972,66,4472.0,,
75260.0,-0.509999999999998,59,4523.0,,
75265.0,0.0799999999999983,59,4515.0,,
75270.0,-0.00999999999999801,56,4516.0,,
75275.0,-0.5500000000000043,64,4571.0,,
75280.0,-0.3200000000000003,68,4603.0,,
75285.0,1.1499999999999986,71,4488.0,,
75290.0,-1.2199999999999989,72,4610.0,,
75295.0,-0.0899999999999963,61,4619.0,,
75300.0,-1.2100000000000009,57,4740.0,,
75305.0,-0.020000000000003126,58,4742.0,,
75310.0,-1.6199999999999974,59,4904.0,,
75315.0,-1.0600000000000023,62,5010.0,,
75320.0,-1.490000000000002,72,5159.0,,
75325.0,-0.06999999999999318,76,5166.0,,
75330.0,-0.6700000000000017,74,5233.0,,
75335.0,2.0,64,5033.0,,
75340.0,1.7999999999999972,55,4853.0,,
75345.0,0.23000000000000398,49,4830.0,,
75350.0,1.779999999999994,48,4652.0,,
75355.0,0.0800000000000054,52,4644.0,,
75360.0,0.8299999999999983,52,4561.0,,
75365.0,-1.0700000000000003,54,4668.0,,
75370.0,0.5300000000000011,58,4615.0,,
75375.0,-1.0799999999999983,67,4723.0,,
75380.0,0.5899999999999963,76,4664.0,,
75385.0,-0.8500000000000014,76,4749.0,,
75390.0,0.30000000000000426,66,4719.0,,
75395.0,-0.7000000000000028,57,4789.0,,
75400.0,0.9200000000000017,50,4697.0,,
75405.0,0.3500000000000014,46,4662.0,,
75410.0,0.9199999999999946,48,4570.0,,
75415.0,-0.7099999999999937,48,4641.0,,
75420.0,0.6399999999999935,50,4577.0,,
75425.0,0.480000000000004,52,4529.0,,
75430.0,0.5600000000000023,60,4473.0,,
75435.0,-0.4200000000000017,68,4515.0,,
75440.0,-1.509999999999998,66,4666.0,,
75445.0,0.259999999999998,61,4640.0,,
75450.0,0.28999999999999915,58,4611.0,,
75455.0,1.7199999999999989,59,4439.0,,
75460.0,-1.2100000000000009,56,4560.0,,
75465.0,-0.269999999999996,67,4587.0,,
75470.0,-1.7700000000000031,72,4764.0,,
75475.0,-0.9099999999999966,78,4855.0,,
75480.0,-1.980000000000004,74,5053.0,,
75485.0,0.25,62,5028.0,,
75490.0,-0.509999999999998,53,5079.0,,
75495.0,-0.00999999999999801,48,5080.0,,
75500.0,-0.2700000000000031,48,5107.0,,
75505.0,0.9100000000000037,59,5016.0,,
75510.0,-1.1100000000000065,61,5127.0,,
75515.0,0.7000000000000028,58,5057.0,,
75520.0,0.1700000000000017,52,5040.0,,
75525.0,-0.09000000000000341,47,5049.0,,
75530.0,-0.8200000000000003,51,5131.0,,
75535.0,-0.14000000000000057,61,5145.0,,
75540.0,0.5900000000000034,64,5086.0,,
75545.0,-1.1199999999999974,59,5198.0,,
75550.0,0.8699999999999974,56,5111.0,,
75555.0,-0.04999999999999716,49,5116.0,,
75560.0,-0.5500000000000043,45,5171.0,,
75565.0,-0.7800000000000011,51,5249.0,,
75570.0,-0.22999999999999687,62,5272.0,,
75575.0,-0.990000000000002,59,5371.0,,
75580.0,-1.6300000000000026,58,5534.0,,
75585.0,-1.279999999999994,60,5662.0,,
75590.0,-0.6900000000000048,62,5731.0,,
75595.0,-0.8699999999999974,60,5818.0,,
75600.0,1.5300000000000011,55,5665.0,,
75605.0,-0.509999999999998,51,5716.0,,
75610.0,-0.47000000000000597,47,5763.0,,
75615.0,0.12000000000000455,44,5751.0,,
75620.0,1.6400000000000006,40,5587.0,,
75625.0,-1.1799999999999997,42,5705.0,,
75630.0,-0.5100000000000051,46,5756.0,,
75635.0,0.030000000000001137,45,5753.0,,
75640.0,0.5300000000000011,48,5700.0,,
75645.0,-0.9399999999999977,47,5794.0,,
75650.0,0.37999999999999545,48,5756.0,,
75655.0,-1.6499999999999986,51,5921.0,,
75660.0,-0.8900000000000006,63,6010.0,,
75665.0,-1.5899999999999963,69,6169.0,,
75670.0,-1.25,63,6294.0,,
75675.0,0.23999999999999488,60,6270.0,,
75680.0,3.730000000000004,53,5897.0,,
75685.0,6.420000000000002,54,5255.0,,
75690.0,-1.1900000000000048,53,5374.0,,
75695.0,-0.37999999999999545,60,5412.0,,
75700.0,-2.3900000000000006,70,5651.0,,
75705.0,-1.8800000000000026,74,5839.0,,
75710.0,-0.8800000000000026,72,5927.0,,
75715.0,1.240000000000002,59,5803.0,,
75720.0,-0.4399999999999977,49,5847.0,,
75725.0,-0.17999999999999972,43,5865.0,,
75730.0,-0.6099999999999994,48,5926.0,,
75735.0,0.01999999999999602,58,5924.0,,
75740.0,-1.1299999999999955,60,6037.0,,
75745.0,0.30999999999999517,55,6006.0,,
75750.0,-0.75,50,6081.0,,
75755.0,-0.1699999999999946,46,6098.0,,
75760.0,-0.36000000000000654,42,6134.0,,
75765.0,0.37000000000000455,46,6097.0,,
75770.0,-0.259999999999998,44,6123.0,,
75775.0,-0.010000000000005116,47,6124.0,,
75780.0,-0.6499999999999986,51,6189.0,,
75785.0,-0.5300000000000011,62,6242.0,,
75790.0,-0.6599999999999966,66,6308.0,,
75795.0,-1.0700000000000074,63,6415.0,,
75800.0,0.22000000000000597,59,6393.0,,
75805.0,3.490000000000002,55,6044.0,,
75810.0,7.009999999999998,54,5343.0,,
75815.0,-1.2199999999999989,55,5465.0,,
75820.0,-0.4100000000000037,60,5506.0,,
75825.0,-1.2100000000000009,69,5627.0,,
75830.0,-1.029999999999994,74,5730.0,,
75835.0,-0.730000000000004,75,5803.0,,
75840.0,-1.3599999999999994,65,5939.0,,
75845.0,0.8900000000000006,55,5850.0,,
75850.0,-0.3299999999999983,49,5883.0,,
75855.0,0.6799999999999997,46,5815.0,,
75860.0,-1.0700000000000003,48,5922.0,,
75865.0,-0.480000000000004,56,5970.0,,
75870.0,-0.9799999999999969,61,6068.0,,
75875.0,1.009999999999998,57,5967.0,,
75880.0,-0.6599999999999966,49,6033.0,,
75885.0,0.0,44,6033.0,,
75890.0,-0.4299999999999997,44,6076.0,,
75895.0,1.2899999999999991,43,5947.0,,
75900.0,-0.6799999999999997,41,6015.0,,
75905.0,0.14000000000000057,45,6001.0,,
75910.0,-0.5300000000000011,51,6054.0,,
75915.0,-0.480000000000004,59,6102.0,,
75920.0,-0.9399999999999977,63,6196.0,,
75925.0,0.17999999999999972,57,6178.0,,
75930.0,-0.6400000000000006,49,6242.0,,
75935.0,-0.46000000000000085,46,6288.0,,
75940.0,-0.259999999999998,49,6314.0,,
75945.0,0.14000000000000057,57,6300.0,,
75950.0,-0.3400000000000034,65,6334.0,,
75955.0,-1.3400000000000034,59,6468.0,,
75960.0,0.45000000000000284,57,6423.0,,
75965.0,4.250000000000007,51,5998.0,,
75970.0,9.75,54,5023.0,,
75975.0,4.059999999999995,53,4617.0,,
75980.0,-1.1000000000000014,61,4727.0,,
75985.0,-1.9699999999999989,70,4924.0,,
75990.0,-0.9399999999999977,74,5018.0,,
75995.0,-0.8500000000000014,71,5103.0,,
76000.0,-0.75,57,5178.0,,
76005.0,1.0900000000000034,48,5069.0,,
76010.0,0.4299999999999997,43,5026.0,,
76015.0,-0.25,39,5051.0,,
76020.0,-0.5399999999999991,46,5105.0,,
76025.0,-0.09000000000000341,55,5114.0,,
76030.0,-1.0899999999999963,57,5223.0,,
76035.0,0.529999999999994,53,5170.0,,
76040.0,0.3200000000000003,44,5138.0,,
76045.0,0.7000000000000028,41,5068.0,,
76050.0,-0.29999999999999716,37,5098.0,,
76055.0,1.269999999999996,38,4971.0,,
76060.0,-0.5600000000000023,36,5027.0,,
76065.0,0.15000000000000568,40,5012.0,,
76070.0,-0.9500000000000028,49,5107.0,,
76075.0,-0.38000000000000256,59,5145.0,,
76080.0,-0.6599999999999966,61,5211.0,,
76085.0,0.3500000000000014,55,5176.0,,
76090.0,-1.3200000000000003,49,5308.0,,
76095.0,-0.13000000000000256,49,5321.0,,
76100.0,0.5300000000000011,38,5268.0,,
76105.0,1.4200000000000017,42,5126.0,,
76110.0,-0.39000000000000057,40,5165.0,,
76115.0,0.490000000000002,41,5116.0,,
76120.0,-1.220000000000006,47,5238.0,,
76125.0,-0.7199999999999989,59,5310.0,,
76130.0,-1.0399999999999991,62,5414.0,,
76135.0,-0.7899999999999991,57,5493.0,,
76140.0,5.350000000000001,53,4958.0,,
76145.0,9.009999999999998,53,4057.0,,
76150.0,-1.0799999999999983,55,4165.0,,
76155.0,-0.3100000000000023,60,4196.0,,
76160.0,-1.2199999999999989,68,4318.0,,
76165.0,-0.9600000000000009,71,4414.0,,
76170.0,-0.6300000000000026,74,4477.0,,
76175.0,-1.7999999999999972,63,4657.0,,
76180.0,-0.10000000000000142,54,4667.0,,
76185.0,-0.4899999999999949,47,4716.0,,
76190.0,-0.09000000000000341,45,4725.0,,
76195.0,-0.8800000000000026,45,4813.0,,
76200.0,0.22000000000000597,55,4791.0,,
76205.0,-0.8800000000000026,60,4879.0,,
76210.0,1.0600000000000023,52,4773.0,,
76215.0,-0.6900000000000048,46,4842.0,,
76220.0,0.030000000000001137,42,4839.0,,
76225.0,-0.46999999999999886,40,4886.0,,
76230.0,0.5499999999999972,40,4831.0,,
76235.0,0.14000000000000057,45,4817.0,,
76240.0,0.5500000000000043,46,4762.0,,
76245.0,-0.480000000000004,49,4810.0,,
76250.0,0.37000000000000455,60,4773.0,,
76255.0,-1.0200000000000031,61,4875.0,,
76260.0,0.0,58,4875.0,,
76265.0,-0.7800000000000011,50,4953.0,,
76270.0,-0.12999999999999545,41,4966.0,,
76275.0,-0.6100000000000065,40,5027.0,,
76280.0,0.5,45,4977.0,,
76285.0,0.490000000000002,44,4928.0,,
76290.0,0.9399999999999977,45,4834.0,,
76295.0,-0.00999999999999801,49,4835.0,,
76300.0,-0.6999999999999957,56,4905.0,,
76305.0,-1.2600000000000051,60,5031.0,,
76310.0,-0.8799999999999955,59,5119.0,,
76315.0,-1.0900000000000034,55,5228.0,,
76320.0,0.5700000000000003,51,5171.0,,
76325.0,-0.8599999999999994,48,5257.0,,
76330.0,-1.0700000000000003,63,5364.0,,
76335.0,-1.6599999999999966,66,5530.0,,
76340.0,-1.0600000000000023,62,5636.0,,
76345.0,-1.7800000000000011,52,5814.0,,
76350.0,-0.5300000000000011,45,5867.0,,
76355.0,-0.6299999999999955,41,5930.0,,
76360.0,-0.1600000000000037,47,5946.0,,
76365.0,-0.46000000000000085,46,5992.0,,
76370.0,0.12000000000000455,48,5980.0,,
76375.0,-1.3400000000000034,50,6114.0,,
76380.0,-0.8200000000000003,59,6196.0,,
76385.0,-1.1499999999999986,64,6311.0,,
76390.0,-0.759999999999998,60,6387.0,,
76395.0,6.769999999999996,55,5710.0,,
76400.0,11.810000000000002,54,4529.0,,
76405.0,-1.0900000000000034,54,4638.0,,
76410.0,-0.3499999999999943,63,4673.0,,
76415.0,-2.010000000000005,70,4874.0,,
76420.0,-1.0499999999999972,71,4979.0,,
76425.0,-0.46999999999999886,75,5026.0,,
76430.0,-1.8500000000000014,64,5211.0,,
76435.0,0.9600000000000009,55,5115.0,,
76440.0,-1.1000000000000014,50,5225.0,,
76445.0,0.35999999999999943,43,5189.0,,
76450.0,-0.8900000000000006,47,5278.0,,
76455.0,-0.46999999999999886,58,5325.0,,
76460.0,-0.7000000000000028,61,5395.0,,
76465.0,0.8900000000000006,61,5306.0,,
76470.0,-1.2899999999999991,53,5435.0,,
76475.0,-0.10000000000000142,46,5445.0,,
76480.0,-0.9299999999999997,48,5538.0,,
76485.0,0.0,54,5538.0,,
76490.0,-0.529999999999994,60,5591.0,,
76495.0,0.3499999999999943,57,5556.0,,
76500.0,-1.3499999999999943,53,5691.0,,
76505.0,-0.4200000000000017,48,5733.0,,
76510.0,-0.5100000000000051,50,5784.0,,
76515.0,0.14000000000000057,61,5770.0,,
76520.0,-1.2399999999999949,62,5894.0,,
76525.0,0.4199999999999946,60,5852.0,,
76530.0,-1.769999999999996,52,6029.0,,
76535.0,-0.9299999999999997,51,6122.0,,
76540.0,-0.7700000000000031,53,6199.0,,
76545.0,0.14999999999999858,60,6184.0,,
76550.0,0.060000000000002274,65,6178.0,,
76555.0,-1.0300000000000011,59,6281.0,,
76560.0,1.1400000000000006,54,6167.0,,
76565.0,0.14000000000000057,49,6153.0,,
76570.0,-0.3100000000000023,46,6184.0,,
76575.0,-0.8899999999999935,46,6273.0,,
76580.0,0.6799999999999997,53,6205.0,,
76585.0,-0.1600000000000037,54,6221.0,,
76590.0,0.9600000000000009,49,6125.0,,
76595.0,0.28000000000000114,44,6097.0,,
76600.0,0.01999999999999602,39,6095.0,,
76605.0,0.1700000000000017,35,6078.0,,
76610.0,0.8100000000000023,40,5997.0,,
76615.0,7.359999999999999,38,5261.0,,
76620.0,11.149999999999999,44,4146.0,,
76625.0,-1.0899999999999963,50,4255.0,,
76630.0,-0.6099999999999994,59,4316.0,,
76635.0,-1.970000000000006,71,4513.0,,
76640.0,-0.9499999999999957,71,4608.0,,
76645.0,-0.5500000000000043,72,4663.0,,
76650.0,-1.4199999999999946,61,4805.0,,
76655.0,0.5599999999999952,51,4749.0,,
76660.0,-0.3999999999999986,46,4789.0,,
76665.0,-0.17999999999999972,46,4807.0,,
76670.0,-0.990000000000002,47,4906.0,,
76675.0,-0.4899999999999949,56,4955.0,,
76680.0,-0.25,60,4980.0,,
76685.0,-1.0100000000000051,57,5081.0,,
76690.0,0.5700000000000003,53,5024.0,,
76695.0,-1.3799999999999955,48,5162.0,,
76700.0,-0.5200000000000031,47,5214.0,,
76705.0,-1.3500000000000014,50,5349.0,,
76710.0,-0.10000000000000142,57,5359.0,,
76715.0,-0.5399999999999991,62,5413.0,,
76720.0,-1.009999999999998,59,5514.0,,
76725.0,0.5799999999999983,52,5456.0,,
76730.0,-1.4799999999999969,50,5604.0,,
76735.0,-0.740000000000002,47,5678.0,,
76740.0,-1.1700000000000017,51,5795.0,,
76745.0,-1.1199999999999974,60,5907.0,,
76750.0,-0.8500000000000014,65,5992.0,,
76755.0,-0.7399999999999949,61,6066.0,,
76760.0,1.0899999999999963,52,5957.0,,
76765.0,6.640000000000001,48,5293.0,,
76770.0,8.770000000000003,47,4416.0,,
76775.0,3.3399999999999963,47,4082.0,,
76780.0,-0.6300000000000026,59,4145.0,,
76785.0,-2.1299999999999955,68,4358.0,,
76790.0,-1.4299999999999997,69,4501.0,,
76795.0,-0.7600000000000051,70,4577.0,,
76800.0,-0.779999999999994,57,4655.0,,
76805.0,2.009999999999998,50,4454.0,,
76810.0,-1.1600000000000037,47,4570.0,,
76815.0,-0.30999999999999517,46,4601.0,,
76820.0,-1.0200000000000031,47,4703.0,,
76825.0,-0.519999999999996,56,4755.0,,
76830.0,-0.13000000000000256,61,4768.0,,
76835.0,-0.28000000000000114,59,4796.0,,
76840.0,3.469999999999999,51,4449.0,,
76845.0,-1.25,44,4574.0,,
76850.0,-0.3999999999999986,43,4614.0,,
76855.0,-0.9099999999999966,43,4705.0,,
76860.0,-0.3300000000000054,51,4738.0,,
76865.0,0.20000000000000284,55,4718.0,,
76870.0,-0.20000000000000284,53,4738.0,,
76875.0,2.289999999999999,49,4509.0,,
76880.0,-1.3999999999999986,48,4649.0,,
76885.0,-0.18999999999999773,46,4668.0,,
76890.0,-1.0399999999999991,45,4772.0,,
76895.0,-0.8500000000000014,52,4857.0,,
76900.0,-0.5799999999999983,59,4915.0,,
76905.0,-0.3299999999999983,56,4948.0,,
76910.0,2.1799999999999997,50,4730.0,,
76915.0,0.5599999999999952,45,4674.0,,
76920.0,-1.0599999999999952,47,4780.0,,
76925.0,-1.1200000000000045,44,4892.0,,
76930.0,-0.9200000000000017,53,4984.0,,
76935.0,-0.509999999999998,56,5035.0,,
76940.0,-0.28000000000000114,54,5063.0,,
76945.0,1.8100000000000023,49,4882.0,,
76950.0,5.380000000000003,44,4344.0,,
76955.0,7.210000000000001,46,3623.0,,
76960.0,-1.3000000000000043,48,3753.0,,
76965.0,-1.2100000000000009,59,3874.0,,
76970.0,-1.3699999999999974,66,4011.0,,
76975.0,-1.1499999999999986,65,4126.0,,
76980.0,-0.8700000000000045,65,4213.0,,
76985.0,0.14000000000000057,53,4199.0,,
76990.0,3.3100000000000023,44,3868.0,,
76995.0,-1.1700000000000017,40,3985.0,,
77000.0,-0.10000000000000142,38,3995.0,,
77005.0,-0.6999999999999957,41,4065.0,,
77010.0,-0.3200000000000003,48,4097.0,,
77015.0,-0.1700000000000017,51,4114.0,,
77020.0,1.6199999999999974,47,3952.0,,
77025.0,-0.0899999999999963,40,3961.0,,
77030.0,0.28000000000000114,36,3933.0,,
77035.0,0.9600000000000009,32,3837.0,,
77040.0,2.739999999999995,32,3563.0,,
77045.0,-0.46000000000000085,32,3609.0,,
77050.0,-0.01999999999999602,37,3611.0,,
77055.0,-0.8299999999999983,45,3694.0,,
77060.0,-0.25,53,3719.0,,
77065.0,0.10999999999999943,60,3708.0,,
77070.0,-0.46000000000000085,54,3754.0,,
77075.0,1.6099999999999994,48,3593.0,,
77080.0,-1.3599999999999994,41,3729.0,,
77085.0,-0.4299999999999997,36,3772.0,,
77090.0,-0.030000000000001137,34,3775.0,,
77095.0,1.75,34,3600.0,,
77100.0,0.20000000000000284,37,3580.0,,
77105.0,0.1699999999999946,45,3563.0,,
77110.0,-1.1999999999999957,46,3683.0,,
77115.0,-0.7100000000000009,57,3754.0,,
77120.0,-1.4200000000000017,62,3896.0,,
77125.0,-1.269999999999996,57,4023.0,,
77130.0,-0.37000000000000455,52,4060.0,,
77135.0,-0.6700000000000017,48,4127.0,,
77140.0,-0.27999999999999403,44,4155.0,,
77145.0,-0.6500000000000057,45,4220.0,,
77150.0,-0.8799999999999955,53,4308.0,,
77155.0,-0.9299999999999997,59,4401.0,,
77160.0,-1.4200000000000017,58,4543.0,,
77165.0,-0.11999999999999744,51,4555.0,,
77170.0,5.579999999999998,46,3997.0,,
77175.0,7.229999999999997,45,3274.0,,
77180.0,-1.0300000000000011,48,3377.0,,
77185.0,-0.6199999999999974,57,3439.0,,
77190.0,-1.4299999999999997,65,3582.0,,
77195.0,-1.2299999999999969,65,3705.0,,
77200.0,-0.28000000000000114,65,3733.0,,
77205.0,-1.2899999999999991,57,3862.0,,
77210.0,0.8699999999999974,48,3775.0,,
77215.0,-0.36999999999999744,41,3812.0,,
77220.0,-0.3100000000000023,40,3843.0,,
77225.0,-0.7899999999999991,42,3922.0,,
77230.0,-0.35999999999999943,52,3958.0,,
77235.0,0.18999999999999773,51,3939.0,,
77240.0,0.7700000000000031,48,3862.0,,
77245.0,-0.4100000000000037,43,3903.0,,
77250.0,0.5300000000000011,36,3850.0,,
77255.0,0.4200000000000017,30,3808.0,,
77260.0,1.4600000000000009,37,3662.0,,
77265.0,-0.5100000000000051,39,3713.0,,
77270.0,0.3500000000000014,41,3678.0,,
77275.0,-0.37999999999999545,45,3716.0,,
77280.0,-0.4100000000000037,53,3757.0,,
77285.0,-0.5899999999999963,55,3816.0,,
77290.0,0.7199999999999989,52,3744.0,,
77295.0,-1.3200000000000003,48,3876.0,,
77300.0,-0.3200000000000003,40,3908.0,,
77305.0,-0.35999999999999943,40,3944.0,,
77310.0,1.5399999999999991,38,3790.0,,
77315.0,-0.44000000000000483,41,3834.0,,
77320.0,0.4000000000000057,44,3794.0,,
77325.0,-1.3900000000000006,50,3933.0,,
77330.0,-0.9600000000000009,57,4029.0,,
77335.0,-1.009999999999998,59,4130.0,,
77340.0,-0.28000000000000114,57,4158.0,,
77345.0,-1.8500000000000014,53,4343.0,,
77350.0,-0.6700000000000017,48,4410.0,,
77355.0,-0.7800000000000011,41,4488.0,,
77360.0,-0.01999999999999602,48,4490.0,,
77365.0,0.03999999999999915,46,4486.0,,
77370.0,1.9600000000000009,45,4290.0,,
77375.0,-1.2899999999999991,45,4419.0,,
77380.0,-0.8000000000000043,55,4499.0,,
77385.0,-0.6899999999999977,63,4568.0,,
77390.0,-1.9200000000000017,61,4760.0,,
77395.0,-0.5700000000000003,57,4817.0,,
77400.0,4.93,53,4324.0,,
77405.0,7.480000000000004,55,3576.0,,
77410.0,-1.0900000000000034,59,3685.0,,
77415.0,-0.11999999999999744,62,3697.0,,
77420.0,-1.1200000000000045,68,3809.0,,
77425.0,-1.1999999999999957,68,3929.0,,
77430.0,-0.4200000000000017,68,3971.0,,
77435.0,-1.4399999999999977,59,4115.0,,
77440.0,0.4200000000000017,51,4073.0,,
77445.0,-0.3400000000000034,44,4107.0,,
77450.0,0.3200000000000003,39,4075.0,,
77455.0,-0.7000000000000028,41,4145.0,,
77460.0,0.20000000000000284,51,4125.0,,
77465.0,-0.4799999999999969,53,4173.0,,
77470.0,1.5899999999999963,48,4014.0,,
77475.0,-0.3399999999999963,42,4048.0,,
77480.0,0.22999999999999687,41,4025.0,,
77485.0,-0.7000000000000028,42,4095.0,,
77490.0,0.21000000000000085,49,4074.0,,
77495.0,-0.22999999999999687,51,4097.0,,
77500.0,0.740000000000002,49,4023.0,,
77505.0,-1.220000000000006,46,4145.0,,
77510.0,-0.02999999999999403,41,4148.0,,
77515.0,-0.12000000000000455,37,4160.0,,
77520.0,1.3100000000000023,39,4029.0,,
77525.0,0.13000000000000256,38,4016.0,,
77530.0,0.6499999999999986,44,3951.0,,
77535.0,-0.6499999999999986,50,4016.0,,
77540.0,-0.29000000000000625,58,4045.0,,
77545.0,-0.5700000000000003,63,4102.0,,
77550.0,-1.0899999999999963,58,4211.0,,
77555.0,0.490000000000002,53,4162.0,,
77560.0,-1.490000000000002,50,4311.0,,
77565.0,-0.5200000000000031,44,4363.0,,
77570.0,-1.3200000000000003,50,4495.0,,
77575.0,-0.4899999999999949,61,4544.0,,
77580.0,-1.2600000000000051,65,4670.0,,
77585.0,-1.1699999999999946,60,4787.0,,
77590.0,0.6099999999999994,52,4726.0,,
77595.0,-0.6200000000000045,46,4788.0,,
77600.0,-0.37999999999999545,44,4826.0,,
77605.0,-1.2800000000000011,50,4954.0,,
77610.0,-0.8999999999999986,58,5044.0,,
77615.0,-0.6200000000000045,60,5106.0,,
77620.0,-1.2899999999999991,58,5235.0,,
77625.0,0.46000000000000085,55,5189.0,,
77630.0,-1.6499999999999986,53,5354.0,,
77635.0,-0.8000000000000043,48,5434.0,,
77640.0,-0.8399999999999963,53,5518.0,,
77645.0,-1.0200000000000031,56,5620.0,,
77650.0,-0.7299999999999969,61,5693.0,,
77655.0,-1.0600000000000023,57,5799.0,,
77660.0,1.0300000000000011,51,5696.0,,
77665.0,6.539999999999999,48,5042.0,,
77670.0,9.810000000000002,46,4061.0,,
77675.0,2.9099999999999966,48,3770.0,,
77680.0,-0.9899999999999949,57,3869.0,,
77685.0,-1.4400000000000048,70,4013.0,,
77690.0,-1.3999999999999986,70,4153.0,,
77695.0,-0.6099999999999994,67,4214.0,,
77700.0,-0.5899999999999963,54,4273.0,,
77705.0,1.8599999999999994,47,4087.0,,
77710.0,-0.07000000000000028,42,4094.0,,
77715.0,-0.21999999999999886,37,4116.0,,
77720.0,1.4099999999999966,30,3975.0,,
77725.0,2.520000000000003,30,3723.0,,
77730.0,0.759999999999998,33,3647.0,,
77735.0,0.8999999999999986,39,3557.0,,
77740.0,-0.8900000000000006,43,3646.0,,
77745.0,-0.22999999999999687,51,3669.0,,
77750.0,-0.5399999999999991,56,3723.0,,
77755.0,1.759999999999998,53,3547.0,,
77760.0,-1.5,48,3697.0,,
77765.0,0.030000000000001137,42,3694.0,,
77770.0,0.22999999999999687,36,3671.0,,
77775.0,1.8900000000000006,37,3482.0,,
77780.0,-0.35999999999999943,35,3518.0,,
77785.0,0.35999999999999943,39,3482.0,,
77790.0,-0.9799999999999969,45,3580.0,,
77795.0,-0.730000000000004,54,3653.0,,
77800.0,-0.8699999999999974,58,3740.0,,
77805.0,-0.03999999999999915,55,3744.0,,
77810.0,-1.8200000000000003,50,3926.0,,
77815.0,-0.9500000000000028,43,4021.0,,
77820.0,-0.28000000000000114,40,4049.0,,
77825.0,0.060000000000002274,45,4043.0,,
77830.0,-1.0499999999999972,42,4148.0,,
77835.0,-0.740000000000002,44,4222.0,,
77840.0,-0.9600000000000009,44,4318.0,,
77845.0,-0.5600000000000023,45,4374.0,,
77850.0,-0.1699999999999946,47,4391.0,,
77855.0,1.1399999999999935,51,4277.0,,
77860.0,0.030000000000001137,50,4274.0,,
77865.0,-1.009999999999998,59,4375.0,,
77870.0,-1.1400000000000006,66,4489.0,,
77875.0,-1.9799999999999969,62,4687.0,,
77880.0,-0.4200000000000017,60,4729.0,,
77885.0,-1.009999999999998,54,4830.0,,
77890.0,0.22999999999999687,53,4807.0,,
77895.0,-0.3999999999999986,51,4847.0,,
77900.0,-0.46999999999999886,61,4894.0,,
77905.0,-2.1000000000000014,67,5104.0,,
77910.0,-1.3699999999999974,61,5241.0,,
77915.0,-0.5500000000000043,59,5296.0,,
77920.0,5.890000000000001,55,4707.0,,
77925.0,9.630000000000003,54,3744.0,,
77930.0,-1.0700000000000003,57,3851.0,,
77935.0,-0.2700000000000031,61,3878.0,,
77940.0,-1.6499999999999986,69,4043.0,,
77945.0,-1.3900000000000006,71,4182.0,,
77950.0,-0.7000000000000028,72,4252.0,,
77955.0,-1.5700000000000003,61,4409.0,,
77960.0,1.2000000000000028,52,4289.0,,
77965.0,-1.1000000000000014,49,4399.0,,
77970.0,0.5800000000000054,44,4341.0,,
77975.0,-1.1700000000000017,47,4458.0,,
77980.0,-0.5600000000000023,58,4514.0,,
77985.0,-0.14000000000000057,66,4528.0,,
77990.0,-1.2999999999999972,63,4658.0,,
77995.0,1.6400000000000006,54,4494.0,,
78000.0,-1.2800000000000011,49,4622.0,,
78005.0,-0.17999999999999972,45,4640.0,,
78010.0,-0.21999999999999886,44,4662.0,,
78015.0,-0.3500000000000014,53,4697.0,,
78020.0,-0.030000000000001137,61,4700.0,,
78025.0,-0.740000000000002,57,4774.0,,
78030.0,1.6900000000000048,52,4605.0,,
78035.0,-1.4299999999999997,50,4748.0,,
78040.0,-0.7600000000000051,46,4824.0,,
78045.0,0.12000000000000455,42,4812.0,,
78050.0,1.8099999999999952,42,4631.0,,
78055.0,5.240000000000002,43,4107.0,,
78060.0,6.57,53,3450.0,,
78065.0,-0.990000000000002,56,3549.0,,
78070.0,-0.10000000000000142,63,3559.0,,
78075.0,-1.5599999999999952,65,3715.0,,
78080.0,-1.2199999999999989,69,3837.0,,
78085.0,-0.5700000000000003,66,3894.0,,
78090.0,1.0499999999999972,58,3789.0,,
78095.0,-1.5399999999999991,48,3943.0,,
78100.0,-0.4100000000000037,42,3984.0,,
78105.0,0.6900000000000048,34,3915.0,,
78110.0,1.519999999999996,41,3763.0,,
78115.0,0.46000000000000085,41,3717.0,,
78120.0,1.1900000000000048,43,3598.0,,
78125.0,-0.5600000000000023,43,3654.0,,
78130.0,0.1700000000000017,53,3637.0,,
78135.0,-0.3500000000000014,56,3672.0,,
78140.0,0.28000000000000114,53,3644.0,,
78145.0,-0.9200000000000017,49,3736.0,,
78150.0,-0.39000000000000057,40,3775.0,,
78155.0,-0.240000000000002,39,3799.0,,
78160.0,1.0900000000000034,42,3690.0,,
78165.0,0.37999999999999545,48,3652.0,,
78170.0,0.17999999999999972,55,3634.0,,
78175.0,-0.8299999999999983,58,3717.0,,
78180.0,-0.4299999999999997,55,3760.0,,
78185.0,-0.519999999999996,49,3812.0,,
78190.0,0.14999999999999858,46,3797.0,,
78195.0,-0.6400000000000006,46,3861.0,,
78200.0,-0.9699999999999989,57,3958.0,,
78205.0,-0.9600000000000009,58,4054.0,,
78210.0,0.29999999999999716,55,4024.0,,
78215.0,-1.0899999999999963,50,4133.0,,
78220.0,-0.8200000000000003,43,4215.0,,
78225.0,-0.03999999999999915,39,4219.0,,
78230.0,0.6499999999999986,40,4154.0,,
78235.0,-0.4100000000000037,41,4195.0,,
78240.0,0.7000000000000028,44,4125.0,,
78245.0,-0.6499999999999986,45,4190.0,,
78250.0,-0.8299999999999983,55,4273.0,,
78255.0,-1.3300000000000054,63,4406.0,,
78260.0,-0.269999999999996,57,4433.0,,
78265.0,-1.25,53,4558.0,,
78270.0,-0.8100000000000023,46,4639.0,,
78275.0,-0.4799999999999969,40,4687.0,,
78280.0,1.3200000000000003,46,4555.0,,
78285.0,-0.30000000000000426,42,4585.0,,
78290.0,1.490000000000002,44,4436.0,,
78295.0,-1.1400000000000006,49,4550.0,,
78300.0,-0.5499999999999972,55,4605.0,,
78305.0,-1.75,62,4780.0,,
78310.0,-0.7800000000000011,62,4858.0,,
78315.0,-0.7600000000000051,57,4934.0,,
78320.0,0.1700000000000017,50,4917.0,,
78325.0,-0.6999999999999957,54,4987.0,,
78330.0,-0.8800000000000026,62,5075.0,,
78335.0,-1.2100000000000009,62,5196.0,,
78340.0,-0.259999999999998,60,5222.0,,
78345.0,5.289999999999999,55,4693.0,,
78350.0,9.280000000000001,53,3765.0,,
78355.0,-0.8599999999999994,54,3851.0,,
78360.0,-0.46000000000000085,63,3897.0,,
78365.0,-0.8299999999999983,67,3980.0,,
78370.0,-0.6799999999999997,70,4048.0,,
78375.0,-0.6799999999999997,64,4116.0,,
78380.0,-0.14000000000000057,52,4130.0,,
78385.0,-1.1300000000000026,47,4243.0,,
78390.0,0.10000000000000142,43,4233.0,,
78395.0,0.03999999999999915,38,4229.0,,
78400.0,0.5399999999999991,43,4175.0,,
78405.0,0.6300000000000026,40,4112.0,,
78410.0,0.6499999999999986,40,4047.0,,
78415.0,-0.020000000000003126,46,4049.0,,
78420.0,0.240000000000002,54,4025.0,,
78425.0,-0.17999999999999972,56,4043.0,,
78430.0,0.11999999999999744,54,4031.0,,
78435.0,-0.6400000000000006,47,4095.0,,
78440.0,-0.27999999999999403,42,4123.0,,
78445.0,-0.490000000000002,39,4172.0,,
78450.0,0.7899999999999991,40,4093.0,,
78455.0,-0.39000000000000057,44,4132.0,,
78460.0,0.9600000000000009,46,4036.0,,
78465.0,-0.5700000000000003,51,4093.0,,
78470.0,-0.4399999999999977,59,4137.0,,
78475.0,-0.720000000000006,67,4209.0,,
78480.0,-1.4799999999999969,64,4357.0,,
78485.0,0.0,57,4357.0,,
78490.0,-1.1300000000000026,52,4470.0,,
78495.0,0.28000000000000114,50,4442.0,,
78500.0,-0.6899999999999977,50,4511.0,,
78505.0,-0.4299999999999997,56,4554.0,,
78510.0,-0.9699999999999989,59,4651.0,,
78515.0,-0.030000000000001137,57,4654.0,,
78520.0,-1.240000000000002,51,4778.0,,
78525.0,-0.37999999999999545,45,4816.0,,
78530.0,-0.1700000000000017,37,4833.0,,
78535.0,1.3200000000000003,40,4701.0,,
78540.0,-0.39000000000000057,46,4740.0,,
78545.0,0.03999999999999915,60,4736.0,,
78550.0,-1.4399999999999977,60,4880.0,,
78555.0,-1.1000000000000014,57,4990.0,,
78560.0,-0.990000000000002,52,5089.0,,
78565.0,-0.0899999999999963,49,5098.0,,
78570.0,-0.39000000000000057,43,5137.0,,
78575.0,0.7899999999999991,47,5058.0,,
78580.0,-0.8400000000000034,49,5142.0,,
78585.0,-0.769999999999996,56,5219.0,,
78590.0,-1.5,61,5369.0,,
78595.0,-0.20000000000000284,57,5389.0,,
78600.0,-0.35999999999999943,51,5425.0,,
78605.0,0.07000000000000028,43,5418.0,,
78610.0,-0.45000000000000284,40,5463.0,,
78615.0,0.12000000000000455,44,5451.0,,
78620.0,6.369999999999997,42,4814.0,,
78625.0,10.57,50,3757.0,,
78630.0,3.289999999999999,57,3428.0,,
78635.0,0.39000000000000057,64,3389.0,,
78640.0,-2.1799999999999997,70,3607.0,,
78645.0,-1.2199999999999989,71,3729.0,,
78650.0,-1.730000000000004,70,3902.0,,
78655.0,-0.0899999999999963,59,3911.0,,
78660.0,-0.5399999999999991,49,3965.0,,
78665.0,0.3399999999999963,41,3931.0,,
78670.0,0.2600000000000051,43,3905.0,,
78675.0,0.45999999999999375,52,3859.0,,
78680.0,-1.3399999999999963,54,3993.0,,
78685.0,-0.22999999999999687,52,4016.0,,
78690.0,-0.490000000000002,49,4065.0,,
78695.0,0.37999999999999545,44,4027.0,,
78700.0,-0.8999999999999986,41,4117.0,,
78705.0,0.21999999999999886,43,4095.0,,
78710.0,-0.6999999999999957,44,4165.0,,
78715.0,1.1099999999999994,44,4054.0,,
78720.0,-0.7899999999999991,48,4133.0,,
78725.0,0.1700000000000017,57,4116.0,,
78730.0,-1.490000000000002,60,4265.0,,
78735.0,0.07000000000000028,56,4258.0,,
78740.0,-1.3100000000000023,50,4389.0,,
78745.0,0.8999999999999986,46,4299.0,,
78750.0,-0.8999999999999986,40,4389.0,,
78755.0,0.2700000000000031,43,4362.0,,
78760.0,-0.6200000000000045,46,4424.0,,
78765.0,0.5900000000000034,45,4365.0,,
78770.0,0.269999999999996,48,4338.0,,
78775.0,0.23000000000000398,57,4315.0,,
78780.0,-0.490000000000002,59,4364.0,,
78785.0,-0.01999999999999602,55,4366.0,,
78790.0,-1.5100000000000051,50,4517.0,,
78795.0,-0.4099999999999966,47,4558.0,,
78800.0,-1.0700000000000003,41,4665.0,,
78805.0,-0.259999999999998,44,4691.0,,
78810.0,-0.060000000000002274,47,4697.0,,
78815.0,-0.5900000000000034,51,4756.0,,
78820.0,1.4100000000000037,52,4615.0,,
78825.0,-1.5300000000000011,56,4768.0,,
78830.0,-0.8699999999999974,63,4855.0,,
78835.0,-2.2900000000000063,66,5084.0,,
78840.0,-1.3399999999999963,63,5218.0,,
78845.0,-1.4799999999999969,56,5366.0,,
78850.0,-0.15000000000000568,53,5381.0,,
78855.0,-1.6599999999999966,48,5547.0,,
78860.0,-0.8400000000000034,46,5631.0,,
78865.0,6.219999999999999,50,5009.0,,
78870.0,10.420000000000002,54,3967.0,,
78875.0,3.219999999999999,59,3645.0,,
78880.0,0.6500000000000057,66,3580.0,,
78885.0,-2.0400000000000063,68,3784.0,,
78890.0,-0.8199999999999932,69,3866.0,,
78895.0,-1.6200000000000045,67,4028.0,,
78900.0,-0.8799999999999955,61,4116.0,,
78905.0,-0.8800000000000026,54,4204.0,,
78910.0,0.8699999999999974,51,4117.0,,
78915.0,-0.8500000000000014,48,4202.0,,
78920.0,0.30000000000000426,59,4172.0,,
78925.0,-1.0500000000000043,60,4277.0,,
78930.0,-0.5599999999999952,59,4333.0,,
78935.0,-0.9299999999999997,54,4426.0,,
78940.0,0.5599999999999952,47,4370.0,,
78945.0,-0.1599999999999966,48,4386.0,,
78950.0,0.5300000000000011,54,4333.0,,
78955.0,-0.6099999999999994,57,4394.0,,
78960.0,0.0,56,4394.0,,
78965.0,-0.490000000000002,52,4443.0,,
78970.0,0.020000000000003126,48,4441.0,,
78975.0,0.03999999999999915,45,4437.0,,
78980.0,0.4399999999999977,56,4393.0,,
78985.0,0.0899999999999963,57,4384.0,,
78990.0,1.0400000000000063,56,4280.0,,
78995.0,-1.1600000000000037,49,4396.0,,
79000.0,0.4299999999999997,42,4353.0,,
79005.0,0.21000000000000085,39,4332.0,,
79010.0,0.9100000000000037,42,4241.0,,
79015.0,-0.5400000000000063,40,4295.0,,
79020.0,0.5600000000000023,46,4239.0,,
79025.0,-0.7000000000000028,47,4309.0,,
79030.0,-0.46999999999999886,59,4356.0,,
79035.0,-1.3699999999999974,64,4493.0,,
79040.0,0.17999999999999972,60,4475.0,,
79045.0,-1.1099999999999994,58,4586.0,,
79050.0,-0.6400000000000006,53,4650.0,,
79055.0,-0.8500000000000014,49,4735.0,,
79060.0,0.5200000000000031,50,4683.0,,
79065.0,-0.730000000000004,49,4756.0,,
79070.0,-0.8900000000000006,58,4845.0,,
79075.0,-1.3699999999999974,62,4982.0,,
79080.0,-0.020000000000003126,64,4984.0,,
79085.0,-1.3899999999999935,56,5123.0,,
79090.0,-0.9500000000000028,52,5218.0,,
79095.0,-0.6600000000000037,46,5284.0,,
79100.0,0.22000000000000597,48,5262.0,,
79105.0,-0.4100000000000037,48,5303.0,,
79110.0,1.1300000000000026,50,5190.0,,
79115.0,-0.8900000000000006,52,5279.0,,
79120.0,-1.1499999999999986,61,5394.0,,
79125.0,-1.4299999999999997,67,5537.0,,
79130.0,-0.6600000000000037,67,5603.0,,
79135.0,0.3299999999999983,62,5570.0,,
79140.0,-0.9399999999999977,62,5664.0,,
79145.0,-0.10000000000000142,56,5674.0,,
79150.0,0.44000000000000483,61,5630.0,,
79155.0,-0.9299999999999997,58,5723.0,,
79160.0,0.0899999999999963,60,5714.0,,
79165.0,-1.8299999999999983,61,5897.0,,
79170.0,-1.0500000000000043,60,6002.0,,
79175.0,5.890000000000001,57,5413.0,,
79180.0,10.68,58,4345.0,,
79185.0,-1.029999999999994,61,4448.0,,
79190.0,-0.04000000000000625,69,4452.0,,
79195.0,-1.279999999999994,71,4580.0,,
79200.0,-0.720000000000006,74,4652.0,,
79205.0,-1.6999999999999957,72,4822.0,,
79210.0,-1.1099999999999994,63,4933.0,,
79215.0,-0.12000000000000455,50,4945.0,,
79220.0,0.9400000000000048,44,4851.0,,
79225.0,0.1599999999999966,44,4835.0,,
79230.0,0.7800000000000011,51,4757.0,,
79235.0,-1.490000000000002,59,4906.0,,
79240.0,0.240000000000002,55,4882.0,,
79245.0,-0.36999999999999744,51,4919.0,,
79250.0,1.6699999999999946,46,4752.0,,
79255.0,0.1700000000000017,42,4735.0,,
79260.0,0.4100000000000037,43,4694.0,,
79265.0,-0.9100000000000037,47,4785.0,,
79270.0,-0.07000000000000028,57,4792.0,,
79275.0,-0.5,58,4842.0,,
79280.0,0.38000000000000256,58,4804.0,,
79285.0,-1.3800000000000026,52,4942.0,,
79290.0,-0.28000000000000114,47,4970.0,,
79295.0,-0.7099999999999937,50,5041.0,,
79300.0,0.529999999999994,60,4988.0,,
79305.0,-1.3999999999999986,64,5128.0,,
79310.0,0.21999999999999886,60,5106.0,,
79315.0,-0.7899999999999991,51,5185.0,,
79320.0,-0.22999999999999687,44,5208.0,,
79325.0,-0.09000000000000341,47,5217.0,,
79330.0,-0.25,58,5242.0,,
79335.0,-0.6099999999999994,61,5303.0,,
79340.0,0.5600000000000023,57,5247.0,,
79345.0,-1.6300000000000026,53,5410.0,,
79350.0,-0.6199999999999974,46,5472.0,,
79355.0,-0.35999999999999943,43,5508.0,,
79360.0,0.4299999999999997,44,5465.0,,
79365.0,6.659999999999997,45,4799.0,,
79370.0,13.96,52,3403.0,,
79375.0,-1.1599999999999966,57,3519.0,,
79380.0,0.75,63,3444.0,,
79385.0,-1.9699999999999989,67,3641.0,,
79390.0,-0.38000000000000256,70,3679.0,,
79395.0,-1.0600000000000023,67,3785.0,,
79400.0,0.3100000000000023,55,3754.0,,
79405.0,-1.2199999999999989,47,3876.0,,
79410.0,0.4099999999999966,43,3835.0,,
79415.0,0.21000000000000085,37,3814.0,,
79420.0,1.259999999999998,40,3688.0,,
79425.0,0.3400000000000034,39,3654.0,,
79430.0,0.9799999999999969,41,3556.0,,
79435.0,0.2700000000000031,43,3529.0,,
79440.0,-0.20000000000000284,51,3549.0,,
79445.0,-0.46000000000000085,57,3595.0,,
79450.0,0.35999999999999943,53,3559.0,,
79455.0,-0.21999999999999886,45,3581.0,,
79460.0,-0.14000000000000057,41,3595.0,,
79465.0,-0.19999999999999574,37,3615.0,,
79470.0,0.769999999999996,37,3538.0,,
79475.0,0.3400000000000034,37,3504.0,,
79480.0,0.8900000000000006,40,3415.0,,
79485.0,-0.28000000000000114,46,3443.0,,
79490.0,-0.240000000000002,53,3467.0,,
79495.0,-1.1000000000000014,58,3577.0,,
79500.0,-0.6199999999999974,56,3639.0,,
79505.0,-0.6599999999999966,51,3705.0,,
79510.0,-0.060000000000002274,47,3711.0,,
79515.0,-0.6000000000000014,47,3771.0,,
79520.0,-0.8200000000000003,58,3853.0,,
79525.0,-1.7199999999999989,62,4025.0,,
79530.0,-1.1300000000000026,58,4138.0,,
79535.0,-1.25,52,4263.0,,
79540.0,-0.4799999999999969,45,4311.0,,
79545.0,-0.14999999999999858,38,4326.0,,
79550.0,-0.25,43,4351.0,,
79555.0,0.12999999999999545,39,4338.0,,
79560.0,0.5700000000000003,46,4281.0,,
79565.0,-0.5899999999999963,49,4340.0,,
79570.0,-0.730000000000004,57,4413.0,,
79575.0,-1.0499999999999972,63,4518.0,,
79580.0,-0.6300000000000026,54,4581.0,,
79585.0,-1.1799999999999997,51,4699.0,,
79590.0,-0.4899999999999949,44,4748.0,,
79595.0,-1.0500000000000043,41,4853.0,,
79600.0,-0.21999999999999886,42,4875.0,,
79605.0,0.020000000000003126,43,4873.0,,
79610.0,0.8099999999999952,49,4792.0,,
79615.0,-1.2899999999999991,54,4921.0,,
79620.0,-0.10999999999999943,63,4932.0,,
79625.0,-2.0799999999999983,67,5140.0,,
79630.0,-1.2800000000000011,62,5268.0,,
79635.0,5.640000000000001,57,4704.0,,
79640.0,10.43,54,3661.0,,
79645.0,3.719999999999999,58,3289.0,,
79650.0,0.18999999999999773,62,3270.0,,
79655.0,-2.009999999999998,69,3471.0,,
79660.0,-0.8599999999999994,72,3557.0,,
79665.0,-1.6099999999999994,69,3718.0,,
79670.0,-0.75,62,3793.0,,
79675.0,-0.990000000000002,50,3892.0,,
79680.0,0.46999999999999886,45,3845.0,,
79685.0,-0.37999999999999545,44,3883.0,,
79690.0,-0.05000000000000426,55,3888.0,,
79695.0,-0.8699999999999974,61,3975.0,,
79700.0,-0.060000000000002274,54,3981.0,,
79705.0,-0.6699999999999946,48,4048.0,,
79710.0,-0.030000000000001137,41,4051.0,,
79715.0,-0.03999999999999915,43,4055.0,,
79720.0,0.5599999999999952,42,3999.0,,
79725.0,0.1600000000000037,45,3983.0,,
79730.0,0.7999999999999972,46,3903.0,,
79735.0,-0.8399999999999963,46,3987.0,,
79740.0,0.7999999999999972,54,3907.0,,
79745.0,-1.490000000000002,59,4056.0,,
79750.0,-0.01999999999999602,57,4058.0,,
79755.0,-0.1600000000000037,52,4074.0,,
79760.0,-0.12999999999999545,45,4087.0,,
79765.0,0.37999999999999545,42,4049.0,,
79770.0,0.490000000000002,41,4000.0,,
79775.0,0.9699999999999989,42,3903.0,,
79780.0,1.3700000000000045,44,3766.0,,
79785.0,-0.2600000000000051,47,3792.0,,
79790.0,-0.6499999999999986,55,3857.0,,
79795.0,-1.3100000000000023,61,3988.0,,
79800.0,-0.8900000000000006,61,4077.0,,
79805.0,-0.529999999999994,54,4130.0,,
79810.0,0.5899999999999963,52,4071.0,,
79815.0,-0.7199999999999989,51,4143.0,,
79820.0,-0.36999999999999744,62,4180.0,,
79825.0,-1.4600000000000009,60,4326.0,,
79830.0,-0.7899999999999991,59,4405.0,,
79835.0,-1.1700000000000017,54,4522.0,,
79840.0,0.12999999999999545,46,4509.0,,
79845.0,-0.09999999999999432,47,4519.0,,
79850.0,-0.46999999999999886,57,4566.0,,
79855.0,-1.2900000000000063,62,4695.0,,
79860.0,-0.779999999999994,57,4773.0,,
79865.0,-1.6300000000000026,53,4936.0,,
79870.0,0.35999999999999943,45,4900.0,,
79875.0,-1.0,44,5000.0,,
79880.0,-0.21999999999999886,44,5022.0,,
79885.0,5.490000000000002,47,4473.0,,
79890.0,9.259999999999998,51,3547.0,,
79895.0,-0.5700000000000003,61,3604.0,,
79900.0,0.5,66,3554.0,,
79905.0,-2.039999999999999,70,3758.0,,
79910.0,-0.9500000000000028,73,3853.0,,
79915.0,-1.4399999999999977,69,3997.0,,
79920.0,-0.3400000000000034,62,4031.0,,
79925.0,-1.3599999999999994,49,4167.0,,
79930.0,0.5200000000000031,46,4115.0,,
79935.0,-0.6499999999999986,43,4180.0,,
79940.0,1.3099999999999952,44,4049.0,,
79945.0,0.35999999999999943,44,4013.0,,
79950.0,3.0,42,3713.0,,
79955.0,-0.7899999999999991,44,3792.0,,
79960.0,-0.10999999999999943,51,3803.0,,
79965.0,-0.7299999999999969,57,3876.0,,
79970.0,-0.19000000000000483,56,3895.0,,
79975.0,-0.28999999999999915,51,3924.0,,
79980.0,0.5600000000000023,46,3868.0,,
79985.0,-0.36999999999999744,46,3905.0,,
79990.0,-0.3400000000000034,58,3939.0,,
79995.0,-1.019999999999996,61,4041.0,,
80000.0,-0.25,57,4066.0,,
80005.0,-1.4500000000000028,52,4211.0,,
80010.0,-0.10000000000000142,47,4221.0,,
80015.0,0.3100000000000023,41,4190.0,,
80020.0,0.4299999999999997,42,4147.0,,
80025.0,-0.28999999999999915,43,4176.0,,
80030.0,0.9499999999999957,42,4081.0,,
80035.0,-0.4399999999999977,45,4125.0,,
80040.0,-0.07000000000000028,56,4132.0,,
80045.0,-0.9299999999999997,57,4225.0,,
80050.0,-0.1700000000000017,58,4242.0,,
80055.0,-0.23999999999999488,54,4266.0,,
80060.0,0.25,46,4241.0,,
80065.0,-0.490000000000002,46,4290.0,,
80070.0,-0.37000000000000455,54,4327.0,,
80075.0,-1.2099999999999937,60,4448.0,,
80080.0,-0.75,57,4523.0,,
80085.0,-1.7000000000000028,52,4693.0,,
80090.0,-0.7700000000000031,50,4770.0,,
80095.0,-0.3299999999999983,42,4803.0,,
80100.0,0.14000000000000057,47,4789.0,,
80105.0,-0.030000000000001137,44,4792.0,,
80110.0,0.7600000000000051,46,4716.0,,
80115.0,-1.3500000000000014,48,4851.0,,
80120.0,-0.8900000000000006,58,4940.0,,
80125.0,-0.8100000000000023,68,5021.0,,
80130.0,-2.039999999999999,67,5225.0,,
80135.0,-0.17999999999999972,63,5243.0,,
80140.0,5.030000000000001,56,4740.0,,
80145.0,9.129999999999995,52,3827.0,,
80150.0,-0.8099999999999952,58,3908.0,,
80155.0,0.0899999999999963,65,3899.0,,
80160.0,-2.1400000000000006,67,4113.0,,
80165.0,-1.3200000000000003,71,4245.0,,
80170.0,-0.8900000000000006,73,4334.0,,
80175.0,-1.769999999999996,66,4511.0,,
80180.0,0.3299999999999983,57,4478.0,,
80185.0,-0.03999999999999915,52,4482.0,,
80190.0,0.7899999999999991,47,4403.0,,
80195.0,-0.6599999999999966,47,4469.0,,
80200.0,-0.5,57,4519.0,,
80205.0,-0.19000000000000483,64,4538.0,,
80210.0,-1.259999999999998,62,4664.0,,
80215.0,0.75,56,4589.0,,
80220.0,-1.0,54,4689.0,,
80225.0,0.4100000000000037,47,4648.0,,
80230.0,-0.5700000000000003,47,4705.0,,
80235.0,0.02999999999999403,56,4702.0,,
80240.0,-0.6899999999999977,64,4771.0,,
80245.0,-1.0499999999999972,62,4876.0,,
80250.0,1.8200000000000003,56,4694.0,,
80255.0,-1.1600000000000037,52,4810.0,,
80260.0,0.21999999999999886,46,4788.0,,
80265.0,0.15000000000000568,45,4773.0,,
80270.0,-0.8300000000000054,55,4856.0,,
80275.0,-0.6899999999999977,63,4925.0,,
80280.0,-0.8100000000000023,61,5006.0,,
80285.0,1.4000000000000057,57,4866.0,,
80290.0,-0.22000000000000597,49,4888.0,,
80295.0,0.10999999999999943,46,4877.0,,
80300.0,-0.519999999999996,44,4929.0,,
80305.0,-0.8999999999999986,52,5019.0,,
80310.0,-0.0800000000000054,56,5027.0,,
80315.0,1.6400000000000006,51,4863.0,,
80320.0,-1.6699999999999946,48,5030.0,,
80325.0,-0.6099999999999994,46,5091.0,,
80330.0,0.7299999999999969,41,5018.0,,
80335.0,1.7800000000000011,40,4840.0,,
80340.0,5.559999999999995,44,4284.0,,
80345.0,7.380000000000003,50,3546.0,,
80350.0,-0.9699999999999989,56,3643.0,,
80355.0,-0.3200000000000003,65,3675.0,,
80360.0,-1.6000000000000014,70,3835.0,,
80365.0,-1.3699999999999974,72,3972.0,,
80370.0,-0.46000000000000085,64,4018.0,,
80375.0,0.6599999999999966,58,3952.0,,
80380.0,-0.22999999999999687,47,3975.0,,
80385.0,0.3400000000000034,44,3941.0,,
80390.0,-0.240000000000002,44,3965.0,,
80395.0,0.3500000000000014,55,3930.0,,
80400.0,-0.38000000000000256,56,3968.0,,
80405.0,0.7299999999999969,54,3895.0,,
80410.0,-0.3499999999999943,41,3930.0,,
80415.0,0.07000000000000028,40,3923.0,,
80420.0,-0.30000000000000426,34,3953.0,,
80425.0,0.8800000000000026,40,3865.0,,
80430.0,0.19999999999999574,40,3845.0,,
80435.0,0.7100000000000009,40,3774.0,,
80440.0,-0.9199999999999946,47,3866.0,,
80445.0,-0.38000000000000256,58,3904.0,,
80450.0,-1.8000000000000043,60,4084.0,,
80455.0,-1.0,58,4184.0,,
80460.0,-0.7899999999999991,58,4263.0,,
80465.0,-0.5599999999999952,60,4319.0,,
80470.0,-0.5600000000000023,60,4375.0,,
80475.0,0.6400000000000006,55,4311.0,,
80480.0,-1.1499999999999986,46,4426.0,,
80485.0,-0.35999999999999943,42,4462.0,,
80490.0,0.05999999999999517,40,4456.0,,
80495.0,1.2600000000000051,41,4330.0,,
80500.0,-0.3400000000000034,40,4364.0,,
80505.0,-0.490000000000002,41,4413.0,,
80510.0,-0.3999999999999986,42,4453.0,,
80515.0,1.1200000000000045,42,4341.0,,
80520.0,-0.3300000000000054,41,4374.0,,
80525.0,1.3300000000000054,45,4241.0,,
80530.0,-0.6700000000000017,47,4308.0,,
80535.0,-0.8100000000000023,56,4389.0,,
80540.0,-1.5399999999999991,60,4543.0,,
80545.0,-0.39000000000000057,59,4582.0,,
80550.0,-1.0,49,4682.0,,
80555.0,-0.6400000000000006,49,4746.0,,
80560.0,-0.7199999999999989,44,4818.0,,
80565.0,1.1599999999999966,43,4702.0,,
80570.0,4.93,46,4209.0,,
80575.0,7.840000000000003,50,3425.0,,
80580.0,2.9499999999999993,57,3130.0,,
80585.0,0.39000000000000057,65,3091.0,,
80590.0,-0.620000000000001,67,3153.0,,
80595.0,-0.5799999999999983,68,3211.0,,
80600.0,-1.2000000000000028,70,3331.0,,
80605.0,-1.5300000000000011,61,3484.0,,
80610.0,-0.4299999999999997,52,3527.0,,
80615.0,-0.38999999999999346,49,3566.0,,
80620.0,0.6199999999999974,43,3504.0,,
80625.0,-0.8599999999999994,45,3590.0,,
80630.0,-0.12000000000000455,54,3602.0,,
80635.0,-1.0,58,3702.0,,
80640.0,-0.3499999999999943,54,3737.0,,
80645.0,-0.6700000000000017,48,3804.0,,
80650.0,0.04999999999999716,45,3799.0,,
80655.0,0.030000000000001137,40,3796.0,,
80660.0,1.0,39,3696.0,,
80665.0,-0.5600000000000023,43,3752.0,,
80670.0,0.38000000000000256,54,3714.0,,
80675.0,-1.6599999999999966,60,3880.0,,
80680.0,-0.6200000000000045,57,3942.0,,
80685.0,-0.03999999999999915,50,3946.0,,
80690.0,0.1700000000000017,44,3929.0,,
80695.0,-0.5200000000000031,41,3981.0,,
80700.0,-0.25,54,4006.0,,
80705.0,-0.8900000000000006,58,4095.0,,
80710.0,0.6700000000000017,56,4028.0,,
80715.0,-0.259999999999998,49,4054.0,,
80720.0,-0.8800000000000026,47,4142.0,,
80725.0,-0.4200000000000017,41,4184.0,,
80730.0,0.3500000000000014,43,4149.0,,
80735.0,-0.3500000000000014,45,4184.0,,
80740.0,-1.2399999999999949,52,4308.0,,
80745.0,-0.14000000000000057,54,4322.0,,
80750.0,1.3500000000000014,53,4187.0,,
80755.0,-0.3400000000000034,49,4221.0,,
80760.0,0.18999999999999773,45,4202.0,,
80765.0,-1.3299999999999983,43,4335.0,,
80770.0,-1.0300000000000011,53,4438.0,,
80775.0,-0.01999999999999602,57,4440.0,,
80780.0,1.0599999999999952,49,4334.0,,
80785.0,-1.75,47,4509.0,,
80790.0,-1.0999999999999943,44,4619.0,,
80795.0,-0.21999999999999886,39,4641.0,,
80800.0,1.3399999999999963,41,4507.0,,
80805.0,-1.5,41,4657.0,,
80810.0,-1.1899999999999977,42,4776.0,,
80815.0,-0.14000000000000057,39,4790.0,,
80820.0,1.0599999999999952,44,4684.0,,
80825.0,0.9200000000000017,43,4592.0,,
80830.0,0.9600000000000009,43,4496.0,,
80835.0,-0.9699999999999989,48,4593.0,,
80840.0,-1.1899999999999977,55,4712.0,,
80845.0,-1.5100000000000051,67,4863.0,,
80850.0,-1.7999999999999972,65,5043.0,,
80855.0,-0.5900000000000034,62,5102.0,,
80860.0,-0.07000000000000028,62,5109.0,,
80865.0,0.7800000000000011,62,5031.0,,
80870.0,-2.210000000000001,60,5252.0,,
80875.0,-1.1799999999999997,57,5370.0,,
80880.0,-0.8299999999999983,51,5453.0,,
80885.0,0.5900000000000034,46,5394.0,,
80890.0,-1.4100000000000037,44,5535.0,,
80895.0,-0.769999999999996,40,5612.0,,
80900.0,-0.28999999999999915,40,5641.0,,
80905.0,-0.1700000000000017,45,5658.0,,
80910.0,7.159999999999997,44,4942.0,,
80915.0,11.54,50,3788.0,,
80920.0,-0.10999999999999943,57,3799.0,,
80925.0,0.3200000000000003,64,3767.0,,
80930.0,-1.8099999999999952,70,3948.0,,
80935.0,-0.8400000000000034,72,4032.0,,
80940.0,-1.3999999999999986,73,4172.0,,
80945.0,-2.009999999999998,64,4373.0,,
80950.0,-0.21000000000000085,56,4394.0,,
80955.0,-0.21000000000000085,52,4415.0,,
80960.0,1.5399999999999991,45,4261.0,,
80965.0,-1.230000000000004,48,4384.0,,
80970.0,-0.19999999999999574,59,4404.0,,
80975.0,-1.3200000000000003,59,4536.0,,
80980.0,0.259999999999998,55,4510.0,,
80985.0,-0.7800000000000011,50,4588.0,,
80990.0,-0.11999999999999744,45,4600.0,,
80995.0,-0.28000000000000114,41,4628.0,,
81000.0,0.980000000000004,43,4530.0,,
81005.0,0.02999999999999403,47,4527.0,,
81010.0,0.20000000000000284,49,4507.0,,
81015.0,1.0600000000000023,49,4401.0,,
81020.0,-0.6499999999999986,55,4466.0,,
81025.0,0.7299999999999969,57,4393.0,,
81030.0,-1.0399999999999991,61,4497.0,,
81035.0,-1.7100000000000009,59,4668.0,,
81040.0,-0.5,59,4718.0,,
81045.0,4.990000000000002,56,4219.0,,
81050.0,6.589999999999996,56,3560.0,,
81055.0,-0.759999999999998,59,3636.0,,
81060.0,0.21000000000000085,67,3615.0,,
81065.0,-2.280000000000001,70,3843.0,,
81070.0,-1.3100000000000023,76,3974.0,,
81075.0,-0.5799999999999983,75,4032.0,,
81080.0,-1.7299999999999969,64,4205.0,,
81085.0,-0.10999999999999943,59,4216.0,,
81090.0,0.00999999999999801,56,4215.0,,
81095.0,0.36999999999999744,57,4178.0,,
81100.0,-0.37999999999999545,56,4216.0,,
81105.0,-0.4100000000000037,52,4257.0,,
81110.0,-0.46000000000000085,48,4303.0,,
81115.0,0.23000000000000398,42,4280.0,,
81120.0,-0.5500000000000043,43,4335.0,,
81125.0,1.1000000000000014,50,4225.0,,
81130.0,-0.8699999999999974,55,4312.0,,
81135.0,1.269999999999996,53,4185.0,,
81140.0,-0.6099999999999994,48,4246.0,,
81145.0,-0.21000000000000085,44,4267.0,,
81150.0,-0.769999999999996,45,4344.0,,
81155.0,-0.28000000000000114,54,4372.0,,
81160.0,-0.46000000000000085,56,4418.0,,
81165.0,1.8399999999999963,53,4234.0,,
81170.0,-1.3099999999999952,49,4365.0,,
81175.0,-0.30000000000000426,39,4395.0,,
81180.0,0.29000000000000625,36,4366.0,,
81185.0,1.8999999999999986,37,4176.0,,
81190.0,0.269999999999996,40,4149.0,,
81195.0,0.8999999999999986,43,4059.0,,
81200.0,-1.279999999999994,46,4187.0,,
81205.0,-0.46000000000000085,54,4233.0,,
81210.0,-0.9299999999999997,60,4326.0,,
81215.0,0.7999999999999972,58,4246.0,,
81220.0,-1.8800000000000026,53,4434.0,,
81225.0,-0.8299999999999983,46,4517.0,,
81230.0,-0.3200000000000003,42,4549.0,,
81235.0,0.3999999999999986,46,4509.0,,
81240.0,0.07000000000000028,44,4502.0,,
81245.0,0.6300000000000026,45,4439.0,,
81250.0,-0.990000000000002,50,4538.0,,
81255.0,-0.8099999999999952,60,4619.0,,
81260.0,-0.8599999999999994,65,4705.0,,
81265.0,-1.75,64,4880.0,,
81270.0,-0.6300000000000026,57,4943.0,,
81275.0,5.460000000000001,54,4397.0,,
81280.0,8.420000000000002,51,3555.0,,
81285.0,2.559999999999995,55,3299.0,,
81290.0,0.9200000000000017,60,3207.0,,
81295.0,-1.7700000000000031,66,3384.0,,
81300.0,-1.1299999999999955,67,3497.0,,
81305.0,-0.4100000000000037,69,3538.0,,
81310.0,-1.8499999999999943,58,3723.0,,
81315.0,-0.6799999999999997,53,3791.0,,
81320.0,-0.15000000000000568,52,3806.0,,
81325.0,0.730000000000004,54,3733.0,,
81330.0,-1.6499999999999986,55,3898.0,,
81335.0,-0.490000000000002,50,3947.0,,
81340.0,-0.8999999999999986,45,4037.0,,
81345.0,-0.03999999999999915,42,4041.0,,
81350.0,-1.0100000000000051,45,4142.0,,
81355.0,-0.39000000000000057,52,4181.0,,
81360.0,0.020000000000003126,52,4179.0,,
81365.0,2.6199999999999974,49,3917.0,,
81370.0,-1.3699999999999974,43,4054.0,,
81375.0,0.18999999999999773,39,4035.0,,
81380.0,-0.75,34,4110.0,,
81385.0,-0.259999999999998,39,4136.0,,
81390.0,-0.8299999999999983,47,4219.0,,
81395.0,-0.6000000000000014,52,4279.0,,
81400.0,0.060000000000002274,53,4273.0,,
81405.0,2.229999999999997,47,4050.0,,
81410.0,-0.3400000000000034,44,4084.0,,
81415.0,-0.8299999999999983,36,4167.0,,
81420.0,0.9100000000000037,32,4076.0,,
81425.0,2.719999999999999,35,3804.0,,
81430.0,1.769999999999996,31,3627.0,,
81435.0,0.36000000000000654,36,3591.0,,
81440.0,-0.47000000000000597,44,3638.0,,
81445.0,-1.259999999999998,55,3764.0,,
81450.0,-1.6599999999999966,60,3930.0,,
81455.0,-0.2700000000000031,52,3957.0,,
81460.0,2.8500000000000014,52,3672.0,,
81465.0,-1.8299999999999983,42,3855.0,,
81470.0,-1.1099999999999994,40,3966.0,,
81475.0,0.529999999999994,37,3913.0,,
81480.0,1.4500000000000028,39,3768.0,,
81485.0,0.2700000000000031,37,3741.0,,
81490.0,0.5399999999999991,39,3687.0,,
81495.0,-0.9500000000000028,49,3782.0,,
81500.0,-1.25,55,3907.0,,
81505.0,-0.9799999999999969,61,4005.0,,
81510.0,0.28999999999999915,53,3976.0,,
81515.0,-1.740000000000002,48,4150.0,,
81520.0,-0.8599999999999994,44,4236.0,,
81525.0,-0.20000000000000284,39,4256.0,,
81530.0,0.21999999999999886,42,4234.0,,
81535.0,-0.4399999999999977,41,4278.0,,
81540.0,0.6200000000000045,43,4216.0,,
81545.0,-0.7800000000000011,46,4294.0,,
81550.0,-0.9600000000000009,55,4390.0,,
81555.0,-1.5600000000000023,61,4546.0,,
81560.0,-0.8100000000000023,57,4627.0,,
81565.0,-1.9599999999999937,53,4823.0,,
81570.0,-1.1300000000000026,50,4936.0,,
81575.0,-1.1700000000000017,43,5053.0,,
81580.0,-0.3999999999999986,46,5093.0,,
81585.0,6.259999999999998,43,4467.0,,
81590.0,9.670000000000002,52,3500.0,,
81595.0,-0.8400000000000034,58,3584.0,,
81600.0,0.0800000000000054,67,3576.0,,
81605.0,-2.240000000000002,69,3800.0,,
81610.0,-1.2100000000000009,72,3921.0,,
81615.0,-1.1899999999999977,69,4040.0,,
81620.0,-0.75,59,4115.0,,
81625.0,-0.28000000000000114,49,4143.0,,
81630.0,0.6199999999999974,43,4081.0,,
81635.0,-0.8299999999999983,44,4164.0,,
81640.0,-0.20000000000000284,56,4184.0,,
81645.0,-1.0599999999999952,62,4290.0,,
81650.0,-0.5200000000000031,60,4342.0,,
81655.0,-0.6499999999999986,53,4407.0,,
81660.0,1.0799999999999983,48,4299.0,,
81665.0,-0.7800000000000011,46,4377.0,,
81670.0,0.0800000000000054,58,4369.0,,
81675.0,-0.8800000000000026,60,4457.0,,
81680.0,-0.07000000000000028,56,4464.0,,
81685.0,-1.1700000000000017,50,4581.0,,
81690.0,0.10999999999999943,45,4570.0,,
81695.0,-0.21999999999999886,41,4592.0,,
81700.0,0.09000000000000341,41,4583.0,,
81705.0,-0.030000000000001137,48,4586.0,,
81710.0,0.20000000000000284,56,4566.0,,
81715.0,-1.0800000000000054,60,4674.0,,
81720.0,0.6200000000000045,56,4612.0,,
81725.0,-0.8599999999999994,50,4698.0,,
81730.0,-0.1700000000000017,42,4715.0,,
81735.0,0.04999999999999716,38,4710.0,,
81740.0,1.2100000000000009,41,4589.0,,
81745.0,-0.490000000000002,39,4638.0,,
81750.0,0.5100000000000051,41,4587.0,,
81755.0,-0.37000000000000455,48,4624.0,,
81760.0,-1.0499999999999972,59,4729.0,,
81765.0,-1.5300000000000011,63,4882.0,,
81770.0,-1.0899999999999963,60,4991.0,,
81775.0,0.8599999999999994,55,4905.0,,
81780.0,-0.6600000000000037,51,4971.0,,
81785.0,-1.4499999999999957,45,5116.0,,
81790.0,-0.3500000000000014,43,5151.0,,
81795.0,0.6699999999999946,45,5084.0,,
81800.0,0.2600000000000051,42,5058.0,,
81805.0,0.6899999999999977,45,4989.0,,
81810.0,-0.8800000000000026,51,5077.0,,
81815.0,-1.4399999999999977,60,5221.0,,
81820.0,-1.3900000000000006,68,5360.0,,
81825.0,-1.6899999999999977,64,5529.0,,
81830.0,-0.11999999999999744,60,5541.0,,
81835.0,6.529999999999994,53,4888.0,,
81840.0,10.720000000000006,54,3816.0,,
81845.0,3.7099999999999937,53,3445.0,,
81850.0,0.020000000000003126,61,3443.0,,
81855.0,-1.490000000000002,69,3592.0,,
81860.0,-1.0300000000000011,70,3695.0,,
81865.0,-1.8799999999999955,67,3883.0,,
81870.0,0.01999999999999602,58,3881.0,,
81875.0,-0.37999999999999545,49,3919.0,,
81880.0,0.07000000000000028,43,3912.0,,
81885.0,-0.990000000000002,50,4011.0,,
81890.0,-0.020000000000003126,60,4013.0,,
81895.0,-1.8900000000000006,60,4202.0,,
81900.0,-1.1099999999999994,57,4313.0,,
81905.0,-0.6599999999999966,55,4379.0,,
81910.0,0.6799999999999997,57,4311.0,,
81915.0,-0.5,54,4361.0,,
81920.0,0.1700000000000017,51,4344.0,,
81925.0,-1.5800000000000054,48,4502.0,,
81930.0,-0.7299999999999969,44,4575.0,,
81935.0,-0.8699999999999974,49,4662.0,,
81940.0,0.05999999999999517,57,4656.0,,
81945.0,-0.0899999999999963,54,4665.0,,
81950.0,1.2299999999999969,50,4542.0,,
81955.0,-0.14000000000000057,43,4556.0,,
81960.0,0.3500000000000014,41,4521.0,,
81965.0,1.2800000000000011,33,4393.0,,
81970.0,2.0600000000000023,36,4187.0,,
81975.0,0.29999999999999716,36,4157.0,,
81980.0,-0.10000000000000142,37,4167.0,,
81985.0,-0.4899999999999949,37,4216.0,,
81990.0,0.4099999999999966,39,4175.0,,
81995.0,-0.8599999999999994,49,4261.0,,
82000.0,-1.1300000000000026,60,4374.0,,
82005.0,-0.7199999999999989,61,4446.0,,
82010.0,1.3299999999999983,54,4313.0,,
82015.0,-1.9699999999999989,50,4510.0,,
82020.0,-1.2999999999999972,44,4640.0,,
82025.0,0.14000000000000057,40,4626.0,,
82030.0,2.4199999999999946,41,4384.0,,
82035.0,-1.6499999999999986,43,4549.0,,
82040.0,-1.3599999999999994,43,4685.0,,
82045.0,-0.18999999999999773,43,4704.0,,
82050.0,0.9499999999999957,43,4609.0,,
82055.0,-1.8799999999999955,51,4797.0,,
82060.0,-2.039999999999999,57,5001.0,,
82065.0,-0.8400000000000034,62,5085.0,,
82070.0,0.6000000000000014,61,5025.0,,
82075.0,-0.5300000000000011,53,5078.0,,
82080.0,0.4399999999999977,50,5034.0,,
82085.0,-1.75,50,5209.0,,
82090.0,-1.3899999999999935,58,5348.0,,
82095.0,-2.0700000000000003,67,5555.0,,
82100.0,-1.0200000000000031,61,5657.0,,
82105.0,0.46000000000000085,58,5611.0,,
82110.0,5.700000000000003,53,5041.0,,
82115.0,10.169999999999995,55,4024.0,,
82120.0,3.230000000000004,54,3701.0,,
82125.0,0.18999999999999773,59,3682.0,,
82130.0,-1.9699999999999989,68,3879.0,,
82135.0,-1.730000000000004,71,4052.0,,
82140.0,-1.0700000000000003,65,4159.0,,
82145.0,1.730000000000004,57,3986.0,,
82150.0,-1.5700000000000003,48,4143.0,,
82155.0,0.07000000000000028,41,4136.0,,
82160.0,-0.5,35,4186.0,,
82165.0,0.7899999999999991,40,4107.0,,
82170.0,-1.0300000000000011,44,4210.0,,
82175.0,-0.5799999999999983,54,4268.0,,
82180.0,0.0899999999999963,54,4259.0,,
82185.0,1.8700000000000045,51,4072.0,,
82190.0,-0.3200000000000003,45,4104.0,,
82195.0,-0.14999999999999858,40,4119.0,,
82200.0,-0.44000000000000483,44,4163.0,,
82205.0,-0.37999999999999545,54,4201.0,,
82210.0,0.3299999999999983,52,4168.0,,
82215.0,1.7299999999999969,47,3995.0,,
82220.0,-1.4399999999999977,45,4139.0,,
82225.0,0.1600000000000037,41,4123.0,,
82230.0,0.38999999999999346,35,4084.0,,
82235.0,2.230000000000004,39,3861.0,,
82240.0,-0.4399999999999977,40,3905.0,,
82245.0,-0.45000000000000284,39,3950.0,,
82250.0,-0.4799999999999969,42,3998.0,,
82255.0,0.5399999999999991,42,3944.0,,
82260.0,-1.0100000000000051,48,4045.0,,
82265.0,-1.4599999999999937,55,4191.0,,
82270.0,-0.6600000000000037,61,4257.0,,
82275.0,0.9600000000000009,58,4161.0,,
82280.0,-0.3400000000000034,47,4195.0,,
82285.0,0.39000000000000057,46,4156.0,,
82290.0,-1.0499999999999972,48,4261.0,,
82295.0,-1.0799999999999983,58,4369.0,,
82300.0,-1.3800000000000026,64,4507.0,,
82305.0,-0.8299999999999983,56,4590.0,,
82310.0,1.1199999999999974,54,4478.0,,
82315.0,-0.4399999999999977,49,4522.0,,
82320.0,-0.7100000000000009,45,4593.0,,
82325.0,-1.1899999999999977,48,4712.0,,
82330.0,-1.2899999999999991,59,4841.0,,
82335.0,-1.1900000000000048,64,4960.0,,
82340.0,-0.8699999999999974,56,5047.0,,
82345.0,0.9699999999999989,52,4950.0,,
82350.0,5.82,46,4368.0,,
82355.0,8.75,45,3493.0,,
82360.0,2.1000000000000014,51,3283.0,,
82365.0,-0.7199999999999989,56,3355.0,,
82370.0,-1.7100000000000009,66,3526.0,,
82375.0,-1.240000000000002,68,3650.0,,
82380.0,-0.5900000000000034,68,3709.0,,
82385.0,-0.9299999999999997,56,3802.0,,
82390.0,1.6000000000000014,44,3642.0,,
82395.0,-0.23999999999999488,42,3666.0,,
82400.0,0.06999999999999318,33,3659.0,,
82405.0,0.8200000000000003,30,3577.0,,
82410.0,2.210000000000001,32,3356.0,,
82415.0,1.5800000000000018,35,3198.0,,
82420.0,0.7199999999999989,34,3126.0,,
82425.0,0.120000000000001,41,3114.0,,
82430.0,0.17999999999999972,49,3096.0,,
82435.0,-0.7899999999999991,56,3175.0,,
82440.0,-0.7299999999999969,54,3248.0,,
82445.0,1.1899999999999977,50,3129.0,,
82450.0,-1.4399999999999977,44,3273.0,,
82455.0,-0.05000000000000426,39,3278.0,,
82460.0,-0.35999999999999943,35,3314.0,,
82465.0,0.8900000000000006,39,3225.0,,
82470.0,-0.18999999999999773,44,3244.0,,
82475.0,1.2899999999999991,52,3115.0,,
82480.0,-1.3500000000000014,55,3250.0,,
82485.0,-1.2700000000000031,49,3377.0,,
82490.0,-0.4099999999999966,45,3418.0,,
82495.0,1.8200000000000003,38,3236.0,,
82500.0,-0.5499999999999972,37,3291.0,,
82505.0,0.12999999999999545,39,3278.0,,
82510.0,-0.6400000000000006,46,3342.0,,
82515.0,-0.30999999999999517,56,3373.0,,
82520.0,-0.7600000000000051,57,3449.0,,
82525.0,0.14999999999999858,54,3434.0,,
82530.0,-1.5699999999999932,47,3591.0,,
82535.0,-0.6800000000000068,41,3659.0,,
82540.0,-0.37999999999999545,38,3697.0,,
82545.0,0.8799999999999955,38,3609.0,,
82550.0,-0.5599999999999952,40,3665.0,,
82555.0,1.0300000000000011,37,3562.0,,
82560.0,-1.1700000000000017,46,3679.0,,
82565.0,-0.730000000000004,57,3752.0,,
82570.0,-1.6499999999999986,58,3917.0,,
82575.0,-0.5799999999999983,57,3975.0,,
82580.0,-0.6400000000000006,48,4039.0,,
82585.0,-0.36999999999999744,45,4076.0,,
82590.0,-0.5800000000000054,40,4134.0,,
82595.0,-0.6899999999999977,42,4203.0,,
82600.0,-0.519999999999996,42,4255.0,,
82605.0,1.2399999999999949,42,4131.0,,
82610.0,-0.4799999999999969,47,4179.0,,
82615.0,-0.2700000000000031,58,4206.0,,
82620.0,-1.2199999999999989,67,4328.0,,
82625.0,-2.049999999999997,61,4533.0,,
82630.0,-0.7100000000000009,54,4604.0,,
82635.0,-0.7800000000000011,50,4682.0,,
82640.0,0.28999999999999915,44,4653.0,,
82645.0,-0.8699999999999974,48,4740.0,,
82650.0,-0.8700000000000045,59,4827.0,,
82655.0,-0.6699999999999946,63,4894.0,,
82660.0,-1.730000000000004,61,5067.0,,
82665.0,-0.44999999999999574,53,5112.0,,
82670.0,6.199999999999996,49,4492.0,,
82675.0,9.96,48,3496.0,,
82680.0,-1.1999999999999957,52,3616.0,,
82685.0,-0.7800000000000011,58,3694.0,,
82690.0,-1.2000000000000028,66,3814.0,,
82695.0,-0.8500000000000014,68,3899.0,,
82700.0,-1.1999999999999957,63,4019.0,,
82705.0,0.36999999999999744,51,3982.0,,
82710.0,-0.3999999999999986,40,4022.0,,
82715.0,0.21000000000000085,35,4001.0,,
82720.0,0.5899999999999963,33,3942.0,,
82725.0,1.1000000000000014,35,3832.0,,
82730.0,0.07000000000000028,38,3825.0,,
82735.0,0.3299999999999983,38,3792.0,,
82740.0,-1.0799999999999983,47,3900.0,,
82745.0,-0.509999999999998,54,3951.0,,
82750.0,-1.25,58,4076.0,,
82755.0,0.46000000000000085,55,4030.0,,
82760.0,-0.5800000000000054,47,4088.0,,
82765.0,0.2600000000000051,41,4062.0,,
82770.0,0.21000000000000085,34,4041.0,,
82775.0,1.509999999999998,38,3890.0,,
82780.0,0.35999999999999943,36,3854.0,,
82785.0,0.8100000000000023,42,3773.0,,
82790.0,-1.25,51,3898.0,,
82795.0,-0.6100000000000065,59,3959.0,,
82800.0,-1.1099999999999994,61,4070.0,,
82805.0,-0.6899999999999977,56,4139.0,,
82810.0,-1.269999999999996,52,4266.0,,
82815.0,-0.75,48,4341.0,,
82820.0,-0.9400000000000048,41,4435.0,,
82825.0,-0.6199999999999974,43,4497.0,,
82830.0,-0.490000000000002,49,4546.0,,
82835.0,4.670000000000002,48,4079.0,,
82840.0,7.57,56,3322.0,,
82845.0,-0.9299999999999997,67,3415.0,,
82850.0,1.1099999999999994,72,3304.0,,
82855.0,-2.1199999999999974,65,3516.0,,
82860.0,-0.28000000000000114,70,3544.0,,
82865.0,-2.3900000000000006,69,3783.0,,
82870.0,-1.2899999999999991,62,3912.0,,
82875.0,-0.4299999999999997,51,3955.0,,
82880.0,1.5499999999999972,47,3800.0,,
82885.0,-0.7000000000000028,42,3870.0,,
82890.0,0.9000000000000057,54,3780.0,,
82895.0,-1.720000000000006,59,3952.0,,
82900.0,-0.7299999999999969,54,4025.0,,
82905.0,-0.4099999999999966,49,4066.0,,
82910.0,0.8599999999999994,46,3980.0,,
82915.0,-0.730000000000004,46,4053.0,,
82920.0,0.3999999999999986,55,4013.0,,
82925.0,-1.529999999999994,59,4166.0,,
82930.0,-0.47000000000000597,58,4213.0,,
82935.0,-0.11999999999999744,51,4225.0,,
82940.0,1.0799999999999983,44,4117.0,,
82945.0,0.030000000000001137,39,4114.0,,
82950.0,0.3299999999999983,39,4081.0,,
82955.0,-0.7299999999999969,44,4154.0,,
82960.0,0.0899999999999963,56,4145.0,,
82965.0,-1.3299999999999983,58,4278.0,,
82970.0,0.09000000000000341,59,4269.0,,
82975.0,-0.6200000000000045,51,4331.0,,
82980.0,-0.14999999999999858,47,4346.0,,
82985.0,0.14999999999999858,48,4331.0,,
82990.0,-0.07000000000000028,54,4338.0,,
82995.0,-0.0799999999999983,55,4346.0,,
83000.0,0.7100000000000009,53,4275.0,,
83005.0,-1.5799999999999983,49,4433.0,,
83010.0,-0.25,42,4458.0,,
83015.0,0.21000000000000085,39,4437.0,,
83020.0,0.9799999999999969,42,4339.0,,
83025.0,0.23000000000000398,40,4316.0,,
83030.0,0.3499999999999943,44,4281.0,,
83035.0,-0.6400000000000006,45,4345.0,,
83040.0,-0.8299999999999983,57,4428.0,,
83045.0,-1.2800000000000011,61,4556.0,,
83050.0,0.5800000000000054,57,4498.0,,
83055.0,-1.9000000000000057,52,4688.0,,
83060.0,-0.9899999999999949,47,4787.0,,
83065.0,-0.5600000000000023,44,4843.0,,
83070.0,0.7800000000000011,43,4765.0,,
83075.0,5.949999999999996,46,4170.0,,
83080.0,8.61,49,3309.0,,
83085.0,-0.7299999999999969,57,3382.0,,
83090.0,0.29999999999999716,61,3352.0,,
83095.0,-1.3099999999999952,66,3483.0,,
83100.0,-1.0700000000000003,70,3590.0,,
83105.0,-1.509999999999998,68,3741.0,,
83110.0,-0.730000000000004,60,3814.0,,
83115.0,-0.9699999999999989,48,3911.0,,
83120.0,-0.21000000000000085,42,3932.0,,
83125.0,0.1700000000000017,40,3915.0,,
83130.0,1.1499999999999986,42,3800.0,,
83135.0,-0.740000000000002,42,3874.0,,
83140.0,0.490000000000002,54,3825.0,,
83145.0,-1.6499999999999986,57,3990.0,,
83150.0,-0.5500000000000043,55,4045.0,,
83155.0,-0.9899999999999949,53,4144.0,,
83160.0,1.5300000000000011,47,3991.0,,
83165.0,-0.990000000000002,44,4090.0,,
83170.0,-0.38000000000000256,54,4128.0,,
83175.0,-1.2800000000000011,61,4256.0,,
83180.0,0.19000000000000483,57,4237.0,,
83185.0,-0.020000000000003126,48,4239.0,,
83190.0,-0.22999999999999687,44,4262.0,,
83195.0,0.509999999999998,39,4211.0,,
83200.0,0.9500000000000028,34,4116.0,,
83205.0,0.4299999999999997,37,4073.0,,
83210.0,0.8999999999999986,40,3983.0,,
83215.0,0.25,44,3958.0,,
83220.0,-0.5600000000000023,54,4014.0,,
83225.0,-1.3599999999999994,62,4150.0,,
83230.0,-0.00999999999999801,59,4151.0,,
83235.0,-1.4299999999999997,53,4294.0,,
83240.0,-0.8400000000000034,48,4378.0,,
83245.0,-0.8699999999999974,46,4465.0,,
83250.0,0.4399999999999977,44,4421.0,,
83255.0,-0.5399999999999991,48,4475.0,,
83260.0,1.3299999999999983,48,4342.0,,
83265.0,-1.2999999999999972,49,4472.0,,
83270.0,-0.740000000000002,58,4546.0,,
83275.0,-0.9699999999999989,63,4643.0,,
83280.0,0.7700000000000031,60,4566.0,,
83285.0,-1.1800000000000068,51,4684.0,,
83290.0,0.29000000000000625,44,4655.0,,
83295.0,-1.1900000000000048,48,4774.0,,
83300.0,-0.7999999999999972,59,4854.0,,
83305.0,-1.3900000000000006,63,4993.0,,
83310.0,-0.46000000000000085,60,5039.0,,
83315.0,-1.269999999999996,53,5166.0,,
83320.0,-0.5400000000000063,47,5220.0,,
83325.0,-1.25,44,5345.0,,
83330.0,-0.4399999999999977,49,5389.0,,
83335.0,-0.5499999999999972,47,5444.0,,
83340.0,0.5599999999999952,49,5388.0,,
83345.0,0.0,53,5388.0,,
83350.0,-0.529999999999994,62,5441.0,,
83355.0,-1.970000000000006,66,5638.0,,
83360.0,-1.029999999999994,62,5741.0,,
83365.0,-1.2700000000000031,53,5868.0,,
83370.0,-0.46999999999999886,51,5915.0,,
83375.0,-0.8299999999999983,47,5998.0,,
83380.0,-0.44000000000000483,50,6042.0,,
83385.0,6.899999999999999,48,5352.0,,
83390.0,10.880000000000003,55,4264.0,,
83395.0,3.539999999999999,60,3910.0,,
83400.0,0.2700000000000031,67,3883.0,,
83405.0,-1.25,70,4008.0,,
83410.0,-0.740000000000002,71,4082.0,,
83415.0,-1.6000000000000014,69,4242.0,,
83420.0,-0.769999999999996,60,4319.0,,
83425.0,-0.9200000000000017,52,4411.0,,
83430.0,0.769999999999996,45,4334.0,,
83435.0,-0.22999999999999687,47,4357.0,,
83440.0,0.17999999999999972,57,4339.0,,
83445.0,-1.6599999999999966,62,4505.0,,
83450.0,-0.45000000000000284,60,4550.0,,
83455.0,-1.4600000000000009,52,4696.0,,
83460.0,0.5399999999999991,51,4642.0,,
83465.0,-1.1099999999999994,47,4753.0,,
83470.0,0.14999999999999858,47,4738.0,,
83475.0,0.2600000000000051,45,4712.0,,
83480.0,0.9399999999999977,45,4618.0,,
83485.0,-0.28000000000000114,45,4646.0,,
83490.0,0.9100000000000037,55,4555.0,,
83495.0,-1.3000000000000043,58,4685.0,,
83500.0,0.0,56,4685.0,,
83505.0,-0.28999999999999915,54,4714.0,,
83510.0,-0.0899999999999963,49,4723.0,,
83515.0,0.1599999999999966,42,4707.0,,
83520.0,0.07000000000000028,48,4700.0,,
83525.0,0.4099999999999966,43,4659.0,,
83530.0,2.930000000000007,46,4366.0,,
83535.0,-1.1900000000000048,52,4485.0,,
83540.0,-0.28999999999999915,56,4514.0,,
83545.0,-1.6599999999999966,62,4680.0,,
83550.0,-0.75,62,4755.0,,
83555.0,-0.9000000000000057,58,4845.0,,
83560.0,-0.4099999999999966,51,4886.0,,
83565.0,-0.21000000000000085,45,4907.0,,
83570.0,0.9299999999999997,47,4814.0,,
83575.0,-0.8999999999999986,52,4904.0,,
83580.0,-0.4200000000000017,57,4946.0,,
83585.0,-2.1499999999999986,62,5161.0,,
83590.0,-1.1400000000000006,57,5275.0,,
83595.0,-1.3699999999999974,54,5412.0,,
83600.0,-0.6099999999999994,53,5473.0,,
83605.0,5.649999999999999,47,4908.0,,
83610.0,9.729999999999997,52,3935.0,,
83615.0,-0.8699999999999974,63,4022.0,,
83620.0,0.39000000000000057,67,3983.0,,
83625.0,-2.1600000000000037,73,4199.0,,
83630.0,-1.3299999999999983,75,4332.0,,
83635.0,-1.7800000000000011,69,4510.0,,
83640.0,-0.8099999999999952,61,4591.0,,
83645.0,-0.9400000000000048,53,4685.0,,
83650.0,0.7100000000000009,52,4614.0,,
83655.0,0.03999999999999915,50,4610.0,,
83660.0,0.07000000000000028,58,4603.0,,
83665.0,-0.8999999999999986,58,4693.0,,
83670.0,0.5799999999999983,56,4635.0,,
83675.0,-0.3999999999999986,54,4675.0,,
83680.0,1.1000000000000014,48,4565.0,,
83685.0,-0.759999999999998,47,4641.0,,
83690.0,0.9099999999999966,53,4550.0,,
83695.0,-1.3299999999999983,56,4683.0,,
83700.0,0.030000000000001137,53,4680.0,,
83705.0,0.1599999999999966,49,4664.0,,
83710.0,0.509999999999998,44,4613.0,,
83715.0,-0.5599999999999952,43,4669.0,,
83720.0,0.5399999999999991,44,4615.0,,
83725.0,-0.21999999999999886,49,4637.0,,
83730.0,0.5899999999999963,60,4578.0,,
83735.0,-1.3500000000000014,61,4713.0,,
83740.0,0.5800000000000054,62,4655.0,,
83745.0,-0.7000000000000028,53,4725.0,,
83750.0,-0.240000000000002,45,4749.0,,
83755.0,0.10999999999999943,43,4738.0,,
83760.0,0.5,57,4688.0,,
83765.0,-1.2199999999999989,59,4810.0,,
83770.0,0.6600000000000037,54,4744.0,,
83775.0,-0.8400000000000034,51,4828.0,,
83780.0,-0.8799999999999955,47,4916.0,,
83785.0,-0.30000000000000426,41,4946.0,,
83790.0,0.509999999999998,43,4895.0,,
83795.0,-0.0899999999999963,45,4904.0,,
83800.0,0.10999999999999943,47,4893.0,,
83805.0,-1.0600000000000023,52,4999.0,,
83810.0,-1.1599999999999966,62,5115.0,,
83815.0,-1.3800000000000026,65,5253.0,,
83820.0,-0.490000000000002,60,5302.0,,
83825.0,-1.8899999999999935,54,5491.0,,
83830.0,-0.480000000000004,49,5539.0,,
83835.0,-0.7800000000000011,43,5617.0,,
83840.0,0.3100000000000023,46,5586.0,,
83845.0,7.409999999999997,47,4845.0,,
83850.0,10.660000000000004,50,3779.0,,
83855.0,-0.8000000000000043,60,3859.0,,
83860.0,0.18000000000000682,65,3841.0,,
83865.0,-2.1200000000000045,69,4053.0,,
83870.0,-1.6199999999999974,74,4215.0,,
83875.0,-2.0900000000000034,73,4424.0,,
83880.0,-0.6299999999999955,66,4487.0,,
83885.0,0.18999999999999773,53,4468.0,,
83890.0,0.5799999999999983,49,4410.0,,
83895.0,-1.1499999999999986,48,4525.0,,
83900.0,0.3500000000000014,56,4490.0,,
83905.0,-1.0200000000000031,57,4592.0,,
83910.0,0.8200000000000003,56,4510.0,,
83915.0,-0.9399999999999977,50,4604.0,,
83920.0,0.38000000000000256,44,4566.0,,
83925.0,-0.7900000000000063,46,4645.0,,
83930.0,0.8000000000000043,56,4565.0,,
83935.0,-1.5399999999999991,58,4719.0,,
83940.0,-0.2700000000000031,56,4746.0,,
83945.0,-0.7199999999999989,54,4818.0,,
83950.0,0.6099999999999994,46,4757.0,,
83955.0,-0.3999999999999986,42,4797.0,,
83960.0,0.060000000000002274,43,4791.0,,
83965.0,0.5899999999999963,49,4732.0,,
83970.0,-0.5200000000000031,49,4784.0,,
83975.0,0.8200000000000003,54,4702.0,,
83980.0,-0.3999999999999986,55,4742.0,,
83985.0,0.5,64,4692.0,,
83990.0,-1.9299999999999997,62,4885.0,,
83995.0,-0.759999999999998,58,4961.0,,
84000.0,-1.1300000000000026,56,5074.0,,
84005.0,0.37000000000000455,50,5037.0,,
84010.0,-0.7800000000000011,51,5115.0,,
84015.0,-0.38000000000000256,61,5153.0,,
84020.0,-2.1199999999999974,64,5365.0,,
84025.0,-1.2700000000000031,63,5492.0,,
84030.0,-0.9299999999999997,58,5585.0,,
84035.0,0.38000000000000256,53,5547.0,,
84040.0,-0.35999999999999943,53,5583.0,,
84045.0,-0.3500000000000014,62,5618.0,,
84050.0,-1.4500000000000028,65,5763.0,,
84055.0,-0.9699999999999989,61,5860.0,,
84060.0,-1.519999999999996,56,6012.0,,
84065.0,0.1699999999999946,49,5995.0,,
84070.0,-0.6999999999999957,45,6065.0,,
84075.0,0.01999999999999602,48,6063.0,,
84080.0,7.18,46,5345.0,,
84085.0,11.280000000000001,52,4217.0,,
84090.0,-0.14000000000000057,56,4231.0,,
84095.0,0.8100000000000023,65,4150.0,,
84100.0,-1.240000000000002,68,4274.0,,
84105.0,-0.5499999999999972,73,4329.0,,
84110.0,-2.1799999999999997,73,4547.0,,
84115.0,-0.5799999999999983,62,4605.0,,
84120.0,-0.5700000000000003,54,4662.0,,
84125.0,0.19999999999999574,45,4642.0,,
84130.0,-0.46999999999999886,47,4689.0,,
84135.0,1.230000000000004,57,4566.0,,
84140.0,-0.5900000000000034,58,4625.0,,
84145.0,0.18999999999999773,53,4606.0,,
84150.0,-1.019999999999996,48,4708.0,,
84155.0,0.1599999999999966,46,4692.0,,
84160.0,-0.6199999999999974,43,4754.0,,
84165.0,0.509999999999998,43,4703.0,,
84170.0,0.7000000000000028,46,4633.0,,
84175.0,0.8099999999999952,47,4552.0,,
84180.0,-0.1599999999999966,50,4568.0,,
84185.0,-0.14000000000000057,56,4582.0,,
84190.0,-0.3999999999999986,61,4622.0,,
84195.0,-0.6300000000000026,57,4685.0,,
84200.0,-0.9399999999999977,52,4779.0,,
84205.0,-0.1600000000000037,46,4795.0,,
84210.0,-0.9799999999999969,42,4893.0,,
84215.0,0.10999999999999943,44,4882.0,,
84220.0,-0.36999999999999744,47,4919.0,,
84225.0,1.5999999999999943,50,4759.0,,
84230.0,-1.019999999999996,53,4861.0,,
84235.0,-0.490000000000002,61,4910.0,,
84240.0,-1.9399999999999977,69,5104.0,,
84245.0,-1.1499999999999986,66,5219.0,,
84250.0,-1.0300000000000011,60,5322.0,,
84255.0,0.19999999999999574,52,5302.0,,
84260.0,0.07000000000000028,53,5295.0,,
84265.0,-0.36999999999999744,59,5332.0,,
84270.0,-1.9500000000000028,65,5527.0,,
84275.0,-0.8999999999999986,64,5617.0,,
84280.0,-1.7100000000000009,57,5788.0,,
84285.0,-0.39000000000000057,48,5827.0,,
84290.0,-0.8499999999999943,49,5912.0,,
84295.0,-0.25,46,5937.0,,
84300.0,6.969999999999999,45,5240.0,,
84305.0,10.07,52,4233.0,,
84310.0,3.4099999999999966,60,3892.0,,
84315.0,0.28999999999999915,64,3863.0,,
84320.0,-1.2100000000000009,69,3984.0,,
84325.0,-0.5999999999999943,69,4044.0,,
84330.0,-1.5,69,4194.0,,
84335.0,-0.7199999999999989,63,4266.0,,
84340.0,-0.4200000000000017,51,4308.0,,
84345.0,0.5300000000000011,46,4255.0,,
84350.0,-0.8000000000000043,46,4335.0,,
84355.0,0.990000000000002,58,4236.0,,
84360.0,-1.5,60,4386.0,,
84365.0,-0.11999999999999744,58,4398.0,,
84370.0,-0.36000000000000654,50,4434.0,,
84375.0,0.23000000000000398,46,4411.0,,
84380.0,-0.5499999999999972,47,4466.0,,
84385.0,0.5399999999999991,56,4412.0,,
84390.0,0.28999999999999915,57,4383.0,,
84395.0,0.6400000000000006,57,4319.0,,
84400.0,-0.5800000000000054,49,4377.0,,
84405.0,0.29000000000000625,43,4348.0,,
84410.0,0.35999999999999943,38,4312.0,,
84415.0,0.3200000000000003,40,4280.0,,
84420.0,0.779999999999994,48,4202.0,,
84425.0,-0.519999999999996,50,4254.0,,
84430.0,0.8900000000000006,51,4165.0,,
84435.0,-0.3500000000000014,55,4200.0,,
84440.0,-0.020000000000003126,61,4202.0,,
84445.0,-1.8499999999999943,61,4387.0,,
84450.0,-0.5300000000000011,61,4440.0,,
84455.0,-1.1300000000000026,58,4553.0,,
84460.0,-0.3399999999999963,51,4587.0,,
84465.0,-1.4100000000000037,46,4728.0,,
84470.0,-0.9699999999999989,49,4825.0,,
84475.0,-0.4299999999999997,47,4868.0,,
84480.0,1.1199999999999974,54,4756.0,,
84485.0,-0.6400000000000006,56,4820.0,,
84490.0,-0.6799999999999997,65,4888.0,,
84495.0,-0.5399999999999991,69,4942.0,,
84500.0,-1.9299999999999997,67,5135.0,,
84505.0,-1.2999999999999972,61,5265.0,,
84510.0,5.439999999999998,54,4721.0,,
84515.0,8.100000000000001,55,3911.0,,
84520.0,2.8699999999999974,56,3624.0,,
84525.0,0.7000000000000028,67,3554.0,,
84530.0,-1.1499999999999986,67,3669.0,,
84535.0,-0.3400000000000034,69,3703.0,,
84540.0,-1.519999999999996,65,3855.0,,
84545.0,-0.010000000000005116,59,3856.0,,
84550.0,-0.6699999999999946,50,3923.0,,
84555.0,1.6999999999999957,46,3753.0,,
84560.0,-0.759999999999998,44,3829.0,,
84565.0,0.8699999999999974,51,3742.0,,
84570.0,-0.6000000000000014,53,3802.0,,
84575.0,0.1700000000000017,53,3785.0,,
84580.0,-0.14000000000000057,49,3799.0,,
84585.0,0.5,41,3749.0,,
84590.0,0.4200000000000017,40,3707.0,,
84595.0,0.9399999999999977,50,3613.0,,
84600.0,-0.9899999999999949,56,3712.0,,
84605.0,0.21999999999999886,52,3690.0,,
84610.0,-0.3999999999999986,50,3730.0,,
84615.0,-0.13000000000000256,42,3743.0,,
84620.0,-0.6600000000000037,42,3809.0,,
84625.0,0.29000000000000625,44,3780.0,,
84630.0,-0.030000000000001137,45,3783.0,,
84635.0,0.19999999999999574,53,3763.0,,
84640.0,-0.8499999999999943,57,3848.0,,
84645.0,2.009999999999998,52,3647.0,,
84650.0,-1.3100000000000023,46,3778.0,,
84655.0,-0.6999999999999957,41,3848.0,,
84660.0,0.36999999999999744,38,3811.0,,
84665.0,1.1799999999999997,39,3693.0,,
84670.0,0.28999999999999915,41,3664.0,,
84675.0,0.5300000000000011,45,3611.0,,
84680.0,-0.5900000000000034,46,3670.0,,
84685.0,-0.6199999999999974,56,3732.0,,
84690.0,-1.0499999999999972,58,3837.0,,
84695.0,0.17999999999999972,56,3819.0,,
84700.0,-1.1600000000000037,50,3935.0,,
84705.0,-0.7299999999999969,44,4008.0,,
84710.0,-0.4200000000000017,41,4050.0,,
84715.0,0.5200000000000031,40,3998.0,,
84720.0,0.21999999999999886,42,3976.0,,
84725.0,0.9299999999999997,44,3883.0,,
84730.0,-1.4100000000000037,47,4024.0,,
84735.0,-0.75,58,4099.0,,
84740.0,-1.8200000000000003,63,4281.0,,
84745.0,-0.6699999999999946,63,4348.0,,
84750.0,-1.2000000000000028,54,4468.0,,
84755.0,0.240000000000002,50,4444.0,,
84760.0,-1.2899999999999991,47,4573.0,,
84765.0,-0.6600000000000037,57,4639.0,,
84770.0,-1.3299999999999983,63,4772.0,,
84775.0,-0.7700000000000031,58,4849.0,,
84780.0,-0.6099999999999994,55,4910.0,,
84785.0,0.00999999999999801,48,4909.0,,
84790.0,-0.529999999999994,49,4962.0,,
84795.0,0.14999999999999858,59,4947.0,,
84800.0,-1.3500000000000014,62,5082.0,,
84805.0,-0.6499999999999986,60,5147.0,,
84810.0,-1.5900000000000034,54,5306.0,,
84815.0,-0.6199999999999974,50,5368.0,,
84820.0,-0.8500000000000014,51,5453.0,,
84825.0,0.0,60,5453.0,,
84830.0,-1.75,65,5628.0,,
84835.0,-0.3200000000000003,61,5660.0,,
84840.0,-1.7199999999999989,56,5832.0,,
84845.0,-0.28999999999999915,49,5861.0,,
84850.0,-0.4200000000000017,42,5903.0,,
84855.0,0.240000000000002,46,5879.0,,
84860.0,-0.23000000000000398,44,5902.0,,
84865.0,0.19000000000000483,46,5883.0,,
84870.0,-1.1600000000000037,52,5999.0,,
84875.0,-0.509999999999998,63,6050.0,,
84880.0,-1.2800000000000011,67,6178.0,,
84885.0,-0.21999999999999886,61,6200.0,,
84890.0,-1.2000000000000028,57,6320.0,,
84895.0,-0.5799999999999983,53,6378.0,,
84900.0,-0.23999999999999488,45,6402.0,,
84905.0,0.04999999999999716,45,6397.0,,
84910.0,7.460000000000001,49,5651.0,,
84915.0,14.079999999999998,52,4243.0,,
84920.0,-0.8200000000000003,59,4325.0,,
84925.0,0.18999999999999773,68,4306.0,,
84930.0,-1.3599999999999994,71,4442.0,,
84935.0,-1.1199999999999974,72,4554.0,,
84940.0,-1.7100000000000009,72,4725.0,,
84945.0,0.28000000000000114,60,4697.0,,
84950.0,-0.980000000000004,53,4795.0,,
84955.0,0.4100000000000037,48,4754.0,,
84960.0,0.22999999999999687,47,4731.0,,
84965.0,-0.12999999999999545,58,4744.0,,
84970.0,-0.8599999999999994,60,4830.0,,
84975.0,0.44999999999999574,57,4785.0,,
84980.0,-0.8500000000000014,49,4870.0,,
84985.0,-0.05999999999999517,44,4876.0,,
84990.0,0.11999999999999744,38,4864.0,,
84995.0,0.5499999999999972,41,4809.0,,
85000.0,-1.0599999999999952,46,4915.0,,
85005.0,-0.6400000000000006,56,4979.0,,
85010.0,-1.3400000000000034,61,5113.0,,
85015.0,0.12000000000000455,58,5101.0,,
85020.0,-0.9699999999999989,53,5198.0,,
85025.0,-0.5600000000000023,49,5254.0,,
85030.0,0.28000000000000114,43,5226.0,,
85035.0,0.5399999999999991,46,5172.0,,
85040.0,0.1700000000000017,43,5155.0,,
85045.0,0.8499999999999943,45,5070.0,,
85050.0,-1.1099999999999994,48,5181.0,,
85055.0,-0.9799999999999969,60,5279.0,,
85060.0,-1.1600000000000037,64,5395.0,,
85065.0,-0.1699999999999946,64,5412.0,,
85070.0,-0.9100000000000037,57,5503.0,,
85075.0,0.3200000000000003,48,5471.0,,
85080.0,-1.4099999999999966,47,5612.0,,
85085.0,-0.740000000000002,58,5686.0,,
85090.0,-1.5300000000000011,65,5839.0,,
85095.0,0.6099999999999994,60,5778.0,,
85100.0,5.590000000000003,55,5219.0,,
85105.0,10.169999999999995,55,4202.0,,
85110.0,-1.1099999999999994,57,4313.0,,
85115.0,-0.12999999999999545,66,4326.0,,
85120.0,-1.6600000000000037,70,4492.0,,
85125.0,-0.769999999999996,73,4569.0,,
85130.0,-1.3300000000000054,69,4702.0,,
85135.0,0.010000000000005116,60,4701.0,,
85140.0,-1.5500000000000043,53,4856.0,,
85145.0,0.4200000000000017,45,4814.0,,
85150.0,0.14000000000000057,39,4800.0,,
85155.0,1.3299999999999983,41,4667.0,,
85160.0,0.3200000000000003,39,4635.0,,
85165.0,1.730000000000004,43,4462.0,,
85170.0,-0.8900000000000006,47,4551.0,,
85175.0,0.03999999999999915,56,4547.0,,
85180.0,-1.6000000000000014,61,4707.0,,
85185.0,-0.46000000000000085,63,4753.0,,
85190.0,-1.519999999999996,57,4905.0,,
85195.0,-0.35999999999999943,52,4941.0,,
85200.0,0.6499999999999986,45,4876.0,,
85205.0,0.9600000000000009,49,4780.0,,
85210.0,-1.2900000000000063,48,4909.0,,
85215.0,-0.3999999999999986,56,4949.0,,
85220.0,-0.6799999999999997,59,5017.0,,
85225.0,0.38000000000000256,60,4979.0,,
85230.0,-0.28000000000000114,51,5007.0,,
85235.0,0.4299999999999997,49,4964.0,,
85240.0,-0.8800000000000026,46,5052.0,,
85245.0,-1.3299999999999983,56,5185.0,,
85250.0,-1.1299999999999955,61,5298.0,,
85255.0,1.1199999999999974,61,5186.0,,
85260.0,-1.2800000000000011,55,5314.0,,
85265.0,-0.7800000000000011,50,5392.0,,
85270.0,-0.769999999999996,47,5469.0,,
85275.0,0.10999999999999943,47,5458.0,,
85280.0,6.059999999999995,45,4852.0,,
85285.0,8.840000000000003,53,3968.0,,
85290.0,-0.8299999999999983,60,4051.0,,
85295.0,0.23999999999999488,70,4027.0,,
85300.0,-2.219999999999999,67,4249.0,,
85305.0,-1.0300000000000011,70,4352.0,,
85310.0,-1.8799999999999955,69,4540.0,,
85315.0,-0.259999999999998,66,4566.0,,
85320.0,-1.0500000000000043,57,4671.0,,
85325.0,0.6000000000000014,51,4611.0,,
85330.0,-1.2999999999999972,50,4741.0,,
85335.0,-0.4300000000000068,58,4784.0,,
85340.0,-1.3099999999999952,62,4915.0,,
85345.0,0.259999999999998,61,4889.0,,
85350.0,-1.1199999999999974,55,5001.0,,
85355.0,0.5,52,4951.0,,
85360.0,-0.9400000000000048,48,5045.0,,
85365.0,1.5300000000000011,59,4892.0,,
85370.0,-1.0799999999999983,58,5000.0,,
85375.0,0.3100000000000023,58,4969.0,,
85380.0,-1.1000000000000014,54,5079.0,,
85385.0,0.10999999999999943,51,5068.0,,
85390.0,-0.8299999999999983,52,5151.0,,
85395.0,0.01999999999999602,61,5149.0,,
85400.0,-0.9199999999999946,64,5241.0,,
85405.0,0.6599999999999966,64,5175.0,,
85410.0,-0.7199999999999989,52,5247.0,,
85415.0,-0.07000000000000028,46,5254.0,,
85420.0,-0.7100000000000009,49,5325.0,,
85425.0,0.4799999999999969,58,5277.0,,
85430.0,-1.4699999999999989,63,5424.0,,
85435.0,0.30000000000000426,56,5394.0,,
85440.0,-0.1600000000000037,52,5410.0,,
85445.0,0.46000000000000085,48,5364.0,,
85450.0,-0.00999999999999801,46,5365.0,,
85455.0,1.1700000000000017,48,5248.0,,
85460.0,0.18999999999999773,51,5229.0,,
85465.0,-0.8000000000000043,55,5309.0,,
85470.0,1.25,54,5184.0,,
85475.0,-0.46999999999999886,58,5231.0,,
85480.0,-0.14999999999999858,62,5246.0,,
85485.0,-1.9499999999999957,64,5441.0,,
85490.0,-1.1400000000000006,68,5555.0,,
85495.0,-1.6500000000000057,58,5720.0,,
85500.0,-0.12999999999999545,52,5733.0,,
85505.0,-0.28000000000000114,47,5761.0,,
85510.0,-0.6799999999999997,51,5829.0,,
85515.0,-0.730000000000004,52,5902.0,,
85520.0,-1.7199999999999989,58,6074.0,,
85525.0,-0.5899999999999963,60,6133.0,,
85530.0,0.9699999999999989,63,6036.0,,
85535.0,-0.740000000000002,64,6110.0,,
85540.0,-0.240000000000002,62,6134.0,,
85545.0,-2.489999999999995,63,6383.0,,
85550.0,-1.980000000000004,67,6581.0,,
85555.0,-1.519999999999996,65,6733.0,,
85560.0,-2.3799999999999955,66,6971.0,,
85565.0,-0.7900000000000063,63,7050.0,,
85570.0,0.6200000000000045,68,6988.0,,
85575.0,-1.5100000000000051,64,7139.0,,
85580.0,0.9000000000000057,64,7049.0,,
85585.0,-2.6500000000000057,66,7314.0,,
85590.0,-2.0600000000000023,64,7520.0,,
85595.0,-1.8299999999999983,68,7703.0,,
85600.0,-2.069999999999993,67,7910.0,,
85605.0,-0.980000000000004,67,8008.0,,
85610.0,1.3199999999999932,68,7876.0,,
85615.0,-1.3999999999999915,67,8016.0,,
85620.0,0.519999999999996,68,7964.0,,
85625.0,-2.6500000000000057,70,8229.0,,
85630.0,-2.039999999999992,68,8433.0,,
85635.0,-2.1099999999999994,66,8644.0,,
85640.0,-1.9200000000000017,66,8836.0,,
85645.0,-1.0499999999999972,64,8941.0,,
85650.0,0.37999999999999545,69,8903.0,,
85655.0,0.6700000000000017,63,8836.0,,
85660.0,2.480000000000004,62,8588.0,,
85665.0,1.519999999999996,67,8436.0,,
85670.0,-1.6500000000000057,69,8601.0,,
85675.0,-2.1599999999999966,70,8817.0,,
85680.0,8.049999999999997,64,8012.0,,
85685.0,15.719999999999999,60,6440.0,,
85690.0,4.690000000000005,60,5971.0,,
85695.0,0.28999999999999915,70,5942.0,,
85700.0,-1.2299999999999969,75,6065.0,,
85705.0,0.7899999999999991,77,5986.0,,
85710.0,-2.730000000000004,76,6259.0,,
85715.0,-1.2899999999999991,69,6388.0,,
85720.0,-0.0799999999999983,63,6396.0,,
85725.0,-0.8500000000000014,64,6481.0,,
85730.0,-0.5699999999999932,60,6538.0,,
85735.0,0.6899999999999977,63,6469.0,,
85740.0,0.28000000000000114,62,6441.0,,
85745.0,2.799999999999997,61,6161.0,,
85750.0,1.5399999999999991,67,6007.0,,
85755.0,-2.200000000000003,68,6227.0,,
85760.0,-0.9199999999999946,65,6319.0,,
85765.0,4.839999999999996,61,5835.0,,
85770.0,12.79,57,4556.0,,
85775.0,-0.6699999999999946,64,4623.0,,
85780.0,0.3999999999999986,70,4583.0,,
85785.0,-1.4400000000000048,72,4727.0,,
85790.0,0.30000000000000426,72,4697.0,,
85795.0,-1.9299999999999997,71,4890.0,,
85800.0,0.01999999999999602,63,4888.0,,
85805.0,0.5500000000000043,54,4833.0,,
85810.0,0.5300000000000011,49,4780.0,,
85815.0,0.6699999999999946,46,4713.0,,
85820.0,1.5900000000000034,48,4554.0,,
85825.0,0.10000000000000142,45,4544.0,,
85830.0,0.7800000000000011,54,4466.0,,
85835.0,-0.4100000000000037,57,4507.0,,
85840.0,0.5700000000000003,60,4450.0,,
85845.0,-0.13000000000000256,56,4463.0,,
85850.0,0.8900000000000006,48,4374.0,,
85855.0,0.75,43,4299.0,,
85860.0,0.37000000000000455,52,4262.0,,
85865.0,-1.0500000000000043,61,4367.0,,
85870.0,0.8500000000000014,60,4282.0,,
85875.0,-0.7299999999999969,53,4355.0,,
85880.0,0.519999999999996,46,4303.0,,
85885.0,0.14999999999999858,45,4288.0,,
85890.0,0.740000000000002,46,4214.0,,
85895.0,-0.9500000000000028,48,4309.0,,
85900.0,0.21000000000000085,54,4288.0,,
85905.0,0.03999999999999915,59,4284.0,,
85910.0,0.10000000000000142,57,4274.0,,
85915.0,-1.0899999999999963,54,4383.0,,
85920.0,0.21000000000000085,51,4362.0,,
85925.0,-0.5100000000000051,47,4413.0,,
85930.0,-0.14999999999999858,56,4428.0,,
85935.0,-1.3399999999999963,63,4562.0,,
85940.0,0.29999999999999716,62,4532.0,,
85945.0,-1.3900000000000006,54,4671.0,,
85950.0,-0.17999999999999972,50,4689.0,,
85955.0,-0.740000000000002,50,4763.0,,
85960.0,-0.14000000000000057,64,4777.0,,
85965.0,-0.28999999999999915,62,4806.0,,
85970.0,-0.21999999999999886,59,4828.0,,
85975.0,-0.6099999999999994,50,4889.0,,
85980.0,-0.1700000000000017,47,4906.0,,
85985.0,-0.21999999999999886,40,4928.0,,
85990.0,0.38000000000000256,44,4890.0,,
85995.0,0.4200000000000017,46,4848.0,,
86000.0,-0.20000000000000284,50,4868.0,,
86005.0,0.6300000000000026,52,4805.0,,
86010.0,-0.3400000000000034,52,4839.0,,
86015.0,-0.3399999999999963,58,4873.0,,
86020.0,-1.230000000000004,60,4996.0,,
86025.0,-0.8800000000000026,57,5084.0,,
86030.0,-1.6199999999999974,60,5246.0,,
86035.0,-0.1599999999999966,53,5262.0,,
86040.0,-1.6099999999999994,52,5423.0,,
86045.0,-0.6799999999999997,52,5491.0,,
86050.0,-0.9600000000000009,53,5587.0,,
86055.0,-0.7000000000000028,57,5657.0,,
86060.0,1.6199999999999974,57,5495.0,,
86065.0,-1.6199999999999974,64,5657.0,,
86070.0,-0.6300000000000026,63,5720.0,,
86075.0,-0.3399999999999963,69,5754.0,,
86080.0,-2.6700000000000017,67,6021.0,,
86085.0,-1.75,65,6196.0,,
86090.0,-1.1499999999999986,60,6311.0,,
86095.0,0.759999999999998,52,6235.0,,
86100.0,-1.5499999999999972,55,6390.0,,
86105.0,-0.240000000000002,63,6414.0,,
86110.0,-2.200000000000003,69,6634.0,,
86115.0,-0.7399999999999949,68,6708.0,,
86120.0,-0.8900000000000006,64,6797.0,,
86125.0,-1.2999999999999972,63,6927.0,,
86130.0,-0.6700000000000017,64,6994.0,,
86135.0,0.37000000000000455,65,6957.0,,
86140.0,-0.22000000000001307,63,6979.0,,
86145.0,-0.30999999999998806,65,7010.0,,
86150.0,-0.5900000000000034,69,7069.0,,
86155.0,-1.6599999999999966,64,7235.0,,
86160.0,-1.1000000000000085,67,7345.0,,
86165.0,-0.3400000000000034,64,7379.0,,
86170.0,-1.289999999999992,62,7508.0,,
86175.0,-0.8799999999999955,64,7596.0,,
86180.0,0.19999999999998863,65,7576.0,,
86185.0,-0.28000000000000114,67,7604.0,,
86190.0,-0.11999999999999034,64,7616.0,,
86195.0,-1.7000000000000028,65,7786.0,,
86200.0,-1.8499999999999943,64,7971.0,,
86205.0,8.719999999999999,61,7099.0,,
86210.0,20.489999999999995,55,5050.0,,
86215.0,-1.0300000000000011,58,5153.0,,
86220.0,-0.11999999999999744,67,5165.0,,
86225.0,-1.6099999999999994,71,5326.0,,
86230.0,0.5899999999999963,75,5267.0,,
86235.0,-2.5,74,5517.0,,
86240.0,-1.0799999999999983,62,5625.0,,
86245.0,-1.259999999999998,58,5751.0,,
86250.0,0.05999999999999517,51,5745.0,,
86255.0,0.19000000000000483,53,5726.0,,
86260.0,0.8099999999999952,64,5645.0,,
86265.0,-0.07000000000000028,62,5652.0,,
86270.0,-0.38999999999999346,62,5691.0,,
86275.0,-0.8100000000000023,54,5772.0,,
86280.0,-0.13000000000000256,49,5785.0,,
86285.0,-0.4099999999999966,50,5826.0,,
86290.0,0.6299999999999955,62,5763.0,,
86295.0,-1.7999999999999972,63,5943.0,,
86300.0,-0.490000000000002,60,5992.0,,
86305.0,0.060000000000002274,56,5986.0,,
86310.0,0.6400000000000006,49,5922.0,,
86315.0,-0.8599999999999994,44,6008.0,,
86320.0,1.0499999999999972,47,5903.0,,
86325.0,0.490000000000002,49,5854.0,,
86330.0,-0.7899999999999991,54,5933.0,,
86335.0,1.2100000000000009,56,5812.0,,
86340.0,-0.970000000000006,61,5909.0,,
86345.0,0.23000000000000398,65,5886.0,,
86350.0,-1.1400000000000006,64,6000.0,,
86355.0,-0.7000000000000028,62,6070.0,,
86360.0,6.740000000000002,56,5396.0,,
86365.0,15.490000000000002,54,3847.0,,
86370.0,-0.9699999999999989,55,3944.0,,
86375.0,0.14999999999999858,65,3929.0,,
86380.0,-0.8500000000000014,68,4014.0,,
86385.0,-0.17999999999999972,72,4032.0,,
86390.0,-2.1899999999999977,71,4251.0,,
86395.0,-1.0300000000000011,64,4354.0,,
86400.0,-0.21999999999999886,53,4376.0,,
86405.0,0.22999999999999687,47,4353.0,,
86410.0,-0.6700000000000017,50,4420.0,,
86415.0,0.6300000000000026,56,4357.0,,
86420.0,-0.9099999999999966,59,4448.0,,
86425.0,-0.6700000000000017,58,4515.0,,
86430.0,-0.5700000000000003,52,4572.0,,
86435.0,1.25,47,4447.0,,
86440.0,-0.490000000000002,41,4496.0,,
86445.0,1.3599999999999994,43,4360.0,,
86450.0,-0.4799999999999969,47,4408.0,,
86455.0,0.04999999999999716,56,4403.0,,
86460.0,-1.3900000000000006,61,4542.0,,
86465.0,0.5900000000000034,62,4483.0,,
86470.0,-1.3999999999999986,53,4623.0,,
86475.0,0.18999999999999773,49,4604.0,,
86480.0,0.5799999999999983,45,4546.0,,
86485.0,0.35999999999999943,48,4510.0,,
86490.0,0.730000000000004,41,4437.0,,
86495.0,0.8399999999999963,44,4353.0,,
86500.0,0.4399999999999977,45,4309.0,,
86505.0,0.9400000000000048,55,4215.0,,
86510.0,-1.5399999999999991,60,4369.0,,
86515.0,-0.740000000000002,58,4443.0,,
86520.0,-0.7800000000000011,52,4521.0,,
86525.0,-0.44999999999999574,44,4566.0,,
86530.0,0.29999999999999716,46,4536.0,,
86535.0,-0.7800000000000011,50,4614.0,,
86540.0,0.45000000000000284,53,4569.0,,
86545.0,-0.3500000000000014,55,4604.0,,
86550.0,-0.8599999999999994,60,4690.0,,
86555.0,-0.38000000000000256,63,4728.0,,
86560.0,-2.0,63,4928.0,,
86565.0,-0.990000000000002,57,5027.0,,
86570.0,5.960000000000001,54,4431.0,,
86575.0,11.090000000000003,50,3322.0,,
86580.0,-1.0399999999999991,59,3426.0,,
86585.0,-0.0800000000000054,62,3434.0,,
86590.0,-0.7099999999999937,66,3505.0,,
86595.0,-0.8100000000000023,69,3586.0,,
86600.0,-1.480000000000004,66,3734.0,,
86605.0,-0.5899999999999963,55,3793.0,,
86610.0,-0.75,46,3868.0,,
86615.0,0.6000000000000014,42,3808.0,,
86620.0,-0.13000000000000256,39,3821.0,,
86625.0,0.3999999999999986,41,3781.0,,
86630.0,0.6700000000000017,37,3714.0,,
86635.0,0.9100000000000037,39,3623.0,,
86640.0,0.509999999999998,40,3572.0,,
86645.0,0.18999999999999773,52,3553.0,,
86650.0,-1.3599999999999994,55,3689.0,,
86655.0,-0.29999999999999716,54,3719.0,,
86660.0,-0.23000000000000398,49,3742.0,,
86665.0,-0.00999999999999801,45,3743.0,,
86670.0,-0.060000000000002274,38,3749.0,,
86675.0,0.6200000000000045,43,3687.0,,
86680.0,-0.22000000000000597,45,3709.0,,
86685.0,-0.6199999999999974,54,3771.0,,
86690.0,-1.3200000000000003,60,3903.0,,
86695.0,0.9699999999999989,58,3806.0,,
86700.0,-1.5999999999999943,50,3966.0,,
86705.0,-0.75,45,4041.0,,
86710.0,-0.6900000000000048,44,4110.0,,
86715.0,0.5300000000000011,43,4057.0,,
86720.0,-1.3699999999999974,43,4194.0,,
86725.0,-0.6500000000000057,46,4259.0,,
86730.0,-0.7299999999999969,44,4332.0,,
86735.0,-0.25,47,4357.0,,
86740.0,-0.240000000000002,49,4381.0,,
86745.0,-0.5,58,4431.0,,
86750.0,-0.6400000000000006,58,4495.0,,
86755.0,1.0400000000000063,61,4391.0,,
86760.0,-2.1300000000000026,65,4604.0,,
86765.0,-0.8599999999999994,63,4690.0,,
86770.0,-1.8400000000000034,61,4874.0,,
86775.0,-1.4199999999999946,63,5016.0,,
86780.0,-1.470000000000006,64,5163.0,,
86785.0,-2.1999999999999957,61,5383.0,,
86790.0,-0.44000000000000483,57,5427.0,,
86795.0,2.0600000000000023,61,5221.0,,
86800.0,-1.1099999999999994,61,5332.0,,
86805.0,-0.21000000000000085,61,5353.0,,
86810.0,-1.1099999999999994,64,5464.0,,
86815.0,-1.9099999999999966,60,5655.0,,
86820.0,-1.6600000000000037,64,5821.0,,
86825.0,-1.5300000000000011,62,5974.0,,
86830.0,-1.3500000000000014,62,6109.0,,
86835.0,-0.769999999999996,60,6186.0,,
86840.0,0.7800000000000011,64,6108.0,,
86845.0,-0.75,64,6183.0,,
86850.0,-0.240000000000002,63,6207.0,,
86855.0,0.7999999999999972,67,6127.0,,
86860.0,-2.3499999999999943,67,6362.0,,
86865.0,-1.6000000000000014,66,6522.0,,
86870.0,-1.1599999999999966,65,6638.0,,
86875.0,-1.5600000000000023,63,6794.0,,
86880.0,-0.7000000000000028,62,6864.0,,
86885.0,0.5900000000000034,65,6805.0,,
86890.0,-0.5300000000000011,63,6858.0,,
86895.0,0.37000000000000455,65,6821.0,,
86900.0,-2.450000000000003,70,7066.0,,
86905.0,-1.8700000000000045,66,7253.0,,
86910.0,7.540000000000006,64,6499.0,,
86915.0,13.199999999999996,60,5179.0,,
86920.0,-1.0500000000000043,64,5284.0,,
86925.0,0.13000000000000256,75,5271.0,,
86930.0,-1.8100000000000023,75,5452.0,,
86935.0,0.10000000000000142,76,5442.0,,
86940.0,-2.6799999999999997,77,5710.0,,
86945.0,-1.3200000000000003,67,5842.0,,
86950.0,-0.10000000000000142,64,5852.0,,
86955.0,-1.7299999999999969,61,6025.0,,
86960.0,-0.09000000000000341,57,6034.0,,
86965.0,0.6400000000000006,64,5970.0,,
86970.0,0.9600000000000009,61,5874.0,,
86975.0,2.0500000000000043,61,5669.0,,
86980.0,1.6099999999999994,64,5508.0,,
86985.0,-2.1700000000000017,66,5725.0,,
86990.0,-0.4799999999999969,63,5773.0,,
86995.0,-0.6400000000000006,59,5837.0,,
87000.0,-0.8300000000000054,60,5920.0,,
87005.0,-0.8299999999999983,58,6003.0,,
87010.0,0.6000000000000014,62,5943.0,,
87015.0,0.00999999999999801,60,5942.0,,
87020.0,0.9100000000000037,62,5851.0,,
87025.0,2.5,65,5601.0,,
87030.0,-2.0900000000000034,66,5810.0,,
87035.0,-1.6799999999999997,65,5978.0,,
87040.0,-1.1599999999999966,64,6094.0,,
87045.0,-1.9100000000000037,64,6285.0,,
87050.0,-1.740000000000002,66,6459.0,,
87055.0,-1.0900000000000034,69,6568.0,,
87060.0,0.480000000000004,69,6520.0,,
87065.0,0.12000000000000455,64,6508.0,,
87070.0,0.7600000000000051,63,6432.0,,
87075.0,1.6499999999999915,67,6267.0,,
87080.0,-2.6599999999999966,67,6533.0,,
87085.0,-1.6299999999999955,67,6696.0,,
87090.0,-1.6400000000000006,65,6860.0,,
87095.0,-1.9699999999999989,66,7057.0,,
87100.0,-0.6300000000000097,59,7120.0,,
87105.0,1.0300000000000011,66,7017.0,,
87110.0,0.4000000000000057,66,6977.0,,
87115.0,-0.0799999999999983,62,6985.0,,
87120.0,0.37999999999999545,69,6947.0,,
87125.0,-1.980000000000004,69,7145.0,,
87130.0,-1.509999999999991,69,7296.0,,
87135.0,7.3799999999999955,61,6558.0,,
87140.0,18.009999999999998,60,4757.0,,
87145.0,-0.7800000000000011,62,4835.0,,
87150.0,0.7100000000000009,69,4764.0,,
87155.0,-1.7000000000000028,77,4934.0,,
87160.0,0.2700000000000031,72,4907.0,,
87165.0,-2.4399999999999977,72,5151.0,,
87170.0,-1.0900000000000034,68,5260.0,,
87175.0,-0.990000000000002,60,5359.0,,
87180.0,0.730000000000004,58,5286.0,,
87185.0,-0.7899999999999991,53,5365.0,,
87190.0,0.8699999999999974,57,5278.0,,
87195.0,-0.9799999999999969,63,5376.0,,
87200.0,-0.3100000000000023,63,5407.0,,
87205.0,0.07000000000000028,63,5400.0,,
87210.0,-0.5399999999999991,61,5454.0,,
87215.0,-0.36999999999999744,61,5491.0,,
87220.0,1.4899999999999949,63,5342.0,,
87225.0,-0.4099999999999966,62,5383.0,,
87230.0,0.5,58,5333.0,,
87235.0,-0.7800000000000011,60,5411.0,,
87240.0,-0.46000000000000085,58,5457.0,,
87245.0,-0.6300000000000026,60,5520.0,,
87250.0,-0.8699999999999974,61,5607.0,,
87255.0,-0.8599999999999994,60,5693.0,,
87260.0,0.240000000000002,63,5669.0,,
87265.0,-1.0399999999999991,63,5773.0,,
87270.0,1.8999999999999986,61,5583.0,,
87275.0,-1.5399999999999991,62,5737.0,,
87280.0,-1.7000000000000028,62,5907.0,,
87285.0,-1.7800000000000011,61,6085.0,,
87290.0,-2.0899999999999963,61,6294.0,,
87295.0,-0.75,59,6369.0,,
87300.0,0.4299999999999997,61,6326.0,,
87305.0,0.00999999999999801,60,6325.0,,
87310.0,1.1899999999999977,63,6206.0,,
87315.0,2.210000000000001,67,5985.0,,
87320.0,-2.539999999999999,66,6239.0,,
87325.0,-2.1299999999999955,68,6452.0,,
87330.0,5.949999999999996,61,5857.0,,
87335.0,11.030000000000001,62,4754.0,,
87340.0,-0.9600000000000009,63,4850.0,,
87345.0,1.1499999999999986,73,4735.0,,
87350.0,-0.759999999999998,74,4811.0,,
87355.0,0.3299999999999983,75,4778.0,,
87360.0,-2.5600000000000023,72,5034.0,,
87365.0,-1.2199999999999989,69,5156.0,,
87370.0,0.060000000000002274,62,5150.0,,
87375.0,-0.35999999999999943,59,5186.0,,
87380.0,-0.8400000000000034,57,5270.0,,
87385.0,0.5500000000000043,60,5215.0,,
87390.0,-0.5900000000000034,58,5274.0,,
87395.0,1.5800000000000054,59,5116.0,,
87400.0,-1.990000000000002,63,5315.0,,
87405.0,-0.35999999999999943,60,5351.0,,
87410.0,-0.6000000000000014,65,5411.0,,
87415.0,-1.0600000000000023,61,5517.0,,
87420.0,-0.5799999999999983,60,5575.0,,
87425.0,1.240000000000002,62,5451.0,,
87430.0,-0.7100000000000009,62,5522.0,,
87435.0,1.9200000000000017,58,5330.0,,
87440.0,2.5899999999999963,66,5071.0,,
87445.0,-2.0799999999999983,62,5279.0,,
87450.0,-1.7700000000000031,63,5456.0,,
87455.0,-1.3999999999999986,62,5596.0,,
87460.0,-1.7299999999999969,61,5769.0,,
87465.0,-0.5300000000000011,59,5822.0,,
87470.0,0.740000000000002,64,5748.0,,
87475.0,0.8899999999999935,60,5659.0,,
87480.0,0.8800000000000026,60,5571.0,,
87485.0,2.490000000000002,66,5322.0,,
87490.0,-2.280000000000001,63,5550.0,,
87495.0,-1.75,65,5725.0,,
87500.0,5.869999999999997,59,5138.0,,
87505.0,9.350000000000001,57,4203.0,,
87510.0,3.25,60,3878.0,,
87515.0,0.45000000000000284,67,3833.0,,
87520.0,-0.3500000000000014,65,3868.0,,
87525.0,0.5799999999999983,65,3810.0,,
87530.0,-1.1499999999999986,67,3925.0,,
87535.0,-0.7100000000000009,58,3996.0,,
87540.0,-0.36999999999999744,54,4033.0,,
87545.0,1.3699999999999974,48,3896.0,,
87550.0,-0.490000000000002,44,3945.0,,
87555.0,0.030000000000001137,45,3942.0,,
87560.0,-0.0799999999999983,48,3950.0,,
87565.0,-0.240000000000002,56,3974.0,,
87570.0,-0.3399999999999963,54,4008.0,,
87575.0,2.6799999999999997,60,3740.0,,
87580.0,-1.4400000000000048,60,3884.0,,
87585.0,0.10000000000000142,55,3874.0,,
87590.0,-1.7800000000000011,58,4052.0,,
87595.0,-0.9499999999999957,59,4147.0,,
87600.0,-0.3400000000000034,55,4181.0,,
87605.0,0.9400000000000048,52,4087.0,,
87610.0,-0.03999999999999915,47,4091.0,,
87615.0,1.769999999999996,51,3914.0,,
87620.0,-1.4099999999999966,48,4055.0,,
87625.0,-0.7800000000000011,55,4133.0,,
87630.0,-1.2600000000000051,60,4259.0,,
87635.0,-0.27999999999999403,62,4287.0,,
87640.0,-1.4000000000000057,58,4427.0,,
87645.0,-1.0,54,4527.0,,
87650.0,-1.1699999999999946,54,4644.0,,
87655.0,-0.1600000000000037,56,4660.0,,
87660.0,1.7100000000000009,57,4489.0,,
87665.0,0.8699999999999974,59,4402.0,,
87670.0,0.9000000000000057,59,4312.0,,
87675.0,-2.010000000000005,58,4513.0,,
87680.0,-1.269999999999996,59,4640.0,,
87685.0,-0.7100000000000009,62,4711.0,,
87690.0,-1.7999999999999972,61,4891.0,,
87695.0,-0.44000000000000483,62,4935.0,,
87700.0,1.1499999999999986,63,4820.0,,
87705.0,-1.529999999999994,64,4973.0,,
87710.0,0.11999999999999744,62,4961.0,,
87715.0,-0.8200000000000003,61,5043.0,,
87720.0,-1.7800000000000011,60,5221.0,,
87725.0,-1.8500000000000014,65,5406.0,,
87730.0,-2.0,64,5606.0,,
87735.0,-0.46000000000000085,59,5652.0,,
87740.0,2.0600000000000023,63,5446.0,,
87745.0,-1.1999999999999957,63,5566.0,,
87750.0,0.8399999999999963,60,5482.0,,
87755.0,-2.289999999999999,62,5711.0,,
87760.0,-1.6199999999999974,65,5873.0,,
87765.0,4.669999999999995,60,5406.0,,
87770.0,8.520000000000003,60,4554.0,,
87775.0,-0.8699999999999974,67,4641.0,,
87780.0,0.4899999999999949,75,4592.0,,
87785.0,-0.75,73,4667.0,,
87790.0,0.37000000000000455,72,4630.0,,
87795.0,-1.480000000000004,68,4778.0,,
87800.0,-0.7299999999999969,64,4851.0,,
87805.0,-0.38000000000000256,57,4889.0,,
87810.0,0.9600000000000009,50,4793.0,,
87815.0,0.5799999999999983,47,4735.0,,
87820.0,1.490000000000002,52,4586.0,,
87825.0,0.490000000000002,55,4537.0,,
87830.0,-0.3400000000000034,60,4571.0,,
87835.0,0.05000000000000426,59,4566.0,,
87840.0,-0.5800000000000054,59,4624.0,,
87845.0,-0.30999999999999517,55,4655.0,,
87850.0,0.7099999999999937,60,4584.0,,
87855.0,0.740000000000002,57,4510.0,,
87860.0,1.4699999999999989,55,4363.0,,
87865.0,-0.6199999999999974,55,4425.0,,
87870.0,-0.11999999999999744,60,4437.0,,
87875.0,-0.5399999999999991,58,4491.0,,
87880.0,-1.8100000000000023,58,4672.0,,
87885.0,-0.6099999999999994,56,4733.0,,
87890.0,0.39000000000000057,59,4694.0,,
87895.0,0.8200000000000003,56,4612.0,,
87900.0,1.3499999999999943,59,4477.0,,
87905.0,-2.289999999999999,61,4706.0,,
87910.0,-2.0,62,4906.0,,
87915.0,-0.269999999999996,58,4933.0,,
87920.0,1.1199999999999974,52,4821.0,,
87925.0,-0.9699999999999989,49,4918.0,,
87930.0,-1.2299999999999969,47,5041.0,,
87935.0,-0.25,49,5066.0,,
87940.0,0.5699999999999932,50,5009.0,,
87945.0,-1.9899999999999949,56,5208.0,,
87950.0,-1.6300000000000026,55,5371.0,,
87955.0,4.579999999999998,54,4913.0,,
87960.0,7.68,59,4145.0,,
87965.0,-0.8200000000000003,71,4227.0,,
87970.0,0.9000000000000057,79,4137.0,,
87975.0,-0.9400000000000048,77,4231.0,,
87980.0,1.4000000000000057,72,4091.0,,
87985.0,-1.2900000000000063,68,4220.0,,
87990.0,0.8200000000000003,60,4138.0,,
87995.0,0.0,56,4138.0,,
88000.0,-0.6299999999999955,58,4201.0,,
88005.0,0.0799999999999983,55,4193.0,,
88010.0,1.1899999999999977,54,4074.0,,
88015.0,-1.5499999999999972,54,4229.0,,
88020.0,-0.3100000000000023,49,4260.0,,
88025.0,0.9299999999999997,42,4167.0,,
88030.0,1.6000000000000014,46,4007.0,,
88035.0,-0.5600000000000023,47,4063.0,,
88040.0,0.4000000000000057,50,4023.0,,
88045.0,-0.990000000000002,58,4122.0,,
88050.0,-0.7700000000000031,60,4199.0,,
88055.0,-1.0700000000000003,56,4306.0,,
88060.0,-0.14999999999999858,52,4321.0,,
88065.0,0.4299999999999997,47,4278.0,,
88070.0,1.4100000000000037,47,4137.0,,
88075.0,-0.23000000000000398,50,4160.0,,
88080.0,0.00999999999999801,54,4159.0,,
88085.0,-0.18999999999999773,61,4178.0,,
88090.0,-0.14000000000000057,58,4192.0,,
88095.0,-1.519999999999996,56,4344.0,,
88100.0,0.14000000000000057,49,4330.0,,
88105.0,-0.4200000000000017,46,4372.0,,
88110.0,0.9699999999999989,48,4275.0,,
88115.0,0.7700000000000031,49,4198.0,,
88120.0,-0.0800000000000054,59,4206.0,,
88125.0,-1.8200000000000003,59,4388.0,,
88130.0,-0.9299999999999997,63,4481.0,,
88135.0,-1.0599999999999952,62,4587.0,,
88140.0,-1.5200000000000031,63,4739.0,,
88145.0,-0.75,63,4814.0,,
88150.0,1.0300000000000011,63,4711.0,,
88155.0,-1.2800000000000011,57,4839.0,,
88160.0,0.9699999999999989,60,4742.0,,
88165.0,-1.5799999999999983,60,4900.0,,
88170.0,-1.4500000000000028,58,5045.0,,
88175.0,-1.3599999999999994,61,5181.0,,
88180.0,-2.019999999999996,59,5383.0,,
88185.0,-0.490000000000002,56,5432.0,,
88190.0,0.3200000000000003,60,5400.0,,
88195.0,-0.4200000000000017,60,5442.0,,
88200.0,1.9400000000000048,60,5248.0,,
88205.0,-2.230000000000004,60,5471.0,,
88210.0,-1.8800000000000026,61,5659.0,,
88215.0,5.460000000000001,59,5113.0,,
88220.0,9.520000000000003,55,4161.0,,
88225.0,3.049999999999997,61,3856.0,,
88230.0,0.020000000000003126,65,3854.0,,
88235.0,-1.3000000000000043,66,3984.0,,
88240.0,0.6400000000000006,69,3920.0,,
88245.0,-2.489999999999995,67,4169.0,,
88250.0,-1.1700000000000017,61,4286.0,,
88255.0,-0.4200000000000017,49,4328.0,,
88260.0,0.7000000000000028,43,4258.0,,
88265.0,0.8399999999999963,44,4174.0,,
88270.0,1.730000000000004,53,4001.0,,
88275.0,0.4199999999999946,57,3959.0,,
88280.0,-0.509999999999998,56,4010.0,,
88285.0,-0.6799999999999997,52,4078.0,,
88290.0,1.1700000000000017,44,3961.0,,
88295.0,0.0799999999999983,41,3953.0,,
88300.0,0.12000000000000455,42,3941.0,,
88305.0,0.779999999999994,49,3863.0,,
88310.0,-0.39000000000000057,49,3902.0,,
88315.0,1.0400000000000063,52,3798.0,,
88320.0,0.8399999999999963,51,3714.0,,
88325.0,0.5799999999999983,56,3656.0,,
88330.0,0.14000000000000057,54,3642.0,,
88335.0,0.10999999999999943,58,3631.0,,
88340.0,-0.19999999999999574,57,3651.0,,
88345.0,-1.5300000000000011,58,3804.0,,
88350.0,-0.25,52,3829.0,,
88355.0,0.46000000000000085,55,3783.0,,
88360.0,-0.980000000000004,56,3881.0,,
88365.0,0.30000000000000426,60,3851.0,,
88370.0,-1.3100000000000023,59,3982.0,,
88375.0,-1.509999999999998,59,4133.0,,
88380.0,-1.6600000000000037,60,4299.0,,
88385.0,-1.5700000000000003,58,4456.0,,
88390.0,-0.5999999999999943,56,4516.0,,
88395.0,0.6999999999999957,57,4446.0,,
88400.0,-0.25,57,4471.0,,
88405.0,0.6099999999999994,58,4410.0,,
88410.0,-1.509999999999998,60,4561.0,,
88415.0,-1.9500000000000028,62,4756.0,,
88420.0,-1.4699999999999989,58,4903.0,,
88425.0,-1.8299999999999983,58,5086.0,,
88430.0,-0.7100000000000009,58,5157.0,,
88435.0,0.3100000000000023,61,5126.0,,
88440.0,-0.28000000000000114,59,5154.0,,
88445.0,1.6799999999999997,60,4986.0,,
88450.0,-2.3100000000000023,59,5217.0,,
88455.0,-1.6599999999999966,58,5383.0,,
88460.0,4.909999999999997,52,4892.0,,
88465.0,8.04,52,4088.0,,
88470.0,1.7600000000000051,59,3912.0,,
88475.0,0.7100000000000009,67,3841.0,,
88480.0,-0.25,68,3866.0,,
88485.0,1.1499999999999986,68,3751.0,,
88490.0,-1.2700000000000031,66,3878.0,,
88495.0,-1.240000000000002,61,4002.0,,
88500.0,-0.7099999999999937,52,4073.0,,
88505.0,0.19999999999999574,47,4053.0,,
88510.0,0.9100000000000037,46,3962.0,,
88515.0,2.8900000000000006,52,3673.0,,
88520.0,-0.4200000000000017,54,3715.0,,
88525.0,-0.3500000000000014,51,3750.0,,
88530.0,-0.259999999999998,48,3776.0,,
88535.0,2.1499999999999986,42,3561.0,,
88540.0,0.14999999999999858,34,3546.0,,
88545.0,0.3999999999999986,39,3506.0,,
88550.0,0.9200000000000017,46,3414.0,,
88555.0,0.3100000000000023,52,3383.0,,
88560.0,-0.6799999999999997,53,3451.0,,
88565.0,0.7100000000000009,54,3380.0,,
88570.0,-0.9299999999999997,59,3473.0,,
88575.0,1.3200000000000003,58,3341.0,,
88580.0,-1.0700000000000003,60,3448.0,,
88585.0,-0.8900000000000006,58,3537.0,,
88590.0,-1.1700000000000017,55,3654.0,,
88595.0,-1.7100000000000009,57,3825.0,,
88600.0,-0.6099999999999994,52,3886.0,,
88605.0,0.8399999999999963,55,3802.0,,
88610.0,0.5300000000000011,54,3749.0,,
88615.0,0.6900000000000048,55,3680.0,,
88620.0,-2.3000000000000043,61,3910.0,,
88625.0,-1.8599999999999994,59,4096.0,,
88630.0,-0.7800000000000011,58,4174.0,,
88635.0,0.1600000000000037,48,4158.0,,
88640.0,-1.6600000000000037,46,4324.0,,
88645.0,-1.1699999999999946,47,4441.0,,
88650.0,-0.8400000000000034,50,4525.0,,
88655.0,-0.39000000000000057,54,4564.0,,
88660.0,1.2100000000000009,57,4443.0,,
88665.0,0.509999999999998,61,4392.0,,
88670.0,0.060000000000002274,61,4386.0,,
88675.0,-0.7700000000000031,58,4463.0,,
88680.0,-1.7100000000000009,59,4634.0,,
88685.0,-1.259999999999998,58,4760.0,,
88690.0,-1.3999999999999986,57,4900.0,,
88695.0,-0.8400000000000034,58,4984.0,,
88700.0,1.4600000000000009,60,4838.0,,
88705.0,-1.0399999999999991,60,4942.0,,
88710.0,0.7700000000000031,60,4865.0,,
88715.0,-1.5300000000000011,59,5018.0,,
88720.0,-1.6099999999999994,61,5179.0,,
88725.0,-1.7000000000000028,61,5349.0,,
88730.0,-1.6699999999999946,59,5516.0,,
88735.0,-0.8800000000000026,57,5604.0,,
88740.0,1.8500000000000014,64,5419.0,,
88745.0,-0.730000000000004,59,5492.0,,
88750.0,0.9200000000000017,60,5400.0,,
88755.0,-2.210000000000001,60,5621.0,,
88760.0,-1.8599999999999994,59,5807.0,,
88765.0,-1.5600000000000023,62,5963.0,,
88770.0,-2.1400000000000006,61,6177.0,,
88775.0,-1.9899999999999949,63,6376.0,,
88780.0,-1.4200000000000088,67,6518.0,,
88785.0,-0.25,68,6543.0,,
88790.0,-0.0899999999999892,63,6552.0,,
88795.0,1.4699999999999989,64,6405.0,,
88800.0,-0.6599999999999966,64,6471.0,,
88805.0,-1.8200000000000074,62,6653.0,,
88810.0,6.390000000000001,58,6014.0,,
88815.0,11.850000000000001,55,4829.0,,
88820.0,-0.9500000000000028,58,4924.0,,
88825.0,-0.10999999999999943,69,4935.0,,
88830.0,0.3999999999999986,68,4895.0,,
88835.0,1.2800000000000011,70,4767.0,,
88840.0,-2.559999999999995,71,5023.0,,
88845.0,-1.3500000000000014,64,5158.0,,
88850.0,-0.46999999999999886,56,5205.0,,
88855.0,2.6899999999999977,50,4936.0,,
88860.0,-0.240000000000002,47,4960.0,,
88865.0,-0.22999999999999687,44,4983.0,,
88870.0,0.22999999999999687,48,4960.0,,
88875.0,-1.0700000000000003,54,5067.0,,
88880.0,0.1700000000000017,54,5050.0,,
88885.0,1.8699999999999974,59,4863.0,,
88890.0,0.39000000000000057,55,4824.0,,
88895.0,1.490000000000002,59,4675.0,,
88900.0,-0.9099999999999966,57,4766.0,,
88905.0,-1.0,58,4866.0,,
88910.0,-0.3400000000000034,59,4900.0,,
88915.0,0.7899999999999991,52,4821.0,,
88920.0,-0.7100000000000009,47,4892.0,,
88925.0,-0.5700000000000003,52,4949.0,,
88930.0,-1.6299999999999955,55,5112.0,,
88935.0,-1.8400000000000034,60,5296.0,,
88940.0,-0.29999999999999716,61,5326.0,,
88945.0,1.1099999999999994,64,5215.0,,
88950.0,-0.10999999999999943,60,5226.0,,
88955.0,0.7999999999999972,58,5146.0,,
88960.0,-1.490000000000002,57,5295.0,,
88965.0,-1.7099999999999937,59,5466.0,,
88970.0,-1.5500000000000043,60,5621.0,,
88975.0,-2.259999999999998,61,5847.0,,
88980.0,-0.490000000000002,60,5896.0,,
88985.0,1.1400000000000006,63,5782.0,,
88990.0,-0.46999999999999886,63,5829.0,,
88995.0,0.03999999999999915,61,5825.0,,
89000.0,-2.6099999999999994,64,6086.0,,
89005.0,-2.1700000000000017,63,6303.0,,
89010.0,-1.8700000000000045,65,6490.0,,
89015.0,-2.1499999999999915,68,6705.0,,
89020.0,-1.0,63,6805.0,,
89025.0,0.7000000000000028,66,6735.0,,
89030.0,-0.6000000000000085,62,6795.0,,
89035.0,0.7600000000000051,63,6719.0,,
89040.0,-1.6599999999999966,65,6885.0,,
89045.0,-2.1200000000000045,61,7097.0,,
89050.0,6.650000000000006,64,6432.0,,
89055.0,12.339999999999996,59,5198.0,,
89060.0,-0.9400000000000048,63,5292.0,,
89065.0,0.20000000000000284,76,5272.0,,
89070.0,-0.8299999999999983,77,5355.0,,
89075.0,1.2199999999999989,75,5233.0,,
89080.0,-1.7600000000000051,74,5409.0,,
89085.0,-1.3199999999999932,64,5541.0,,
89090.0,-0.20000000000000284,61,5561.0,,
89095.0,-0.9600000000000009,58,5657.0,,
89100.0,-0.3999999999999986,58,5697.0,,
89105.0,0.7299999999999969,60,5624.0,,
89110.0,0.4100000000000037,60,5583.0,,
89115.0,1.7800000000000011,60,5405.0,,
89120.0,-0.720000000000006,61,5477.0,,
89125.0,-1.0599999999999952,60,5583.0,,
89130.0,-0.30000000000000426,62,5613.0,,
89135.0,-1.1499999999999986,62,5728.0,,
89140.0,-0.5700000000000003,59,5785.0,,
89145.0,0.5,63,5735.0,,
89150.0,-0.36999999999999744,64,5772.0,,
89155.0,1.5700000000000003,64,5615.0,,
89160.0,-0.990000000000002,63,5714.0,,
89165.0,-1.9799999999999969,62,5912.0,,
89170.0,-1.5500000000000043,64,6067.0,,
89175.0,-1.7100000000000009,61,6238.0,,
89180.0,-0.9099999999999966,60,6329.0,,
89185.0,0.509999999999998,64,6278.0,,
89190.0,-0.29999999999999716,64,6308.0,,
89195.0,1.769999999999996,62,6131.0,,
89200.0,-1.2399999999999949,62,6255.0,,
89205.0,-1.8599999999999994,61,6441.0,,
89210.0,6.099999999999994,61,5831.0,,
89215.0,10.170000000000002,56,4814.0,,
89220.0,2.200000000000003,62,4594.0,,
89225.0,0.4299999999999997,72,4551.0,,
89230.0,-0.7800000000000011,71,4629.0,,
89235.0,2.1099999999999994,71,4418.0,,
89240.0,-2.509999999999998,71,4669.0,,
89245.0,-1.3200000000000003,62,4801.0,,
89250.0,-0.21999999999999886,59,4823.0,,
89255.0,-0.9200000000000017,59,4915.0,,
89260.0,-0.6000000000000014,56,4975.0,,
89265.0,1.0200000000000031,60,4873.0,,
89270.0,0.23999999999999488,61,4849.0,,
89275.0,3.1499999999999986,59,4534.0,,
89280.0,-2.049999999999997,61,4739.0,,
89285.0,-1.0300000000000011,59,4842.0,,
89290.0,0.38000000000000256,59,4804.0,,
89295.0,2.4299999999999997,50,4561.0,,
89300.0,-0.28999999999999915,47,4590.0,,
89305.0,1.3500000000000014,51,4455.0,,
89310.0,-0.30000000000000426,50,4485.0,,
89315.0,0.10999999999999943,54,4474.0,,
89320.0,-0.6699999999999946,60,4541.0,,
89325.0,0.759999999999998,58,4465.0,,
89330.0,-1.730000000000004,56,4638.0,,
89335.0,-0.6999999999999957,53,4708.0,,
89340.0,-0.6700000000000017,55,4775.0,,
89345.0,-0.509999999999998,56,4826.0,,
89350.0,1.0399999999999991,60,4722.0,,
89355.0,-1.259999999999998,59,4848.0,,
89360.0,-1.730000000000004,62,5021.0,,
89365.0,-0.740000000000002,64,5095.0,,
89370.0,1.0300000000000011,66,4992.0,,
89375.0,-1.4200000000000017,61,5134.0,,
89380.0,-1.5499999999999972,54,5289.0,,
89385.0,-1.3800000000000026,54,5427.0,,
89390.0,-0.4299999999999997,54,5470.0,,
89395.0,1.1900000000000048,59,5351.0,,
89400.0,-1.5700000000000003,60,5508.0,,
89405.0,-2.270000000000003,61,5735.0,,
89410.0,-1.1499999999999986,61,5850.0,,
89415.0,0.07000000000000028,65,5843.0,,
89420.0,1.0399999999999991,59,5739.0,,
89425.0,1.6899999999999977,61,5570.0,,
89430.0,-2.5799999999999983,65,5828.0,,
89435.0,-2.0799999999999983,62,6036.0,,
89440.0,-1.8699999999999974,62,6223.0,,
89445.0,-2.170000000000009,60,6440.0,,
89450.0,-1.059999999999988,59,6546.0,,
89455.0,-0.10000000000000853,60,6556.0,,
89460.0,0.20000000000000284,61,6536.0,,
89465.0,1.6499999999999986,64,6371.0,,
89470.0,-2.539999999999999,64,6625.0,,
89475.0,-1.9300000000000068,65,6818.0,,
89480.0,-1.559999999999988,57,6974.0,,
89485.0,-0.010000000000005116,56,6975.0,,
89490.0,0.04000000000000625,54,6971.0,,
89495.0,3.0799999999999983,62,6663.0,,
89500.0,-2.3700000000000045,67,6900.0,,
89505.0,-1.4500000000000028,63,7045.0,,
89510.0,6.859999999999999,57,6359.0,,
89515.0,12.240000000000002,52,5135.0,,
89520.0,-1.2199999999999989,56,5257.0,,
89525.0,-0.6700000000000017,65,5324.0,,
89530.0,-0.5700000000000003,70,5381.0,,
89535.0,3.219999999999999,74,5059.0,,
89540.0,-0.9399999999999977,71,5153.0,,
89545.0,-0.6099999999999994,60,5214.0,,
89550.0,0.45000000000000284,53,5169.0,,
89555.0,-0.3400000000000034,55,5203.0,,
89560.0,-0.6499999999999986,54,5268.0,,
89565.0,0.00999999999999801,58,5267.0,,
89570.0,0.6200000000000045,60,5205.0,,
89575.0,2.509999999999998,59,4954.0,,
89580.0,-1.8299999999999983,60,5137.0,,
89585.0,-0.490000000000002,56,5186.0,,
89590.0,0.8900000000000006,53,5097.0,,
89595.0,2.1700000000000017,44,4880.0,,
89600.0,-0.2700000000000031,43,4907.0,,
89605.0,0.1700000000000017,42,4890.0,,
89610.0,-0.44000000000000483,46,4934.0,,
89615.0,-1.9099999999999966,56,5125.0,,
89620.0,-0.6700000000000017,56,5192.0,,
89625.0,0.6499999999999986,59,5127.0,,
89630.0,0.05000000000000426,62,5122.0,,
89635.0,1.7100000000000009,64,4951.0,,
89640.0,-2.6600000000000037,63,5217.0,,
89645.0,-2.0899999999999963,63,5426.0,,
89650.0,-1.6499999999999986,61,5591.0,,
89655.0,-2.490000000000002,59,5840.0,,
89660.0,-2.259999999999998,63,6066.0,,
89665.0,-1.0800000000000054,65,6174.0,,
89670.0,0.5200000000000031,67,6122.0,,
89675.0,0.7800000000000011,62,6044.0,,
89680.0,1.3399999999999963,62,5910.0,,
89685.0,-2.460000000000001,62,6156.0,,
89690.0,-2.1099999999999994,65,6367.0,,
89695.0,-1.7399999999999949,62,6541.0,,
89700.0,-2.1200000000000045,64,6753.0,,
89705.0,-0.980000000000004,62,6851.0,,
89710.0,0.19000000000001194,68,6832.0,,
89715.0,0.18999999999999773,63,6813.0,,
89720.0,1.5300000000000011,63,6660.0,,
89725.0,-2.5900000000000034,64,6919.0,,
89730.0,-2.0600000000000023,64,7125.0,,
89735.0,-1.6400000000000006,65,7289.0,,
89740.0,-2.0799999999999983,65,7497.0,,
89745.0,-1.0400000000000063,61,7601.0,,
89750.0,0.010000000000005116,63,7600.0,,
89755.0,0.9899999999999949,57,7501.0,,
89760.0,1.990000000000009,60,7302.0,,
89765.0,0.03999999999999204,59,7298.0,,
89770.0,-1.9699999999999989,60,7495.0,,
89775.0,7.939999999999998,56,6701.0,,
89780.0,14.290000000000006,52,5272.0,,
89785.0,-1.0700000000000003,59,5379.0,,
89790.0,0.39000000000000057,68,5340.0,,
89795.0,-0.37000000000000455,71,5377.0,,
89800.0,1.3600000000000065,74,5241.0,,
89805.0,-1.480000000000004,71,5389.0,,
89810.0,-1.4200000000000017,64,5531.0,,
89815.0,-0.28999999999999915,54,5560.0,,
89820.0,3.039999999999999,48,5256.0,,
89825.0,-1.1099999999999994,44,5367.0,,
89830.0,0.730000000000004,47,5294.0,,
89835.0,-0.8100000000000023,50,5375.0,,
89840.0,-0.45000000000000284,56,5420.0,,
89845.0,-0.9699999999999989,61,5517.0,,
89850.0,1.1300000000000026,63,5404.0,,
89855.0,-0.5900000000000034,61,5463.0,,
89860.0,2.4100000000000037,65,5222.0,,
89865.0,-2.1600000000000037,63,5438.0,,
89870.0,-1.0499999999999972,61,5543.0,,
89875.0,-0.6899999999999977,60,5612.0,,
89880.0,-1.7800000000000011,60,5790.0,,
89885.0,-2.539999999999999,63,6044.0,,
89890.0,-1.1400000000000006,68,6158.0,,
89895.0,0.4399999999999977,64,6114.0,,
89900.0,1.0900000000000034,58,6005.0,,
89905.0,3.4499999999999957,59,5660.0,,
89910.0,-2.3299999999999983,58,5893.0,,
89915.0,-1.8200000000000003,60,6075.0,,
89920.0,6.07,58,5468.0,,
89925.0,11.339999999999996,55,4334.0,,
89930.0,2.030000000000001,59,4131.0,,
89935.0,1.0100000000000051,64,4030.0,,
89940.0,-1.0,66,4130.0,,
89945.0,0.6400000000000006,69,4066.0,,
89950.0,-1.4400000000000048,70,4210.0,,
89955.0,-1.1599999999999966,60,4326.0,,
89960.0,-0.21999999999999886,57,4348.0,,
89965.0,-1.3700000000000045,56,4485.0,,
89970.0,-0.6599999999999966,57,4551.0,,
89975.0,-0.30000000000000426,55,4581.0,,
89980.0,0.6500000000000057,53,4516.0,,
89985.0,1.5599999999999952,48,4360.0,,
89990.0,2.8999999999999986,51,4070.0,,
89995.0,-1.5799999999999983,51,4228.0,,
90000.0,-0.6899999999999977,56,4297.0,,
90005.0,-0.5399999999999991,57,4351.0,,
90010.0,-1.7600000000000051,56,4527.0,,
90015.0,-2.1699999999999946,55,4744.0,,
90020.0,-0.8800000000000026,57,4832.0,,
90025.0,1.1499999999999986,56,4717.0,,
90030.0,0.14000000000000057,52,4703.0,,
90035.0,2.759999999999998,52,4427.0,,
90040.0,-2.1699999999999946,55,4644.0,,
90045.0,-1.740000000000002,57,4818.0,,
90050.0,-1.740000000000002,60,4992.0,,
90055.0,-1.769999999999996,55,5169.0,,
90060.0,-0.9200000000000017,56,5261.0,,
90065.0,0.490000000000002,57,5212.0,,
90070.0,0.9499999999999957,52,5117.0,,
90075.0,2.8100000000000023,53,4836.0,,
90080.0,-1.0300000000000011,55,4939.0,,
90085.0,-1.7199999999999989,57,5111.0,,
90090.0,-1.4100000000000037,58,5252.0,,
90095.0,-1.8299999999999983,57,5435.0,,
90100.0,-0.759999999999998,53,5511.0,,
90105.0,0.5300000000000011,53,5458.0,,
90110.0,0.769999999999996,50,5381.0,,
90115.0,2.440000000000005,53,5137.0,,
90120.0,-2.0500000000000043,59,5342.0,,
90125.0,-1.1700000000000017,60,5459.0,,
90130.0,5.410000000000004,56,4918.0,,
90135.0,9.64,52,3954.0,,
90140.0,1.2199999999999989,55,3832.0,,
90145.0,0.0799999999999983,60,3824.0,,
90150.0,-0.21999999999999886,59,3846.0,,
90155.0,1.9399999999999977,63,3652.0,,
90160.0,-0.7899999999999991,65,3731.0,,
90165.0,-0.5499999999999972,57,3786.0,,
90170.0,-0.35999999999999943,53,3822.0,,
90175.0,-0.8100000000000023,49,3903.0,,
90180.0,-0.509999999999998,50,3954.0,,
90185.0,-0.6099999999999994,49,4015.0,,
90190.0,0.8799999999999955,50,3927.0,,
90195.0,0.3500000000000014,44,3892.0,,
90200.0,2.4299999999999997,47,3649.0,,
90205.0,-1.6299999999999955,54,3812.0,,
90210.0,-0.5,58,3862.0,,
90215.0,-1.230000000000004,58,3985.0,,
90220.0,-1.519999999999996,52,4137.0,,
90225.0,-1.8500000000000014,53,4322.0,,
90230.0,-0.5399999999999991,52,4376.0,,
90235.0,1.0899999999999963,53,4267.0,,
90240.0,0.12000000000000455,50,4255.0,,
90245.0,3.739999999999995,51,3881.0,,
90250.0,-2.1199999999999974,55,4093.0,,
90255.0,-1.6400000000000006,57,4257.0,,
90260.0,3.5600000000000023,53,3901.0,,
90265.0,5.030000000000001,51,3398.0,,
90270.0,0.779999999999994,50,3320.0,,
90275.0,2.030000000000001,57,3117.0,,
90280.0,-0.25,53,3142.0,,
90285.0,1.620000000000001,54,2980.0,,
90290.0,0.03999999999999915,57,2976.0,,
90295.0,-0.7799999999999976,54,3054.0,,
90300.0,-0.25,52,3079.0,,
90305.0,-0.6600000000000001,47,3145.0,,
90310.0,-0.5700000000000038,47,3202.0,,
90315.0,0.15000000000000213,47,3187.0,,
90320.0,3.080000000000002,46,2879.0,,
90325.0,0.09999999999999787,40,2869.0,,
90330.0,1.740000000000002,42,2695.0,,
90335.0,0.029999999999997584,44,2692.0,,
90340.0,-0.4099999999999966,47,2733.0,,
90345.0,-0.22000000000000242,50,2755.0,,
90350.0,-1.259999999999998,46,2881.0,,
90355.0,-1.5700000000000003,47,3038.0,,
90360.0,-0.15000000000000213,46,3053.0,,
90365.0,1.3000000000000007,45,2923.0,,
90370.0,0.6999999999999993,42,2853.0,,
90375.0,1.6099999999999994,42,2692.0,,
90380.0,-1.7399999999999984,48,2866.0,,
90385.0,-1.4100000000000001,53,3007.0,,
90390.0,-1.2199999999999989,51,3129.0,,
90395.0,-1.8000000000000043,50,3309.0,,
90400.0,-1.779999999999994,49,3487.0,,
90405.0,-0.17999999999999972,48,3505.0,,
90410.0,1.4699999999999989,46,3358.0,,
90415.0,0.07000000000000028,40,3351.0,,
90420.0,1.4499999999999957,45,3206.0,,
90425.0,-0.30999999999999517,50,3237.0,,
90430.0,-1.6300000000000026,55,3400.0,,
90435.0,1.9099999999999966,51,3209.0,,
90440.0,2.350000000000005,50,2974.0,,
90445.0,-1.7800000000000011,50,3152.0,,
90450.0,-1.4400000000000013,51,3296.0,,
90455.0,-0.8299999999999983,50,3379.0,,
90460.0,0.38000000000000256,48,3341.0,,
90465.0,1.4799999999999969,47,3193.0,,
90470.0,2.530000000000001,42,2940.0,,
90475.0,-0.05000000000000071,38,2945.0,,
90480.0,-0.5199999999999996,36,2997.0,,
90485.0,-0.38000000000000256,40,3035.0,,
90490.0,0.40000000000000213,42,2995.0,,
90495.0,-1.5100000000000016,48,3146.0,,
90500.0,-0.2699999999999996,49,3173.0,,
90505.0,0.4800000000000004,42,3125.0,,
90510.0,3.780000000000001,38,2747.0,,
90515.0,-0.9600000000000009,34,2843.0,,
90520.0,-0.3099999999999987,35,2874.0,,
90525.0,-0.08000000000000185,36,2882.0,,
90530.0,0.5700000000000003,45,2825.0,,
90535.0,-1.5300000000000011,48,2978.0,,
90540.0,-1.0599999999999987,44,3084.0,,
90545.0,1.0700000000000003,35,2977.0,,
90550.0,2.6799999999999997,34,2709.0,,
90555.0,0.0799999999999983,31,2701.0,,
90560.0,0.0,34,2701.0,,
90565.0,-0.3299999999999983,36,2734.0,,
90570.0,0.5399999999999991,44,2680.0,,
90575.0,-0.7399999999999984,48,2754.0,,
90580.0,-1.4299999999999997,42,2897.0,,
90585.0,0.6099999999999994,39,2836.0,,
90590.0,-0.9000000000000021,47,2926.0,,
90595.0,0.14000000000000057,52,2912.0,,
90600.0,3.2300000000000004,53,2589.0,,
90605.0,-1.2199999999999989,51,2711.0,,
90610.0,-0.5300000000000011,53,2764.0,,
90615.0,-0.9499999999999993,55,2859.0,,
90620.0,-1.1000000000000014,48,2969.0,,
90625.0,0.3500000000000014,44,2934.0,,
90630.0,2.039999999999999,36,2730.0,,
90635.0,-0.8299999999999983,30,2813.0,,
90640.0,0.2799999999999976,34,2785.0,,
90645.0,-0.4499999999999993,37,2830.0,,
90650.0,1.1799999999999997,43,2712.0,,
90655.0,-1.4800000000000004,44,2860.0,,
90660.0,-0.5999999999999979,40,2920.0,,
90665.0,0.05000000000000071,39,2915.0,,
90670.0,-0.9000000000000021,41,3005.0,,
90675.0,-0.7100000000000009,46,3076.0,,
90680.0,0.8100000000000023,47,2995.0,,
90685.0,2.4399999999999977,45,2751.0,,
90690.0,-0.8299999999999983,42,2834.0,,
90695.0,-1.4899999999999984,33,2983.0,,
90700.0,0.019999999999999574,33,2981.0,,
90705.0,0.9100000000000001,43,2890.0,,
90710.0,-0.6900000000000013,47,2959.0,,
90715.0,-1.7800000000000011,47,3137.0,,
90720.0,-1.9000000000000021,44,3327.0,,
90725.0,-2.0899999999999963,46,3536.0,,
90730.0,0.490000000000002,46,3487.0,,
90735.0,2.710000000000001,47,3216.0,,
90740.0,-2.210000000000001,49,3437.0,,
90745.0,-1.8100000000000023,42,3618.0,,
90750.0,-0.259999999999998,43,3644.0,,
90755.0,0.9699999999999989,46,3547.0,,
90760.0,0.3299999999999983,49,3514.0,,
90765.0,2.289999999999999,48,3285.0,,
90770.0,0.3400000000000034,40,3251.0,,
90775.0,-0.8599999999999994,41,3337.0,,
90780.0,1.0,41,3237.0,,
90785.0,-0.970000000000006,50,3334.0,,
90790.0,-0.35999999999999943,53,3370.0,,
90795.0,1.470000000000006,53,3223.0,,
90800.0,0.20999999999999375,50,3202.0,,
90805.0,0.7800000000000047,51,3124.0,,
90810.0,-1.8399999999999999,54,3308.0,,
90815.0,-0.8100000000000023,49,3389.0,,
90820.0,-0.240000000000002,45,3413.0,,
90825.0,1.4500000000000028,38,3268.0,,
90830.0,0.20000000000000284,29,3248.0,,
90835.0,0.8099999999999952,31,3167.0,,
90840.0,0.14000000000000057,35,3153.0,,
90845.0,1.2800000000000011,40,3025.0,,
90850.0,0.4499999999999993,39,2980.0,,
90855.0,-0.0799999999999983,37,2988.0,,
90860.0,0.6999999999999993,37,2918.0,,
90865.0,0.0799999999999983,38,2910.0,,
90870.0,2.460000000000001,36,2664.0,,
90875.0,0.7600000000000016,34,2588.0,,
90880.0,1.2099999999999973,41,2467.0,,
90885.0,0.40000000000000213,43,2427.0,,
90890.0,-0.240000000000002,47,2451.0,,
90895.0,-0.7099999999999973,44,2522.0,,
90900.0,0.9699999999999989,36,2425.0,,
90905.0,0.030000000000001137,28,2422.0,,
90910.0,0.259999999999998,37,2396.0,,
90915.0,0.6600000000000001,38,2330.0,,
90920.0,0.6700000000000017,40,2263.0,,
90925.0,-0.4800000000000004,39,2311.0,,
90930.0,0.7699999999999996,40,2234.0,,
90935.0,-1.1000000000000014,38,2344.0,,
90940.0,-0.5199999999999996,42,2396.0,,
90945.0,-0.34999999999999787,46,2431.0,,
90950.0,0.36999999999999744,44,2394.0,,
90955.0,-1.2899999999999991,38,2523.0,,
90960.0,0.0,37,2523.0,,
90965.0,-0.019999999999999574,36,2525.0,,
90970.0,1.3200000000000003,35,2393.0,,
90975.0,-0.10999999999999943,31,2404.0,,
90980.0,-0.23000000000000043,39,2427.0,,
90985.0,-0.39000000000000057,40,2466.0,,
90990.0,0.41000000000000014,44,2425.0,,
90995.0,-1.3000000000000007,43,2555.0,,
91000.0,-0.120000000000001,40,2567.0,,
91005.0,-1.1199999999999974,41,2679.0,,
91010.0,-1.2899999999999991,43,2808.0,,
91015.0,-1.5800000000000018,45,2966.0,,
91020.0,-0.35999999999999943,46,3002.0,,
91025.0,2.1499999999999986,44,2787.0,,
91030.0,-0.5,41,2837.0,,
91035.0,0.6099999999999994,44,2776.0,,
91040.0,-1.9100000000000001,49,2967.0,,
91045.0,-1.6099999999999994,51,3128.0,,
91050.0,1.6500000000000021,45,2963.0,,
91055.0,1.1400000000000006,48,2849.0,,
91060.0,-1.8000000000000007,45,3029.0,,
91065.0,-1.3800000000000026,48,3167.0,,
91070.0,-0.7100000000000009,45,3238.0,,
91075.0,0.3400000000000034,46,3204.0,,
91080.0,-1.8000000000000043,46,3384.0,,
91085.0,-1.2199999999999989,41,3506.0,,
91090.0,-1.0,43,3606.0,,
91095.0,-1.2199999999999989,44,3728.0,,
91100.0,0.6300000000000026,43,3665.0,,
91105.0,4.539999999999999,41,3211.0,,
91110.0,-0.5900000000000034,39,3270.0,,
91115.0,-1.0899999999999963,34,3379.0,,
91120.0,0.060000000000002274,33,3373.0,,
91125.0,1.3399999999999963,40,3239.0,,
91130.0,-1.9600000000000009,45,3435.0,,
91135.0,-1.7100000000000009,42,3606.0,,
91140.0,-1.6599999999999966,42,3772.0,,
91145.0,-2.0900000000000034,48,3981.0,,
91150.0,-2.3999999999999986,53,4221.0,,
91155.0,0.36999999999999744,55,4184.0,,
91160.0,3.0,51,3884.0,,
91165.0,-2.25,47,4109.0,,
91170.0,-1.8199999999999932,42,4291.0,,
91175.0,0.13999999999999346,43,4277.0,,
91180.0,1.4500000000000028,44,4132.0,,
91185.0,-0.39000000000000057,49,4171.0,,
91190.0,-1.6899999999999977,47,4340.0,,
91195.0,-1.8700000000000045,47,4527.0,,
91200.0,-2.029999999999994,51,4730.0,,
91205.0,-2.280000000000001,51,4958.0,,
91210.0,0.8900000000000006,50,4869.0,,
91215.0,3.780000000000001,51,4491.0,,
91220.0,-2.3000000000000043,50,4721.0,,
91225.0,-1.9099999999999966,41,4912.0,,
91230.0,1.1999999999999957,40,4792.0,,
91235.0,-0.21000000000000085,51,4813.0,,
91240.0,0.490000000000002,57,4764.0,,
91245.0,4.439999999999998,58,4320.0,,
91250.0,-0.3399999999999963,53,4354.0,,
91255.0,3.710000000000001,54,3983.0,,
91260.0,-2.030000000000001,53,4186.0,,
91265.0,-0.980000000000004,49,4284.0,,
91270.0,0.9100000000000037,43,4193.0,,
91275.0,2.9099999999999966,38,3902.0,,
91280.0,0.020000000000003126,34,3900.0,,
91285.0,-0.18999999999999773,29,3919.0,,
91290.0,0.7299999999999969,34,3846.0,,
91295.0,3.759999999999998,41,3470.0,,
91300.0,-1.3599999999999994,43,3606.0,,
91305.0,-0.7999999999999972,43,3686.0,,
91310.0,-0.3100000000000023,41,3717.0,,
91315.0,-1.2399999999999949,46,3841.0,,
91320.0,-1.1400000000000006,50,3955.0,,
91325.0,0.6699999999999946,51,3888.0,,
91330.0,2.9100000000000037,49,3597.0,,
91335.0,-1.0399999999999991,42,3701.0,,
91340.0,-1.6799999999999997,36,3869.0,,
91345.0,0.769999999999996,33,3792.0,,
91350.0,2.200000000000003,40,3572.0,,
91355.0,0.01999999999999602,42,3570.0,,
91360.0,-1.8399999999999963,50,3754.0,,
91365.0,-2.0600000000000023,49,3960.0,,
91370.0,-2.299999999999997,50,4190.0,,
91375.0,-2.4200000000000017,54,4432.0,,
91380.0,0.5200000000000031,53,4380.0,,
91385.0,3.259999999999998,49,4054.0,,
91390.0,0.3299999999999983,46,4021.0,,
91395.0,-1.6599999999999966,41,4187.0,,
91400.0,0.46000000000000085,37,4141.0,,
91405.0,2.4599999999999937,42,3895.0,,
91410.0,0.5400000000000063,45,3841.0,,
91415.0,2.519999999999996,48,3589.0,,
91420.0,-0.8500000000000014,49,3674.0,,
91425.0,-1.3099999999999952,44,3805.0,,
91430.0,0.46999999999999886,47,3758.0,,
91435.0,-1.1300000000000026,53,3871.0,,
91440.0,-0.1599999999999966,54,3887.0,,
91445.0,2.6400000000000006,56,3623.0,,
91450.0,-0.740000000000002,54,3697.0,,
91455.0,-0.980000000000004,48,3795.0,,
91460.0,0.39000000000000057,43,3756.0,,
91465.0,4.150000000000006,40,3341.0,,
91470.0,-1.1500000000000057,38,3456.0,,
91475.0,-0.4299999999999997,38,3499.0,,
91480.0,0.060000000000002274,40,3493.0,,
91485.0,-0.5700000000000003,43,3550.0,,
91490.0,-0.8100000000000023,46,3631.0,,
91495.0,0.740000000000002,44,3557.0,,
91500.0,3.7699999999999996,41,3180.0,,
91505.0,-1.4499999999999993,35,3325.0,,
91510.0,-0.7299999999999969,32,3398.0,,
91515.0,0.6299999999999955,32,3335.0,,
91520.0,1.9100000000000001,40,3144.0,,
91525.0,0.21000000000000085,41,3123.0,,
91530.0,-1.5299999999999976,41,3276.0,,
91535.0,-1.6900000000000048,45,3445.0,,
91540.0,-2.1599999999999966,49,3661.0,,
91545.0,-2.280000000000001,51,3889.0,,
91550.0,0.5799999999999983,47,3831.0,,
91555.0,3.020000000000003,43,3529.0,,
91560.0,-0.46000000000000085,38,3575.0,,
91565.0,-1.3500000000000014,32,3710.0,,
91570.0,-1.3299999999999983,37,3843.0,,
91575.0,-1.8699999999999974,45,4030.0,,
91580.0,-2.3000000000000043,51,4260.0,,
91585.0,0.30000000000000426,52,4230.0,,
91590.0,2.1599999999999966,49,4014.0,,
91595.0,-2.200000000000003,45,4234.0,,
91600.0,-1.6799999999999997,37,4402.0,,
91605.0,1.0600000000000023,39,4296.0,,
91610.0,3.240000000000002,46,3972.0,,
91615.0,2.259999999999998,48,3746.0,,
91620.0,4.490000000000002,50,3297.0,,
91625.0,-1.9100000000000037,49,3488.0,,
91630.0,-0.9899999999999949,46,3587.0,,
91635.0,0.39000000000000057,45,3548.0,,
91640.0,-1.1900000000000048,49,3667.0,,
91645.0,-0.18999999999999773,53,3686.0,,
91650.0,1.4099999999999966,55,3545.0,,
91655.0,2.0500000000000043,52,3340.0,,
91660.0,2.41,53,3099.0,,
91665.0,0.08999999999999986,54,3090.0,,
91670.0,-0.7000000000000028,48,3160.0,,
91675.0,-0.03999999999999915,48,3164.0,,
91680.0,-0.14000000000000057,45,3178.0,,
91685.0,0.14000000000000057,41,3164.0,,
91690.0,1.620000000000001,40,3002.0,,
91695.0,-0.3500000000000014,35,3037.0,,
91700.0,-0.029999999999997584,34,3040.0,,
91705.0,0.889999999999997,29,2951.0,,
91710.0,2.360000000000003,37,2715.0,,
91715.0,-1.1900000000000013,44,2834.0,,
91720.0,-0.3999999999999986,45,2874.0,,
91725.0,-0.4400000000000013,43,2918.0,,
91730.0,-2.34,50,3152.0,,
91735.0,-0.26000000000000156,53,3178.0,,
91740.0,1.2600000000000016,49,3052.0,,
91745.0,0.41000000000000014,45,3011.0,,
91750.0,-0.33999999999999986,44,3045.0,,
91755.0,1.0299999999999976,38,2942.0,,
91760.0,2.0500000000000007,36,2737.0,,
91765.0,1.8399999999999999,33,2553.0,,
91770.0,1.7100000000000009,34,2382.0,,
91775.0,-0.05000000000000071,33,2387.0,,
91780.0,-0.2699999999999996,34,2414.0,,
91785.0,0.46999999999999886,38,2367.0,,
91790.0,0.8200000000000003,38,2285.0,,
91795.0,1.240000000000002,31,2161.0,,
91800.0,1.5500000000000007,35,2006.0,,
91805.0,0.05999999999999872,34,2000.0,,
91810.0,0.5799999999999983,36,1942.0,,
91815.0,-0.3099999999999987,34,1973.0,,
91820.0,0.9200000000000017,28,1881.0,,
91825.0,0.16000000000000014,22,1865.0,,
91830.0,0.48999999999999844,28,1816.0,,
91835.0,0.14999999999999858,28,1801.0,,
91840.0,0.7700000000000031,33,1724.0,,
91845.0,-0.5500000000000007,30,1779.0,,
91850.0,0.3200000000000003,32,1747.0,,
91855.0,0.6199999999999974,33,1685.0,,
91860.0,-0.3200000000000003,34,1717.0,,
91865.0,-0.8699999999999974,38,1804.0,,
91870.0,-0.08000000000000185,36,1812.0,,
91875.0,1.4800000000000004,32,1664.0,,
91880.0,-0.620000000000001,27,1726.0,,
91885.0,-0.8599999999999994,30,1812.0,,
91890.0,0.22000000000000242,28,1790.0,,
91895.0,1.0599999999999987,35,1684.0,,
91900.0,-1.4699999999999989,34,1831.0,,
91905.0,-1.2600000000000016,36,1957.0,,
91910.0,-1.3500000000000014,38,2092.0,,
91915.0,0.6400000000000006,35,2028.0,,
91920.0,-0.9399999999999977,41,2122.0,,
91925.0,-1.9000000000000021,43,2312.0,,
91930.0,-1.6400000000000006,42,2476.0,,
91935.0,-1.6699999999999982,44,2643.0,,
91940.0,-2.0,45,2843.0,,
91945.0,-2.0,45,3043.0,,
91950.0,0.41000000000000014,41,3002.0,,
91955.0,3.9400000000000013,37,2608.0,,
91960.0,-0.5500000000000007,31,2663.0,,
91965.0,-1.120000000000001,27,2775.0,,
91970.0,1.0799999999999983,29,2667.0,,
91975.0,2.0600000000000023,36,2461.0,,
91980.0,-0.1999999999999993,34,2481.0,,
91985.0,-1.1600000000000001,37,2597.0,,
91990.0,-1.6400000000000006,40,2761.0,,
91995.0,-1.7899999999999991,41,2940.0,,
92000.0,-1.990000000000002,43,3139.0,,
92005.0,0.7300000000000004,40,3066.0,,
92010.0,3.0500000000000007,42,2761.0,,
92015.0,-0.3100000000000023,34,2792.0,,
92020.0,-1.2999999999999972,31,2922.0,,
92025.0,0.6499999999999986,30,2857.0,,
92030.0,1.5100000000000016,38,2706.0,,
92035.0,1.8999999999999986,38,2516.0,,
92040.0,3.59,44,2157.0,,
92045.0,-1.7100000000000009,44,2328.0,,
92050.0,-1.3399999999999999,43,2462.0,,
92055.0,0.4400000000000013,42,2418.0,,
92060.0,-1.2300000000000004,45,2541.0,,
92065.0,0.05999999999999872,43,2535.0,,
92070.0,1.9200000000000017,42,2343.0,,
92075.0,-0.6700000000000017,41,2410.0,,
92080.0,-0.629999999999999,42,2473.0,,
92085.0,-0.28999999999999915,43,2502.0,,
92090.0,2.0799999999999983,39,2294.0,,
92095.0,0.22000000000000242,37,2272.0,,
92100.0,1.5,38,2122.0,,
92105.0,-0.9299999999999997,41,2215.0,,
92110.0,-0.11000000000000298,41,2226.0,,
92115.0,0.45000000000000284,36,2181.0,,
92120.0,1.0299999999999976,28,2078.0,,
92125.0,0.5500000000000007,27,2023.0,,
92130.0,0.6000000000000014,27,1963.0,,
92135.0,0.4399999999999977,26,1919.0,,
92140.0,1.240000000000002,28,1795.0,,
92145.0,0.2799999999999976,33,1767.0,,
92150.0,0.8900000000000006,33,1678.0,,
92155.0,0.240000000000002,39,1654.0,,
92160.0,-0.25,35,1679.0,,
92165.0,-1.6700000000000017,39,1846.0,,
92170.0,-1.3099999999999987,42,1977.0,,
92175.0,-0.620000000000001,39,2039.0,,
92180.0,0.8200000000000003,33,1957.0,,
92185.0,2.960000000000001,28,1661.0,,
92190.0,1.92,31,1469.0,,
92195.0,1.5700000000000003,32,1312.0,,
92200.0,-0.4900000000000002,39,1361.0,,
92205.0,-0.6600000000000001,41,1427.0,,
92210.0,-0.5199999999999996,39,1479.0,,
92215.0,0.6199999999999992,30,1417.0,,
92220.0,2.0199999999999996,24,1215.0,,
92225.0,-0.4800000000000004,23,1263.0,,
92230.0,0.030000000000001137,23,1260.0,,
92235.0,0.33000000000000007,22,1227.0,,
92240.0,0.27999999999999936,21,1199.0,,
92245.0,-0.2599999999999998,27,1225.0,,
92250.0,0.3200000000000003,29,1193.0,,
92255.0,0.9699999999999989,34,1096.0,,
92260.0,0.08000000000000007,36,1088.0,,
92265.0,0.41000000000000014,34,1047.0,,
92270.0,-0.5699999999999985,27,1104.0,,
92275.0,-0.7000000000000011,21,1174.0,,
92280.0,0.16000000000000014,17,1158.0,,
92285.0,1.3699999999999992,15,1021.0,,
92290.0,0.5100000000000016,12,970.0,,
92295.0,0.9299999999999997,16,877.0,,
92300.0,-0.0600000000000005,21,883.0,,
92305.0,0.6899999999999995,22,814.0,,
92310.0,-0.46999999999999886,17,861.0,,
92315.0,-0.370000000000001,22,898.0,,
92320.0,-0.17999999999999972,20,916.0,,
92325.0,0.5400000000000009,17,862.0,,
92330.0,0.6199999999999992,17,800.0,,
92335.0,0.2699999999999996,16,773.0,,
92340.0,-0.11999999999999922,16,785.0,,
92345.0,0.45999999999999996,18,739.0,,
92350.0,0.040000000000000036,13,735.0,,
92355.0,-0.13000000000000078,17,748.0,,
92360.0,-0.33999999999999986,18,782.0,,
92365.0,0.33999999999999986,15,748.0,,
92370.0,2.2800000000000002,12,520.0,,
92375.0,0.7000000000000002,20,450.0,,
92380.0,-0.5099999999999998,19,501.0,,
92385.0,-0.08000000000000007,15,509.0,,
92390.0,0.3899999999999997,12,470.0,,
92395.0,0.7600000000000002,15,394.0,,
92400.0,-0.3900000000000001,15,433.0,,
92405.0,-0.13999999999999968,18,447.0,,
92410.0,0.08000000000000007,12,439.0,,
92415.0,0.5799999999999996,15,381.0,,
92420.0,-0.5100000000000002,22,432.0,,
92425.0,-0.6299999999999999,21,495.0,,
92430.0,-0.2400000000000002,20,519.0,,
92435.0,0.6100000000000003,16,458.0,,
92440.0,0.6499999999999999,17,393.0,,
92445.0,-0.3399999999999994,16,427.0,,
92450.0,0.03999999999999915,15,423.0,,
92455.0,0.30000000000000027,7,393.0,,
92460.0,-0.20999999999999952,16,414.0,,
92465.0,-0.35000000000000053,15,449.0,,
92470.0,0.10000000000000053,12,439.0,,
92475.0,0.5399999999999996,11,385.0,,
92480.0,0.3500000000000001,13,350.0,,
92485.0,0.10000000000000009,14,340.0,,
92490.0,0.18999999999999995,11,321.0,,
92495.0,0.040000000000000036,9,317.0,,
92500.0,-0.3999999999999999,13,357.0,,
92505.0,-0.16000000000000014,11,373.0,,
92510.0,0.43999999999999995,9,329.0,,
92515.0,-0.6200000000000001,15,391.0,,
92520.0,-0.8200000000000003,18,473.0,,
92525.0,-1.1199999999999992,25,585.0,,
92530.0,-0.6699999999999999,24,652.0,,
92535.0,-0.09000000000000075,25,661.0,,
92540.0,0.1299999999999999,15,648.0,,
92545.0,0.25,17,623.0,,
92550.0,-0.3899999999999997,16,662.0,,
92555.0,0.03000000000000025,15,659.0,,
92560.0,-0.23000000000000043,16,682.0,,
92565.0,-0.6799999999999997,18,750.0,,
92570.0,-0.2999999999999998,19,780.0,,
92575.0,-0.4200000000000008,24,822.0,,
92580.0,-0.5899999999999999,27,881.0,,
92585.0,-0.07000000000000028,27,888.0,,
92590.0,-0.8099999999999987,25,969.0,,
92595.0,-1.0,21,1069.0,,
92600.0,-0.25,18,1094.0,,
92605.0,0.4599999999999991,15,1048.0,,
92610.0,3.0300000000000002,11,745.0,,
92615.0,1.79,16,566.0,,
92620.0,-0.22999999999999954,21,589.0,,
92625.0,0.2999999999999998,17,559.0,,
92630.0,0.3799999999999999,14,521.0,,
92635.0,0.3600000000000003,15,485.0,,
92640.0,-0.15000000000000036,17,500.0,,
92645.0,0.3200000000000003,14,468.0,,
92650.0,0.4299999999999997,10,425.0,,
92655.0,0.43999999999999995,15,381.0,,
92660.0,-0.77,22,458.0,,
92665.0,-0.41999999999999993,22,500.0,,
92670.0,0.7199999999999998,22,428.0,,
92675.0,-0.8199999999999994,17,510.0,,
92680.0,-0.96,19,606.0,,
92685.0,-0.14000000000000057,15,620.0,,
92690.0,0.45999999999999996,14,574.0,,
92695.0,0.8799999999999999,10,486.0,,
92700.0,1.1100000000000003,13,375.0,,
92705.0,-0.3099999999999996,17,406.0,,
92710.0,0.23999999999999977,12,382.0,,
92715.0,-0.010000000000000231,7,383.0,,
92720.0,-0.25,14,408.0,,
92725.0,-0.25,14,433.0,,
92730.0,-0.13999999999999968,18,447.0,,
92735.0,0.09999999999999964,12,437.0,,
92740.0,0.3100000000000005,16,406.0,,
92745.0,-0.40000000000000036,17,446.0,,
92750.0,-0.03000000000000025,16,449.0,,
92755.0,0.0600000000000005,9,443.0,,
92760.0,-0.14000000000000057,12,457.0,,
92765.0,-0.41000000000000014,18,498.0,,
92770.0,-0.2599999999999998,17,524.0,,
92775.0,-0.46999999999999975,15,571.0,,
92780.0,-0.7700000000000005,16,648.0,,
92785.0,-0.5099999999999998,16,699.0,,
92790.0,-0.2599999999999998,17,725.0,,
92795.0,0.17999999999999972,13,707.0,,
92800.0,0.08999999999999986,18,698.0,,
92805.0,-0.5799999999999992,21,756.0,,
92810.0,-0.14000000000000057,19,770.0,,
92815.0,2.7,12,500.0,,
92820.0,1.35,19,365.0,,
92825.0,-0.4700000000000002,16,412.0,,
92830.0,0.040000000000000036,12,408.0,,
92835.0,0.6699999999999999,10,341.0,,
92840.0,0.7000000000000002,13,271.0,,
92845.0,-0.2999999999999998,15,301.0,,
92850.0,0.05999999999999961,15,295.0,,
92855.0,-0.10999999999999988,8,306.0,,
92860.0,-0.1499999999999999,13,321.0,,
92865.0,-0.28000000000000025,14,349.0,,
92870.0,0.010000000000000231,14,348.0,,
92875.0,0.5,13,298.0,,
92880.0,0.5699999999999998,14,241.0,,
92885.0,-0.41999999999999993,17,283.0,,
92890.0,-0.040000000000000036,13,287.0,,
92895.0,-0.17999999999999972,12,305.0,,
92900.0,-0.20000000000000018,16,325.0,,
92905.0,-0.2200000000000002,13,347.0,,
92910.0,0.2100000000000004,17,326.0,,
92915.0,-0.33000000000000007,13,359.0,,
92920.0,-0.25,18,384.0,,
92925.0,-0.39000000000000057,16,423.0,,
92930.0,0.27000000000000046,13,396.0,,
92935.0,-0.040000000000000036,6,400.0,,
92940.0,-0.07000000000000028,11,407.0,,
92945.0,-0.3199999999999994,17,439.0,,
92950.0,0.08999999999999986,14,430.0,,
92955.0,0.9699999999999998,12,333.0,,
92960.0,-0.46999999999999975,15,380.0,,
92965.0,-0.27000000000000046,16,407.0,,
92970.0,0.17000000000000037,15,390.0,,
92975.0,0.6999999999999997,10,320.0,,
92980.0,0.3500000000000001,13,285.0,,
92985.0,-0.18999999999999995,13,304.0,,
92990.0,0.3900000000000001,12,265.0,,
92995.0,-0.10000000000000009,10,275.0,,
93000.0,-0.10999999999999988,10,286.0,,
93005.0,-0.4900000000000002,12,335.0,,
93010.0,-0.5299999999999998,12,388.0,,
93015.0,-0.7400000000000002,17,462.0,,
93020.0,-0.9399999999999995,20,556.0,,
93025.0,-1.0300000000000002,22,659.0,,
93030.0,0.47999999999999954,16,611.0,,
93035.0,1.5700000000000003,14,454.0,,
93040.0,-0.1900000000000004,13,473.0,,
93045.0,-0.47999999999999954,14,521.0,,
93050.0,0.17999999999999972,18,503.0,,
93055.0,0.33000000000000007,21,470.0,,
93060.0,-0.54,22,524.0,,
93065.0,-0.7299999999999995,21,597.0,,
93070.0,0.33999999999999986,18,563.0,,
93075.0,1.0999999999999996,15,453.0,,
93080.0,-0.47999999999999954,17,501.0,,
93085.0,-0.3799999999999999,21,539.0,,
93090.0,-0.3100000000000005,21,570.0,,
93095.0,0.2400000000000002,18,546.0,,
93100.0,-0.25,18,571.0,,
93105.0,-0.25,18,596.0,,
93110.0,-0.3099999999999996,12,627.0,,
93115.0,-0.6100000000000003,19,688.0,,
93120.0,-0.4900000000000002,17,737.0,,
93125.0,-0.2400000000000002,20,761.0,,
93130.0,0.27000000000000046,13,734.0,,
93135.0,0.8999999999999995,17,644.0,,
93140.0,-0.4899999999999993,19,693.0,,
93145.0,-0.11000000000000032,17,704.0,,
93150.0,-0.41000000000000014,15,745.0,,
93155.0,-0.5799999999999992,20,803.0,,
93160.0,-0.5899999999999999,23,862.0,,
93165.0,-0.030000000000001137,20,865.0,,
93170.0,2.3600000000000003,12,629.0,,
93175.0,1.08,19,521.0,,
93180.0,-0.5099999999999998,19,572.0,,
93185.0,-0.0600000000000005,16,578.0,,
93190.0,1.0100000000000007,10,477.0,,
93195.0,1.1699999999999995,16,360.0,,
93200.0,-0.4599999999999995,17,406.0,,
93205.0,-0.20999999999999996,18,427.0,,
93210.0,0.22999999999999954,12,404.0,,
93215.0,0.5499999999999998,13,349.0,,
93220.0,-0.5599999999999996,20,405.0,,
93225.0,-0.5499999999999998,21,460.0,,
93230.0,0.0,21,460.0,,
93235.0,-0.11000000000000032,21,471.0,,
93240.0,0.47999999999999954,17,423.0,,
93245.0,-0.28999999999999915,18,452.0,,
93250.0,0.11999999999999922,16,440.0,,
93255.0,0.25,12,415.0,,
93260.0,-0.45999999999999996,14,461.0,,
93265.0,-0.20999999999999996,13,482.0,,
93270.0,0.1200000000000001,15,470.0,,
93275.0,0.25,8,445.0,,
93280.0,0.20000000000000018,14,425.0,,
93285.0,-0.33999999999999986,17,459.0,,
93290.0,0.17999999999999972,15,441.0,,
93295.0,-0.16000000000000014,11,457.0,,
93300.0,-0.23999999999999932,15,481.0,,
93305.0,-0.23000000000000043,18,504.0,,
93310.0,0.2400000000000002,15,480.0,,
93315.0,0.28000000000000025,12,452.0,,
93320.0,0.02999999999999936,14,449.0,,
93325.0,-0.13999999999999968,13,463.0,,
93330.0,0.33000000000000007,11,430.0,,
93335.0,-0.08000000000000007,8,438.0,,
93340.0,-0.3799999999999999,14,476.0,,
93345.0,-0.3700000000000001,16,513.0,,
93350.0,-0.1299999999999999,14,526.0,,
93355.0,-0.6200000000000001,17,588.0,,
93360.0,-0.9000000000000004,20,678.0,,
93365.0,-0.54,18,732.0,,
93370.0,-0.10999999999999943,14,743.0,,
93375.0,2.5299999999999994,12,490.0,,
93380.0,0.6400000000000006,19,426.0,,
93385.0,-0.5200000000000005,18,478.0,,
93390.0,-0.04999999999999982,15,483.0,,
93395.0,0.6799999999999997,9,415.0,,
93400.0,1.2100000000000004,13,294.0,,
93405.0,0.08999999999999986,16,285.0,,
93410.0,-0.020000000000000018,16,287.0,,
93415.0,0.1499999999999999,12,272.0,,
93420.0,0.33000000000000007,14,239.0,,
93425.0,-0.33999999999999986,16,273.0,,
93430.0,-0.06999999999999984,12,280.0,,
93435.0,0.06999999999999984,6,273.0,,
93440.0,-0.2200000000000002,10,295.0,,
93445.0,-0.2999999999999998,12,325.0,,
93450.0,-0.22999999999999998,15,348.0,,
93455.0,0.7399999999999998,8,274.0,,
93460.0,0.8800000000000001,12,186.0,,
93465.0,-0.2899999999999998,15,215.0,,
93470.0,-0.1499999999999999,12,230.0,,
93475.0,0.08999999999999986,6,221.0,,
93480.0,-0.10000000000000009,13,231.0,,
93485.0,-0.43999999999999995,15,275.0,,
93490.0,-0.14000000000000012,13,289.0,,
93495.0,0.050000000000000266,12,284.0,,
93500.0,0.009999999999999787,13,283.0,,
93505.0,-0.3599999999999999,14,319.0,,
93510.0,-0.040000000000000036,12,323.0,,
93515.0,0.10000000000000009,7,313.0,,
93520.0,-0.3900000000000001,15,352.0,,
93525.0,-0.56,18,408.0,,
93530.0,-0.16000000000000014,14,424.0,,
93535.0,-0.41999999999999993,15,466.0,,
93540.0,-0.75,17,541.0,,
93545.0,-0.5499999999999998,19,596.0,,
93550.0,-0.1200000000000001,14,608.0,,
93555.0,0.21999999999999975,13,586.0,,
93560.0,0.3200000000000003,16,554.0,,
93565.0,-0.4299999999999997,18,597.0,,
93570.0,-0.1200000000000001,18,609.0,,
93575.0,-0.10000000000000053,13,619.0,,
93580.0,-0.41999999999999993,17,661.0,,
93585.0,-0.39999999999999947,15,701.0,,
93590.0,0.0699999999999994,14,694.0,,
93595.0,-0.47999999999999954,16,742.0,,
93600.0,-0.9000000000000004,19,832.0,,
93605.0,-0.5999999999999996,21,892.0,,
93610.0,-0.08000000000000007,18,900.0,,
93615.0,2.79,11,621.0,,
93620.0,1.71,15,450.0,,
93625.0,-0.4800000000000004,18,498.0,,
93630.0,-0.33999999999999986,18,532.0,,
93635.0,0.7300000000000004,12,459.0,,
93640.0,1.4099999999999997,13,318.0,,
93645.0,-0.2999999999999998,17,348.0,,
93650.0,-0.2400000000000002,18,372.0,,
93655.0,0.1200000000000001,12,360.0,,
93660.0,0.27,14,333.0,,
93665.0,-0.5699999999999998,21,390.0,,
93670.0,-0.3900000000000001,19,429.0,,
93675.0,-0.1900000000000004,12,448.0,,
93680.0,-0.5199999999999996,17,500.0,,
93685.0,-1.04,23,604.0,,
93690.0,-0.6799999999999997,22,672.0,,
93695.0,-0.1800000000000006,20,690.0,,
93700.0,0.8500000000000005,19,605.0,,
93705.0,1.1499999999999995,17,490.0,,
93710.0,-0.2999999999999998,17,520.0,,
93715.0,0.0600000000000005,17,514.0,,
93720.0,-0.10000000000000053,11,524.0,,
93725.0,-0.5,16,574.0,,
93730.0,-0.3199999999999994,15,606.0,,
93735.0,-0.010000000000000675,19,607.0,,
93740.0,0.5300000000000002,12,554.0,,
93745.0,1.1100000000000003,13,443.0,,
93750.0,-0.3600000000000003,17,479.0,,
93755.0,-0.019999999999999574,16,481.0,,
93760.0,1.1599999999999997,13,365.0,,
93765.0,-0.27,18,392.0,,
93770.0,-0.4900000000000002,20,441.0,,
93775.0,0.03000000000000025,20,438.0,,
93780.0,-0.020000000000000462,15,440.0,,
93785.0,-0.1299999999999999,18,453.0,,
93790.0,-0.5299999999999994,19,506.0,,
93795.0,-0.1200000000000001,16,518.0,,
93800.0,0.5499999999999998,11,463.0,,
93805.0,1.4299999999999997,12,320.0,,
93810.0,-0.3999999999999999,20,360.0,,
93815.0,-0.31999999999999984,22,392.0,,
93820.0,-0.25,19,417.0,,
93825.0,0.05999999999999961,17,411.0,,
93830.0,-0.79,23,490.0,,
93835.0,-0.5899999999999999,22,549.0,,
93840.0,0.040000000000000036,18,545.0,,
93845.0,0.5200000000000005,19,493.0,,
93850.0,0.2599999999999998,17,467.0,,
93855.0,-0.13999999999999968,14,481.0,,
93860.0,0.5599999999999996,12,425.0,,
93865.0,-0.16000000000000014,10,441.0,,
93870.0,-0.3099999999999996,12,472.0,,
93875.0,-0.1200000000000001,14,484.0,,
93880.0,0.22999999999999954,18,461.0,,
93885.0,0.9700000000000002,12,364.0,,
93890.0,-0.7200000000000002,19,436.0,,
93895.0,-0.35999999999999943,18,472.0,,
93900.0,0.1299999999999999,15,459.0,,
93905.0,0.22999999999999954,10,436.0,,
93910.0,-0.3700000000000001,16,473.0,,
93915.0,-0.35999999999999943,17,509.0,,
93920.0,0.14999999999999947,16,494.0,,
93925.0,0.8400000000000007,9,410.0,,
93930.0,1.2799999999999998,13,282.0,,
93935.0,-0.2400000000000002,15,306.0,,
93940.0,0.2400000000000002,14,282.0,,
93945.0,-0.020000000000000018,9,284.0,,
93950.0,-0.3500000000000001,18,319.0,,
93955.0,-0.98,22,417.0,,
93960.0,-1.3499999999999996,30,552.0,,
93965.0,-1.0200000000000005,34,654.0,,
93970.0,-0.3899999999999997,30,693.0,,
93975.0,-0.5899999999999999,24,752.0,,
93980.0,-0.9100000000000001,20,843.0,,
93985.0,-0.21000000000000085,14,864.0,,
93990.0,0.5300000000000011,17,811.0,,
93995.0,1.0299999999999994,9,708.0,,
94000.0,1.9500000000000002,10,513.0,,
94005.0,0.3799999999999999,12,475.0,,
94010.0,0.23000000000000043,15,452.0,,
94015.0,0.09999999999999964,11,442.0,,
94020.0,-0.1200000000000001,15,454.0,,
94025.0,-0.3700000000000001,19,491.0,,
94030.0,0.08999999999999986,19,482.0,,
94035.0,-0.019999999999999574,16,484.0,,
94040.0,0.45999999999999996,16,438.0,,
94045.0,0.16999999999999993,13,421.0,,
94050.0,0.5099999999999998,13,370.0,,
94055.0,-0.33999999999999986,11,404.0,,
94060.0,-0.6299999999999999,19,467.0,,
94065.0,-0.20999999999999996,17,488.0,,
94070.0,0.33000000000000007,16,455.0,,
94075.0,0.46999999999999975,9,408.0,,
94080.0,-0.009999999999999787,15,409.0,,
94085.0,-0.2400000000000002,14,433.0,,
94090.0,0.21999999999999975,13,411.0,,
94095.0,0.3300000000000005,9,378.0,,
94100.0,-0.3999999999999999,14,418.0,,
94105.0,-0.25,13,443.0,,
94110.0,0.17999999999999972,13,425.0,,
94115.0,1.4900000000000002,9,276.0,,
94120.0,-0.27,18,303.0,,
94125.0,-0.3900000000000001,17,342.0,,
94130.0,0.040000000000000036,14,338.0,,
94135.0,0.21999999999999975,12,316.0,,
94140.0,0.18999999999999995,15,297.0,,
94145.0,-0.3599999999999999,17,333.0,,
94150.0,-0.04999999999999982,13,338.0,,
94155.0,0.6200000000000001,8,276.0,,
94160.0,0.9699999999999998,7,179.0,,
94165.0,-0.10999999999999988,11,190.0,,
94170.0,0.0,14,190.0,,
94175.0,-0.31000000000000005,14,221.0,,
94180.0,-0.3999999999999999,16,261.0,,
94185.0,-0.43999999999999995,15,305.0,,
94190.0,0.020000000000000018,12,303.0,,
94195.0,-0.6200000000000001,13,365.0,,
94200.0,-0.6599999999999997,15,431.0,,
94205.0,-0.40000000000000036,19,471.0,,
94210.0,-0.05999999999999961,17,477.0,,
94215.0,0.2699999999999996,13,450.0,,
94220.0,0.4900000000000002,14,401.0,,
94225.0,-0.14000000000000057,14,415.0,,
94230.0,0.13000000000000078,13,402.0,,
94235.0,0.09999999999999964,7,392.0,,
94240.0,-0.2400000000000002,16,416.0,,
94245.0,-0.35999999999999943,17,452.0,,
94250.0,0.05999999999999961,13,446.0,,
94255.0,1.25,12,321.0,,
94260.0,-0.4500000000000002,19,366.0,,
94265.0,-0.4399999999999995,17,410.0,,
94270.0,0.08999999999999986,14,401.0,,
94275.0,0.5,12,351.0,,
94280.0,0.3899999999999997,13,312.0,,
94285.0,-0.31999999999999984,15,344.0,,
94290.0,0.0,13,344.0,,
94295.0,-0.14000000000000012,12,358.0,,
94300.0,-0.33999999999999986,14,392.0,,
94305.0,-0.46999999999999975,13,439.0,,
94310.0,-0.7400000000000002,19,513.0,,
94315.0,-1.0099999999999998,21,614.0,,
94320.0,0.4499999999999993,16,569.0,,
94325.0,1.5700000000000003,14,412.0,,
94330.0,-0.71,17,483.0,,
94335.0,-0.6899999999999995,19,552.0,,
94340.0,0.05999999999999961,16,546.0,,
94345.0,0.16999999999999993,21,529.0,,
94350.0,-0.9799999999999995,25,627.0,,
94355.0,-0.75,23,702.0,,
94360.0,0.46999999999999975,17,655.0,,
94365.0,1.7999999999999998,15,475.0,,
94370.0,-0.5,14,525.0,,
94375.0,-0.3700000000000001,17,562.0,,
94380.0,0.25,13,537.0,,
94385.0,0.3700000000000001,19,500.0,,
94390.0,-0.3799999999999999,19,538.0,,
94395.0,-0.5700000000000003,21,595.0,,
94400.0,-0.5800000000000001,16,653.0,,
94405.0,-0.5299999999999994,21,706.0,,
94410.0,-0.7700000000000005,22,783.0,,
94415.0,-0.35999999999999943,20,819.0,,
94420.0,0.7899999999999991,21,740.0,,
94425.0,1.2000000000000002,17,620.0,,
94430.0,-0.14999999999999947,20,635.0,,
94435.0,-0.34000000000000075,18,669.0,,
94440.0,0.0,13,669.0,,
94445.0,0.11000000000000032,16,658.0,,
94450.0,-0.54,20,712.0,,
94455.0,-0.45999999999999996,23,758.0,,
94460.0,1.8600000000000003,18,572.0,,
94465.0,0.5999999999999996,24,512.0,,
94470.0,-0.7699999999999996,23,589.0,,
94475.0,-0.3600000000000003,19,625.0,,
94480.0,0.54,17,571.0,,
94485.0,0.6299999999999999,19,508.0,,
94490.0,-0.5099999999999998,21,559.0,,
94495.0,-0.1200000000000001,21,571.0,,
94500.0,-0.3099999999999996,20,602.0,,
94505.0,-0.5100000000000007,21,653.0,,
94510.0,-0.7399999999999993,19,727.0,,
94515.0,-0.8499999999999996,21,812.0,,
94520.0,0.5599999999999996,17,756.0,,
94525.0,1.79,15,577.0,,
94530.0,0.22999999999999954,21,554.0,,
94535.0,-0.7000000000000002,20,624.0,,
94540.0,0.35000000000000053,18,589.0,,
94545.0,0.8999999999999995,20,499.0,,
94550.0,-0.2699999999999996,23,526.0,,
94555.0,-0.6500000000000004,20,591.0,,
94560.0,-0.6200000000000001,19,653.0,,
94565.0,-0.9299999999999997,24,746.0,,
94570.0,-1.0900000000000007,23,855.0,,
94575.0,-1.2199999999999989,25,977.0,,
94580.0,0.5899999999999999,20,918.0,,
94585.0,1.8399999999999999,18,734.0,,
94590.0,-0.20000000000000018,18,754.0,,
94595.0,-0.5100000000000007,17,805.0,,
94600.0,-1.0,27,905.0,,
94605.0,-0.20999999999999908,24,926.0,,
94610.0,0.33999999999999986,26,892.0,,
94615.0,-1.1400000000000006,27,1006.0,,
94620.0,-1.0199999999999996,29,1108.0,,
94625.0,-1.1400000000000006,27,1222.0,,
94630.0,-1.1799999999999997,28,1340.0,,
94635.0,-1.299999999999999,29,1470.0,,
94640.0,-1.4600000000000009,32,1616.0,,
94645.0,-1.620000000000001,33,1778.0,,
94650.0,0.6600000000000001,29,1712.0,,
94655.0,2.49,25,1463.0,,
94660.0,-0.22999999999999865,19,1486.0,,
94665.0,-0.7400000000000002,20,1560.0,,
94670.0,-0.9799999999999986,29,1658.0,,
94675.0,1.3299999999999983,31,1525.0,,
94680.0,-0.2400000000000002,40,1549.0,,
94685.0,-0.08999999999999986,40,1558.0,,
94690.0,1.4800000000000004,37,1410.0,,
94695.0,1.7400000000000002,38,1236.0,,
94700.0,-1.540000000000001,41,1390.0,,
94705.0,-1.17,43,1507.0,,
94710.0,0.040000000000000924,36,1503.0,,
94715.0,1.9799999999999986,29,1305.0,,
94720.0,-0.75,27,1380.0,,
94725.0,-0.27999999999999936,29,1408.0,,
94730.0,-0.0600000000000005,28,1414.0,,
94735.0,1.1300000000000008,20,1301.0,,
94740.0,0.9599999999999991,24,1205.0,,
94745.0,-0.6899999999999995,33,1274.0,,
94750.0,-0.08000000000000007,33,1282.0,,
94755.0,-0.20999999999999908,32,1303.0,,
94760.0,1.7799999999999994,25,1125.0,,
94765.0,-0.3000000000000007,26,1155.0,,
94770.0,0.47000000000000064,25,1108.0,,
94775.0,0.1999999999999993,18,1088.0,,
94780.0,0.41999999999999993,22,1046.0,,
94785.0,0.23000000000000043,21,1023.0,,
94790.0,1.0899999999999999,21,914.0,,
94795.0,0.11000000000000121,16,903.0,,
94800.0,1.0399999999999991,19,799.0,,
94805.0,-0.10999999999999943,22,810.0,,
94810.0,0.5699999999999994,20,753.0,,
94815.0,0.6299999999999999,18,690.0,,
94820.0,1.0500000000000007,19,585.0,,
94825.0,-0.34000000000000075,17,619.0,,
94830.0,0.020000000000000462,20,617.0,,
94835.0,0.040000000000000036,13,613.0,,
94840.0,-0.23000000000000043,17,636.0,,
94845.0,-0.40999999999999925,18,677.0,,
94850.0,-0.20000000000000018,17,697.0,,
94855.0,0.1299999999999999,18,684.0,,
94860.0,0.6799999999999997,17,616.0,,
94865.0,-0.16999999999999993,20,633.0,,
94870.0,-0.13999999999999968,18,647.0,,
94875.0,-0.1200000000000001,14,659.0,,
94880.0,0.05999999999999961,15,653.0,,
94885.0,-0.3899999999999997,17,692.0,,
94890.0,-0.3700000000000001,20,729.0,,
94895.0,2.21,16,508.0,,
94900.0,0.9100000000000001,24,417.0,,
94905.0,-0.6799999999999997,21,485.0,,
94910.0,-0.34000000000000075,19,519.0,,
94915.0,-0.02999999999999936,14,522.0,,
94920.0,0.08999999999999986,16,513.0,,
94925.0,-0.3600000000000003,18,549.0,,
94930.0,-0.27999999999999936,17,577.0,,
94935.0,0.8699999999999992,13,490.0,,
94940.0,1.7000000000000002,15,320.0,,
94945.0,0.2200000000000002,14,298.0,,
94950.0,-0.040000000000000036,15,302.0,,
94955.0,0.06000000000000005,11,296.0,,
94960.0,-0.10999999999999988,18,307.0,,
94965.0,-0.5500000000000003,20,362.0,,
94970.0,-0.2599999999999998,18,388.0,,
94975.0,-0.41000000000000014,13,429.0,,
94980.0,-0.5899999999999999,16,488.0,,
94985.0,-1.0099999999999998,23,589.0,,
94990.0,-0.6600000000000001,22,655.0,,
94995.0,-0.07000000000000028,24,662.0,,
95000.0,0.45999999999999996,19,616.0,,
95005.0,1.1600000000000001,15,500.0,,
95010.0,-0.15000000000000036,15,515.0,,
95015.0,0.47000000000000064,12,468.0,,
95020.0,0.0699999999999994,7,461.0,,
95025.0,-0.2599999999999998,14,487.0,,
95030.0,-0.20000000000000018,16,507.0,,
95035.0,-0.14999999999999947,19,522.0,,
95040.0,0.2599999999999998,14,496.0,,
95045.0,0.15000000000000036,19,481.0,,
95050.0,-0.3600000000000003,20,517.0,,
95055.0,-0.04999999999999982,17,522.0,,
95060.0,-0.04999999999999982,12,527.0,,
95065.0,-0.3100000000000005,17,558.0,,
95070.0,-0.3700000000000001,17,595.0,,
95075.0,0.29000000000000004,13,566.0,,
95080.0,1.83,11,383.0,,
95085.0,0.2400000000000002,17,359.0,,
95090.0,-0.27,14,386.0,,
95095.0,0.10000000000000009,13,376.0,,
95100.0,0.5499999999999998,9,321.0,,
95105.0,0.29000000000000004,16,292.0,,
95110.0,-0.3900000000000001,18,331.0,,
95115.0,-0.10999999999999988,16,342.0,,
95120.0,0.41999999999999993,9,300.0,,
95125.0,0.41999999999999993,11,258.0,,
95130.0,-0.52,15,310.0,,
95135.0,-0.3900000000000001,16,349.0,,
95140.0,-0.019999999999999574,19,351.0,,
95145.0,-0.7400000000000002,20,425.0,,
95150.0,-1.0,21,525.0,,
95155.0,-0.46999999999999975,16,572.0,,
95160.0,0.08999999999999986,12,563.0,,
95165.0,0.45999999999999996,11,517.0,,
95170.0,0.6799999999999997,14,449.0,,
95175.0,-0.3099999999999996,18,480.0,,
95180.0,0.040000000000000036,20,476.0,,
95185.0,-0.4800000000000004,15,524.0,,
95190.0,-0.7400000000000002,20,598.0,,
95195.0,-0.46999999999999975,18,645.0,,
95200.0,0.33000000000000007,17,612.0,,
95205.0,1.21,16,491.0,,
95210.0,-0.2599999999999998,20,517.0,,
95215.0,-0.5600000000000005,21,573.0,,
95220.0,0.03000000000000025,17,570.0,,
95225.0,0.6500000000000004,13,505.0,,
95230.0,0.9799999999999995,16,407.0,,
95235.0,-0.14999999999999947,18,422.0,,
95240.0,0.2899999999999996,14,393.0,,
95245.0,0.25,11,368.0,,
95250.0,0.4500000000000002,18,323.0,,
95255.0,-0.040000000000000036,15,327.0,,
95260.0,0.1200000000000001,14,315.0,,
95265.0,-0.010000000000000231,9,316.0,,
95270.0,-0.46999999999999975,14,363.0,,
95275.0,-0.30000000000000027,14,393.0,,
95280.0,0.13000000000000034,12,380.0,,
95285.0,0.3799999999999999,11,342.0,,
95290.0,0.5,16,292.0,,
95295.0,-0.3700000000000001,19,329.0,,
95300.0,-0.029999999999999805,15,332.0,,
95305.0,-0.3200000000000003,14,364.0,,
95310.0,-0.56,16,420.0,,
95315.0,-0.25,14,445.0,,
95320.0,0.020000000000000462,18,443.0,,
95325.0,0.7999999999999998,16,363.0,,
95330.0,-0.79,21,442.0,,
95335.0,-0.5300000000000002,19,495.0,,
95340.0,-0.009999999999999787,15,496.0,,
95345.0,0.5499999999999998,10,441.0,,
95350.0,0.6300000000000003,14,378.0,,
95355.0,-0.13000000000000034,17,391.0,,
95360.0,-0.029999999999999805,16,394.0,,
95365.0,0.14000000000000012,14,380.0,,
95370.0,0.48999999999999977,15,331.0,,
95375.0,-0.1499999999999999,18,346.0,,
95380.0,0.04999999999999982,15,341.0,,
95385.0,-0.08999999999999986,11,350.0,,
95390.0,-0.5899999999999999,21,409.0,,
95395.0,-0.46999999999999975,20,456.0,,
95400.0,0.2599999999999998,16,430.0,,
95405.0,0.25,13,405.0,,
95410.0,0.75,15,330.0,,
95415.0,-0.11000000000000032,16,341.0,,
95420.0,0.16999999999999993,11,324.0,,
95425.0,0.33000000000000007,6,291.0,,
95430.0,-0.06000000000000005,14,297.0,,
95435.0,-0.27,13,324.0,,
95440.0,0.15000000000000036,13,309.0,,
95445.0,-0.2200000000000002,11,331.0,,
95450.0,-0.5099999999999998,13,382.0,,
95455.0,-0.26000000000000023,13,408.0,,
95460.0,0.3200000000000003,10,376.0,,
95465.0,0.33999999999999986,8,342.0,,
95470.0,0.19999999999999973,12,322.0,,
95475.0,-0.3999999999999999,15,362.0,,
95480.0,0.040000000000000036,12,358.0,,
95485.0,1.25,10,233.0,,
95490.0,-0.23999999999999977,15,257.0,,
95495.0,-0.41000000000000014,15,298.0,,
95500.0,-0.1200000000000001,16,310.0,,
95505.0,-0.1499999999999999,15,325.0,,
95510.0,-0.41000000000000014,15,366.0,,
95515.0,-0.5999999999999996,15,426.0,,
95520.0,-0.6699999999999999,17,493.0,,
95525.0,-0.8200000000000003,17,575.0,,
95530.0,-0.8399999999999999,17,659.0,,
95535.0,-0.9699999999999998,24,756.0,,
95540.0,-1.13,25,869.0,,
95545.0,-1.4400000000000013,31,1013.0,,
95550.0,-1.4899999999999984,32,1162.0,,
95555.0,-1.25,30,1287.0,,
95560.0,0.1899999999999995,24,1268.0,,
95565.0,0.8399999999999999,25,1184.0,,
95570.0,-0.7100000000000009,30,1255.0,,
95575.0,-1.08,31,1363.0,,
95580.0,0.8000000000000007,29,1283.0,,
95585.0,3.59,22,924.0,,
95590.0,2.58,20,666.0,,
95595.0,0.9100000000000001,28,575.0,,
95600.0,-0.5999999999999996,30,635.0,,
95605.0,-0.5300000000000002,34,688.0,,
95610.0,-1.0899999999999999,29,797.0,,
95615.0,-0.7600000000000007,24,873.0,,
95620.0,-0.4900000000000002,24,922.0,,
95625.0,0.120000000000001,21,910.0,,
95630.0,0.6999999999999993,18,840.0,,
95635.0,1.0700000000000003,17,733.0,,
95640.0,-0.20999999999999996,19,754.0,,
95645.0,0.34999999999999964,20,719.0,,
95650.0,-0.2999999999999998,16,749.0,,
95655.0,-0.1200000000000001,19,761.0,,
95660.0,-0.9699999999999998,23,858.0,,
95665.0,-0.40000000000000036,25,898.0,,
95670.0,0.20000000000000107,25,878.0,,
95675.0,0.7899999999999991,20,799.0,,
95680.0,0.6100000000000003,18,738.0,,
95685.0,-0.020000000000000462,18,740.0,,
95690.0,0.5800000000000001,16,682.0,,
95695.0,0.10000000000000053,12,672.0,,
95700.0,-0.3600000000000003,18,708.0,,
95705.0,-0.11000000000000032,17,719.0,,
95710.0,0.6200000000000001,16,657.0,,
95715.0,0.16000000000000014,13,641.0,,
95720.0,0.16000000000000014,15,625.0,,
95725.0,-0.20999999999999996,16,646.0,,
95730.0,0.08999999999999986,16,637.0,,
95735.0,-0.20999999999999996,13,658.0,,
95740.0,-0.2999999999999998,14,688.0,,
95745.0,-0.1900000000000004,15,707.0,,
95750.0,0.29000000000000004,15,678.0,,
95755.0,2.6500000000000004,13,413.0,,
95760.0,0.8599999999999999,16,327.0,,
95765.0,-0.33000000000000007,17,360.0,,
95770.0,-0.1299999999999999,14,373.0,,
95775.0,0.1200000000000001,10,361.0,,
95780.0,0.20999999999999996,19,340.0,,
95785.0,-0.20000000000000018,17,360.0,,
95790.0,-0.2599999999999998,20,386.0,,
95795.0,-0.14000000000000012,18,400.0,,
95800.0,-0.5,16,450.0,,
95805.0,-0.54,15,504.0,,
95810.0,-0.5700000000000003,17,561.0,,
95815.0,-0.75,17,636.0,,
95820.0,-0.8099999999999996,20,717.0,,
95825.0,0.4500000000000002,21,672.0,,
95830.0,1.5199999999999996,19,520.0,,
95835.0,-0.8300000000000001,20,603.0,,
95840.0,-0.71,23,674.0,,
95845.0,0.15000000000000036,18,659.0,,
95850.0,0.5700000000000003,22,602.0,,
95855.0,-0.6500000000000004,24,667.0,,
95860.0,-0.7300000000000004,23,740.0,,
95865.0,0.39000000000000057,19,701.0,,
95870.0,1.3999999999999995,19,561.0,,
95875.0,0.5200000000000005,22,509.0,,
95880.0,-0.15000000000000036,27,524.0,,
95885.0,-0.96,30,620.0,,
95890.0,-0.5099999999999998,28,671.0,,
95895.0,-1.0300000000000002,25,774.0,,
95900.0,-1.2899999999999991,25,903.0,,
95905.0,-0.5899999999999999,24,962.0,,
95910.0,0.21999999999999886,21,940.0,,
95915.0,0.5600000000000005,13,884.0,,
95920.0,1.08,18,776.0,,
95925.0,-0.3000000000000007,18,806.0,,
95930.0,0.23000000000000043,17,783.0,,
95935.0,-0.3000000000000007,16,813.0,,
95940.0,-0.5399999999999991,20,867.0,,
95945.0,-0.39000000000000057,19,906.0,,
95950.0,0.2599999999999998,17,880.0,,
95955.0,0.5100000000000016,13,829.0,,
95960.0,0.4299999999999988,16,786.0,,
95965.0,0.09000000000000075,16,777.0,,
95970.0,0.2999999999999998,19,747.0,,
95975.0,2.16,13,531.0,,
95980.0,0.96,20,435.0,,
95985.0,-0.39000000000000057,19,474.0,,
95990.0,0.08000000000000007,20,466.0,,
95995.0,-0.03000000000000025,14,469.0,,
96000.0,0.6000000000000005,15,409.0,,
96005.0,-0.33000000000000007,19,442.0,,
96010.0,0.04999999999999982,18,437.0,,
96015.0,0.28000000000000025,16,409.0,,
96020.0,0.5899999999999999,14,350.0,,
96025.0,-0.1499999999999999,15,365.0,,
96030.0,0.3700000000000001,12,328.0,,
96035.0,0.25,7,303.0,,
96040.0,0.43999999999999995,15,259.0,,
96045.0,-0.25,18,284.0,,
96050.0,-0.010000000000000231,17,285.0,,
96055.0,-0.2599999999999998,13,311.0,,
96060.0,-0.48,14,359.0,,
96065.0,-0.25,14,384.0,,
96070.0,0.25,10,359.0,,
96075.0,0.20999999999999996,9,338.0,,
96080.0,0.029999999999999805,17,335.0,,
96085.0,-0.31000000000000005,18,366.0,,
96090.0,0.020000000000000018,16,364.0,,
96095.0,-0.27,14,391.0,,
96100.0,-0.3200000000000003,16,423.0,,
96105.0,-0.22999999999999954,14,446.0,,
96110.0,0.54,13,392.0,,
96115.0,-0.5600000000000005,15,448.0,,
96120.0,-0.9299999999999997,19,541.0,,
96125.0,-0.4299999999999997,18,584.0,,
96130.0,0.05999999999999961,14,578.0,,
96135.0,1.4500000000000002,13,433.0,,
96140.0,-0.2400000000000002,17,457.0,,
96145.0,-0.41000000000000014,19,498.0,,
96150.0,-0.11999999999999922,19,510.0,,
96155.0,0.7999999999999998,13,430.0,,
96160.0,1.0499999999999998,15,325.0,,
96165.0,-0.18999999999999995,16,344.0,,
96170.0,0.009999999999999787,15,343.0,,
96175.0,0.5100000000000002,9,292.0,,
96180.0,0.5499999999999998,10,237.0,,
96185.0,-0.2799999999999998,16,265.0,,
96190.0,-0.20000000000000018,17,285.0,,
96195.0,0.1200000000000001,11,273.0,,
96200.0,0.10000000000000009,15,263.0,,
96205.0,-0.4500000000000002,17,308.0,,
96210.0,-0.14000000000000012,15,322.0,,
96215.0,0.010000000000000231,9,321.0,,
96220.0,0.1499999999999999,16,306.0,,
96225.0,-0.41000000000000014,17,347.0,,
96230.0,-0.009999999999999787,16,348.0,,
96235.0,-0.10999999999999988,11,359.0,,
96240.0,-0.5200000000000005,15,411.0,,
96245.0,-0.34999999999999964,14,446.0,,
96250.0,0.1200000000000001,12,434.0,,
96255.0,0.4099999999999997,9,393.0,,
96260.0,0.3600000000000003,17,357.0,,
96265.0,-0.43000000000000016,15,400.0,,
96270.0,-0.13999999999999968,15,414.0,,
96275.0,-0.14000000000000057,12,428.0,,
96280.0,-0.33999999999999986,15,462.0,,
96285.0,-0.33999999999999986,14,496.0,,
96290.0,0.019999999999999574,14,494.0,,
96295.0,-0.6199999999999992,14,556.0,,
96300.0,-0.8500000000000005,19,641.0,,
96305.0,-0.5,18,691.0,,
96310.0,0.08000000000000007,15,683.0,,
96315.0,-0.7800000000000002,17,761.0,,
96320.0,-0.8500000000000005,18,846.0,,
96325.0,-0.4399999999999995,18,890.0,,
96330.0,0.20000000000000107,21,870.0,,
96335.0,0.20999999999999908,14,849.0,,
96340.0,0.7000000000000002,19,779.0,,
96345.0,-0.3700000000000001,17,816.0,,
96350.0,-0.0600000000000005,16,822.0,,
96355.0,-0.22999999999999865,12,845.0,,
96360.0,-0.3000000000000007,18,875.0,,
96365.0,-0.5,21,925.0,,
96370.0,-0.08999999999999986,18,934.0,,
96375.0,3.2199999999999998,12,612.0,,
96380.0,2.5900000000000003,16,353.0,,
96385.0,-0.43000000000000016,18,396.0,,
96390.0,-0.04999999999999982,15,401.0,,
96395.0,0.11999999999999966,12,389.0,,
96400.0,-0.19999999999999973,19,409.0,,
96405.0,-0.5,18,459.0,,
96410.0,-0.08000000000000007,16,467.0,,
96415.0,0.5599999999999996,11,411.0,,
96420.0,1.0900000000000003,15,302.0,,
96425.0,-0.43000000000000016,19,345.0,,
96430.0,-0.08999999999999986,15,354.0,,
96435.0,-0.009999999999999787,11,355.0,,
96440.0,-0.2400000000000002,16,379.0,,
96445.0,-0.45999999999999996,17,425.0,,
96450.0,-0.16000000000000014,15,441.0,,
96455.0,0.52,9,389.0,,
96460.0,0.41000000000000014,17,348.0,,
96465.0,-0.4500000000000002,17,393.0,,
96470.0,0.03000000000000025,16,390.0,,
96475.0,-0.10999999999999988,13,401.0,,
96480.0,0.0,15,401.0,,
96485.0,-0.9500000000000002,22,496.0,,
96490.0,-0.7199999999999998,23,568.0,,
96495.0,-0.10000000000000053,21,578.0,,
96500.0,-0.9399999999999995,19,672.0,,
96505.0,-1.0899999999999999,22,781.0,,
96510.0,-0.6500000000000012,21,846.0,,
96515.0,0.030000000000001137,17,843.0,,
96520.0,0.6299999999999999,13,780.0,,
96525.0,0.8899999999999997,16,691.0,,
96530.0,-0.20999999999999996,17,712.0,,
96535.0,0.41000000000000014,15,671.0,,
96540.0,0.08000000000000007,11,663.0,,
96545.0,-0.0600000000000005,18,669.0,,
96550.0,-0.6099999999999994,18,730.0,,
96555.0,2.21,16,509.0,,
96560.0,0.9299999999999997,22,416.0,,
96565.0,-0.8999999999999995,23,506.0,,
96570.0,-0.6600000000000001,22,572.0,,
96575.0,-0.010000000000000675,17,573.0,,
96580.0,0.34000000000000075,20,539.0,,
96585.0,-0.8900000000000006,23,628.0,,
96590.0,-0.7000000000000002,25,698.0,,
96595.0,0.41000000000000014,20,657.0,,
96600.0,1.54,16,503.0,,
96605.0,1.0300000000000002,20,400.0,,
96610.0,-0.6399999999999997,23,464.0,,
96615.0,-0.35000000000000053,26,499.0,,
96620.0,-0.5800000000000001,21,557.0,,
96625.0,-0.8599999999999994,22,643.0,,
96630.0,-0.4300000000000006,17,686.0,,
96635.0,0.6500000000000004,14,621.0,,
96640.0,0.8899999999999997,9,532.0,,
96645.0,1.0899999999999999,11,423.0,,
96650.0,0.17000000000000082,13,406.0,,
96655.0,0.1599999999999997,16,390.0,,
96660.0,-0.3300000000000005,14,423.0,,
96665.0,-0.5799999999999992,17,481.0,,
96670.0,-0.2600000000000007,16,507.0,,
96675.0,0.3100000000000005,15,476.0,,
96680.0,-0.41000000000000014,15,517.0,,
96685.0,-0.7300000000000004,16,590.0,,
96690.0,-0.41999999999999993,20,632.0,,
96695.0,-0.019999999999999574,17,634.0,,
96700.0,0.6499999999999995,13,569.0,,
96705.0,0.8400000000000007,14,485.0,,
96710.0,-0.11000000000000032,15,496.0,,
96715.0,-0.03000000000000025,15,499.0,,
96720.0,-0.08000000000000007,10,507.0,,
96725.0,-0.5899999999999999,18,566.0,,
96730.0,-0.46999999999999975,18,613.0,,
96735.0,-0.020000000000000462,16,615.0,,
96740.0,1.9300000000000006,12,422.0,,
96745.0,0.3299999999999996,18,389.0,,
96750.0,-0.4700000000000002,18,436.0,,
96755.0,-0.040000000000000036,16,440.0,,
96760.0,0.25,19,415.0,,
96765.0,0.5600000000000005,19,359.0,,
96770.0,-0.4500000000000002,23,404.0,,
96775.0,0.03000000000000025,17,401.0,,
96780.0,-0.22000000000000064,18,423.0,,
96785.0,-0.3199999999999994,16,455.0,,
96790.0,-0.46999999999999975,14,502.0,,
96795.0,-0.5900000000000007,19,561.0,,
96800.0,-0.8199999999999994,20,643.0,,
96805.0,-1.0,22,743.0,,
96810.0,-1.0899999999999999,22,852.0,,
96815.0,0.5499999999999998,18,797.0,,
96820.0,2.2799999999999994,13,569.0,,
96825.0,-0.02999999999999936,10,572.0,,
96830.0,-0.5300000000000002,18,625.0,,
96835.0,0.28000000000000025,20,597.0,,
96840.0,0.5599999999999996,23,541.0,,
96845.0,-1.1600000000000001,28,657.0,,
96850.0,-0.9799999999999995,26,755.0,,
96855.0,-0.8999999999999995,25,845.0,,
96860.0,-1.0200000000000014,25,947.0,,
96865.0,-1.049999999999999,26,1052.0,,
96870.0,-1.290000000000001,28,1181.0,,
96875.0,-1.3399999999999999,30,1315.0,,
96880.0,-1.4000000000000004,30,1455.0,,
96885.0,-1.5,30,1605.0,,
96890.0,-1.5999999999999979,32,1765.0,,
96895.0,-1.6000000000000014,32,1925.0,,
96900.0,-1.7100000000000009,36,2096.0,,
96905.0,-1.9899999999999984,40,2295.0,,
96910.0,-2.0500000000000007,42,2500.0,,
96915.0,-2.1000000000000014,42,2710.0,,
96920.0,0.5700000000000003,37,2653.0,,
96925.0,3.7300000000000004,32,2280.0,,
96930.0,-1.3299999999999983,25,2413.0,,
96935.0,-1.0899999999999999,25,2522.0,,
96940.0,-1.6000000000000014,37,2682.0,,
96945.0,-2.0599999999999987,43,2888.0,,
96950.0,-2.25,45,3113.0,,
96955.0,-2.2500000000000036,45,3338.0,,
96960.0,-2.3499999999999943,47,3573.0,,
96965.0,-2.3500000000000014,47,3808.0,,
96970.0,0.30999999999999517,44,3777.0,,
96975.0,2.4200000000000017,46,3535.0,,
96980.0,0.14000000000000057,39,3521.0,,
96985.0,-1.4699999999999989,37,3668.0,,
96990.0,1.3299999999999983,35,3535.0,,
96995.0,3.6700000000000017,38,3168.0,,
97000.0,-0.5,41,3218.0,,
97005.0,-1.7100000000000009,44,3389.0,,
97010.0,2.7600000000000016,45,3113.0,,
97015.0,3.289999999999999,52,2784.0,,
97020.0,-1.9800000000000004,54,2982.0,,
97025.0,-2.0700000000000003,51,3189.0,,
97030.0,0.33999999999999986,45,3155.0,,
97035.0,2.3000000000000007,42,2925.0,,
97040.0,-0.030000000000001137,42,2928.0,,
97045.0,-1.5199999999999996,42,3080.0,,
97050.0,-1.6699999999999982,50,3247.0,,
97055.0,-2.1899999999999977,49,3466.0,,
97060.0,-2.1700000000000017,49,3683.0,,
97065.0,1.1499999999999986,46,3568.0,,
97070.0,5.530000000000001,42,3015.0,,
97075.0,-1.7800000000000011,37,3193.0,,
97080.0,-1.3200000000000003,33,3325.0,,
97085.0,0.5900000000000034,31,3266.0,,
97090.0,1.8199999999999967,33,3084.0,,
97095.0,-0.3200000000000003,39,3116.0,,
97100.0,-1.7900000000000027,47,3295.0,,
97105.0,-0.5499999999999972,47,3350.0,,
97110.0,-1.9299999999999997,54,3543.0,,
97115.0,-2.3800000000000026,52,3781.0,,
97120.0,-2.1599999999999966,54,3997.0,,
97125.0,-2.219999999999999,55,4219.0,,
97130.0,-2.450000000000003,53,4464.0,,
97135.0,-2.460000000000001,53,4710.0,,
97140.0,1.4600000000000009,48,4564.0,,
97145.0,6.68,43,3896.0,,
97150.0,-1.759999999999998,37,4072.0,,
97155.0,-1.3800000000000026,34,4210.0,,
97160.0,0.7800000000000011,29,4132.0,,
97165.0,2.1600000000000037,32,3916.0,,
97170.0,1.7099999999999937,42,3745.0,,
97175.0,5.980000000000004,50,3147.0,,
97180.0,-0.3500000000000014,49,3182.0,,
97185.0,-1.3500000000000014,42,3317.0,,
97190.0,-0.7800000000000011,45,3395.0,,
97195.0,-2.4299999999999997,51,3638.0,,
97200.0,0.6000000000000014,54,3578.0,,
97205.0,4.330000000000002,55,3145.0,,
97210.0,3.1899999999999977,58,2826.0,,
97215.0,-1.8499999999999979,51,3011.0,,
97220.0,-0.6099999999999994,44,3072.0,,
97225.0,0.6099999999999994,44,3011.0,,
97230.0,2.2699999999999996,37,2784.0,,
97235.0,1.5199999999999996,36,2632.0,,
97240.0,3.210000000000001,39,2311.0,,
97245.0,-0.21000000000000085,42,2332.0,,
97250.0,0.240000000000002,36,2308.0,,
97255.0,-0.16000000000000014,35,2324.0,,
97260.0,1.0999999999999979,33,2214.0,,
97265.0,0.6099999999999994,34,2153.0,,
97270.0,1.370000000000001,42,2016.0,,
97275.0,-0.030000000000001137,40,2019.0,,
97280.0,0.8200000000000003,40,1937.0,,
97285.0,-0.5299999999999976,39,1990.0,,
97290.0,-0.6000000000000014,40,2050.0,,
97295.0,0.7399999999999984,35,1976.0,,
97300.0,2.0600000000000023,35,1770.0,,
97305.0,-0.4800000000000004,30,1818.0,,
97310.0,-0.8900000000000006,25,1907.0,,
97315.0,-1.0899999999999999,28,2016.0,,
97320.0,-1.4400000000000013,35,2160.0,,
97325.0,-1.8099999999999987,40,2341.0,,
97330.0,0.03999999999999915,38,2337.0,,
97335.0,1.6600000000000001,39,2171.0,,
97340.0,-0.8099999999999987,32,2252.0,,
97345.0,-1.3300000000000018,30,2385.0,,
97350.0,0.13000000000000256,33,2372.0,,
97355.0,1.4899999999999984,35,2223.0,,
97360.0,-1.5199999999999996,36,2375.0,,
97365.0,-1.3099999999999987,36,2506.0,,
97370.0,0.5499999999999972,40,2451.0,,
97375.0,2.450000000000003,41,2206.0,,
97380.0,-0.5600000000000023,39,2262.0,,
97385.0,-1.4499999999999993,43,2407.0,,
97390.0,-1.5500000000000007,48,2562.0,,
97395.0,-1.8099999999999987,47,2743.0,,
97400.0,-1.9800000000000004,46,2941.0,,
97405.0,-2.0199999999999996,51,3143.0,,
97410.0,-0.07000000000000028,49,3150.0,,
97415.0,2.0599999999999987,48,2944.0,,
97420.0,0.08000000000000185,39,2936.0,,
97425.0,-1.3599999999999994,35,3072.0,,
97430.0,1.0999999999999979,34,2962.0,,
97435.0,2.91,33,2671.0,,
97440.0,-0.6699999999999982,41,2738.0,,
97445.0,-1.6500000000000021,44,2903.0,,
97450.0,-2.009999999999998,53,3104.0,,
97455.0,-2.270000000000003,49,3331.0,,
97460.0,-2.3499999999999943,51,3566.0,,
97465.0,-2.3900000000000006,51,3805.0,,
97470.0,0.30999999999999517,47,3774.0,,
97475.0,2.6499999999999986,46,3509.0,,
97480.0,-2.1599999999999966,46,3725.0,,
97485.0,-1.8400000000000034,41,3909.0,,
97490.0,2.6500000000000057,36,3644.0,,
97495.0,2.6799999999999997,48,3376.0,,
97500.0,-2.0600000000000023,53,3582.0,,
97505.0,-2.229999999999997,50,3805.0,,
97510.0,-2.1799999999999997,53,4023.0,,
97515.0,-2.5400000000000063,57,4277.0,,
97520.0,-2.809999999999995,57,4558.0,,
97525.0,0.29999999999999716,51,4528.0,,
97530.0,3.1499999999999986,49,4213.0,,
97535.0,1.3599999999999994,42,4077.0,,
97540.0,3.950000000000003,36,3682.0,,
97545.0,-0.259999999999998,37,3708.0,,
97550.0,-1.3700000000000045,48,3845.0,,
97555.0,-2.1400000000000006,57,4059.0,,
97560.0,-2.309999999999995,60,4290.0,,
97565.0,-2.4200000000000017,57,4532.0,,
97570.0,0.8599999999999994,52,4446.0,,
97575.0,3.5700000000000003,49,4089.0,,
97580.0,-1.9099999999999966,42,4280.0,,
97585.0,-1.4600000000000009,42,4426.0,,
97590.0,1.509999999999998,40,4275.0,,
97595.0,3.6499999999999986,40,3910.0,,
97600.0,4.170000000000002,45,3493.0,,
97605.0,0.8200000000000003,52,3411.0,,
97610.0,3.3299999999999983,58,3078.0,,
97615.0,4.600000000000001,58,2618.0,,
97620.0,-1.9499999999999993,54,2813.0,,
97625.0,-0.9600000000000009,48,2909.0,,
97630.0,-0.08000000000000185,44,2917.0,,
97635.0,0.8400000000000034,38,2833.0,,
97640.0,-0.13000000000000256,39,2846.0,,
97645.0,-0.4800000000000004,44,2894.0,,
97650.0,-1.0799999999999983,44,3002.0,,
97655.0,-0.6600000000000001,46,3068.0,,
97660.0,-1.1600000000000001,49,3184.0,,
97665.0,0.9199999999999982,44,3092.0,,
97670.0,3.5100000000000016,41,2741.0,,
97675.0,0.019999999999999574,34,2739.0,,
97680.0,-0.46000000000000085,29,2785.0,,
97685.0,1.5899999999999999,29,2626.0,,
97690.0,-0.4599999999999973,39,2672.0,,
97695.0,0.35999999999999943,50,2636.0,,
97700.0,2.1499999999999986,54,2421.0,,
97705.0,-1.0399999999999991,50,2525.0,,
97710.0,-1.5500000000000007,47,2680.0,,
97715.0,0.3500000000000014,40,2645.0,,
97720.0,2.3599999999999994,35,2409.0,,
97725.0,-1.4100000000000001,40,2550.0,,
97730.0,-1.2300000000000004,46,2673.0,,
97735.0,-1.2199999999999989,48,2795.0,,
97740.0,-1.5300000000000011,48,2948.0,,
97745.0,0.6700000000000017,43,2881.0,,
97750.0,2.849999999999998,39,2596.0,,
97755.0,-0.3299999999999983,32,2629.0,,
97760.0,-0.6999999999999993,26,2699.0,,
97765.0,0.129999999999999,32,2686.0,,
97770.0,-1.9499999999999993,45,2881.0,,
97775.0,0.04999999999999716,50,2876.0,,
97780.0,1.7600000000000016,52,2700.0,,
97785.0,1.0300000000000011,48,2597.0,,
97790.0,1.7399999999999984,45,2423.0,,
97795.0,0.23000000000000043,48,2400.0,,
97800.0,1.1799999999999997,50,2282.0,,
97805.0,-1.4400000000000013,50,2426.0,,
97810.0,-0.34999999999999787,46,2461.0,,
97815.0,0.09999999999999787,39,2451.0,,
97820.0,0.8100000000000023,35,2370.0,,
97825.0,0.28999999999999915,38,2341.0,,
97830.0,1.5599999999999987,38,2185.0,,
97835.0,0.010000000000001563,35,2184.0,,
97840.0,0.4499999999999993,36,2139.0,,
97845.0,-0.370000000000001,37,2176.0,,
97850.0,0.8500000000000014,31,2091.0,,
97855.0,0.16000000000000014,27,2075.0,,
97860.0,1.0300000000000011,27,1972.0,,
97865.0,0.3099999999999987,26,1941.0,,
97870.0,0.48999999999999844,25,1892.0,,
97875.0,0.08000000000000185,30,1884.0,,
97880.0,-0.3000000000000007,35,1914.0,,
97885.0,0.8399999999999999,34,1830.0,,
97890.0,1.0,32,1730.0,,
97895.0,1.67,28,1563.0,,
97900.0,0.22000000000000064,25,1541.0,,
97905.0,1.1999999999999993,27,1421.0,,
97910.0,-0.48999999999999844,26,1470.0,,
97915.0,0.5099999999999998,28,1419.0,,
97920.0,-0.5700000000000003,29,1476.0,,
97925.0,0.2599999999999998,30,1450.0,,
97930.0,1.4499999999999993,30,1305.0,,
97935.0,0.6400000000000006,24,1241.0,,
97940.0,2.2200000000000006,20,1019.0,,
97945.0,-0.15000000000000036,20,1034.0,,
97950.0,0.3200000000000003,20,1002.0,,
97955.0,0.0,18,1002.0,,
97960.0,0.019999999999999574,19,1000.0,,
97965.0,-0.6099999999999994,25,1061.0,,
97970.0,-0.47000000000000064,28,1108.0,,
97975.0,-0.02999999999999936,26,1111.0,,
97980.0,0.02999999999999936,22,1108.0,,
97985.0,0.4299999999999997,26,1065.0,,
97990.0,-0.4599999999999991,24,1111.0,,
97995.0,0.2699999999999996,25,1084.0,,
98000.0,-0.5600000000000005,21,1140.0,,
98005.0,-0.34999999999999964,22,1175.0,,
98010.0,-0.39000000000000057,22,1214.0,,
98015.0,0.120000000000001,19,1202.0,,
98020.0,0.5299999999999994,19,1149.0,,
98025.0,0.2599999999999998,18,1123.0,,
98030.0,-0.29999999999999893,19,1153.0,,
98035.0,0.06999999999999851,20,1146.0,,
98040.0,-0.4599999999999991,17,1192.0,,
98045.0,-0.5299999999999994,19,1245.0,,
98050.0,-0.4300000000000015,21,1288.0,,
98055.0,-0.019999999999999574,23,1290.0,,
98060.0,3.1799999999999997,21,972.0,,
98065.0,3.5300000000000002,21,619.0,,
98070.0,-0.2999999999999998,22,649.0,,
98075.0,0.16999999999999993,18,632.0,,
98080.0,0.11000000000000032,13,621.0,,
98085.0,-0.16999999999999993,14,638.0,,
98090.0,-0.35000000000000053,20,673.0,,
98095.0,-0.10999999999999943,18,684.0,,
98100.0,0.8300000000000001,10,601.0,,
98105.0,1.6799999999999997,13,433.0,,
98110.0,1.04,17,329.0,,
98115.0,-0.43000000000000016,19,372.0,,
98120.0,-0.04999999999999982,20,377.0,,
98125.0,0.18000000000000016,18,359.0,,
98130.0,-0.6299999999999999,21,422.0,,
98135.0,-0.33000000000000007,17,455.0,,
98140.0,-0.4900000000000002,18,504.0,,
98145.0,-0.5999999999999996,18,564.0,,
98150.0,-0.6699999999999999,20,631.0,,
98155.0,0.3299999999999992,15,598.0,,
98160.0,1.25,14,473.0,,
98165.0,-0.6899999999999995,19,542.0,,
98170.0,-0.8399999999999999,23,626.0,,
98175.0,0.1299999999999999,20,613.0,,
98180.0,1.38,20,475.0,,
98185.0,-0.7400000000000002,23,549.0,,
98190.0,-0.7400000000000002,22,623.0,,
98195.0,-0.5999999999999996,21,683.0,,
98200.0,-0.8099999999999996,21,764.0,,
98205.0,-0.9500000000000002,24,859.0,,
98210.0,-1.120000000000001,26,971.0,,
98215.0,-1.25,26,1096.0,,
98220.0,0.46000000000000085,24,1050.0,,
98225.0,1.67,20,883.0,,
98230.0,-0.8499999999999996,22,968.0,,
98235.0,-0.8300000000000001,27,1051.0,,
98240.0,-0.20000000000000107,25,1071.0,,
98245.0,0.26000000000000156,27,1045.0,,
98250.0,-1.17,29,1162.0,,
98255.0,-1.0100000000000016,30,1263.0,,
98260.0,0.4300000000000015,25,1220.0,,
98265.0,1.9399999999999995,19,1026.0,,
98270.0,-0.05000000000000071,20,1031.0,,
98275.0,-0.5399999999999991,24,1085.0,,
98280.0,-0.09999999999999964,26,1095.0,,
98285.0,0.3899999999999988,24,1056.0,,
98290.0,-0.5,23,1106.0,,
98295.0,-0.5199999999999996,26,1158.0,,
98300.0,-0.6799999999999997,24,1226.0,,
98305.0,-0.8800000000000008,27,1314.0,,
98310.0,0.11000000000000121,25,1303.0,,
98315.0,0.9499999999999993,25,1208.0,,
98320.0,-1.209999999999999,30,1329.0,,
98325.0,-1.0600000000000005,29,1435.0,,
98330.0,-0.9700000000000006,28,1532.0,,
98335.0,-1.0500000000000007,27,1637.0,,
98340.0,3.0100000000000016,24,1336.0,,
98345.0,2.719999999999999,33,1064.0,,
98350.0,-1.5099999999999998,36,1215.0,,
98355.0,-1.33,34,1348.0,,
98360.0,0.39000000000000057,25,1309.0,,
98365.0,2.01,22,1108.0,,
98370.0,-0.8100000000000005,22,1189.0,,
98375.0,-0.5800000000000001,24,1247.0,,
98380.0,0.25,27,1222.0,,
98385.0,0.7400000000000002,28,1148.0,,
98390.0,-0.7899999999999991,31,1227.0,,
98395.0,-0.8900000000000006,29,1316.0,,
98400.0,0.75,25,1241.0,,
98405.0,2.4800000000000004,21,993.0,,
98410.0,0.34999999999999964,15,958.0,,
98415.0,-0.16000000000000014,23,974.0,,
98420.0,0.2699999999999996,26,947.0,,
98425.0,1.2599999999999998,24,821.0,,
98430.0,-0.22999999999999865,21,844.0,,
98435.0,-0.5999999999999996,26,904.0,,
98440.0,-0.4300000000000015,28,947.0,,
98445.0,0.27000000000000135,23,920.0,,
98450.0,-0.5400000000000009,27,974.0,,
98455.0,-0.6699999999999999,30,1041.0,,
98460.0,0.7900000000000009,25,962.0,,
98465.0,1.4799999999999986,22,814.0,,
98470.0,-0.7899999999999991,26,893.0,,
98475.0,-0.6699999999999999,27,960.0,,
98480.0,-0.47000000000000064,24,1007.0,,
98485.0,-0.8399999999999999,27,1091.0,,
98490.0,-1.1799999999999997,31,1209.0,,
98495.0,-1.4000000000000004,33,1349.0,,
98500.0,-0.2699999999999996,29,1376.0,,
98505.0,0.9199999999999999,26,1284.0,,
98510.0,-1.0899999999999999,26,1393.0,,
98515.0,-1.0999999999999996,28,1503.0,,
98520.0,0.7099999999999991,24,1432.0,,
98525.0,1.5,26,1282.0,,
98530.0,-0.5899999999999999,30,1341.0,,
98535.0,-1.1899999999999995,31,1460.0,,
98540.0,-1.25,32,1585.0,,
98545.0,-1.4399999999999995,32,1729.0,,
98550.0,-1.490000000000002,32,1878.0,,
98555.0,-1.5899999999999999,34,2037.0,,
98560.0,0.16000000000000014,35,2021.0,,
98565.0,1.9400000000000013,31,1827.0,,
98570.0,0.09999999999999787,28,1817.0,,
98575.0,-1.1099999999999994,29,1928.0,,
98580.0,0.38000000000000256,28,1890.0,,
98585.0,1.1600000000000001,31,1774.0,,
98590.0,-1.0200000000000031,37,1876.0,,
98595.0,-1.4199999999999982,38,2018.0,,
98600.0,-1.4699999999999989,37,2165.0,,
98605.0,2.6099999999999994,34,1904.0,,
98610.0,3.0,36,1604.0,,
98615.0,-1.6900000000000013,39,1773.0,,
98620.0,-1.3200000000000003,35,1905.0,,
98625.0,-1.3599999999999994,35,2041.0,,
98630.0,0.6999999999999993,36,1971.0,,
98635.0,2.460000000000001,35,1725.0,,
98640.0,-1.4200000000000017,31,1867.0,,
98645.0,-1.0999999999999979,30,1977.0,,
98650.0,0.2699999999999996,31,1950.0,,
98655.0,1.4200000000000017,35,1808.0,,
98660.0,-0.9500000000000028,40,1903.0,,
98665.0,-1.4599999999999973,42,2049.0,,
98670.0,0.5599999999999987,39,1993.0,,
98675.0,2.4899999999999984,34,1744.0,,
98680.0,-1.1499999999999986,29,1859.0,,
98685.0,-0.6499999999999986,27,1924.0,,
98690.0,0.7799999999999976,29,1846.0,,
98695.0,2.039999999999999,31,1642.0,,
98700.0,-0.259999999999998,26,1668.0,,
98705.0,-0.6900000000000013,30,1737.0,,
98710.0,0.28000000000000114,30,1709.0,,
98715.0,1.2699999999999996,34,1582.0,,
98720.0,1.1899999999999995,33,1463.0,,
98725.0,1.58,37,1305.0,,
98730.0,-1.08,34,1413.0,,
98735.0,-0.5499999999999989,34,1468.0,,
98740.0,-0.4900000000000002,38,1517.0,,
98745.0,0.33000000000000007,28,1484.0,,
98750.0,-0.6099999999999994,26,1545.0,,
98755.0,-0.16999999999999993,28,1562.0,,
98760.0,0.4299999999999997,25,1519.0,,
98765.0,0.9799999999999986,25,1421.0,,
98770.0,-0.8099999999999987,28,1502.0,,
98775.0,-0.45000000000000107,33,1547.0,,
98780.0,-0.1899999999999995,32,1566.0,,
98785.0,-0.6400000000000006,32,1630.0,,
98790.0,2.33,26,1397.0,,
98795.0,1.9600000000000009,34,1201.0,,
98800.0,-1.1400000000000006,33,1315.0,,
98805.0,-0.9599999999999991,32,1411.0,,
98810.0,0.3899999999999988,27,1372.0,,
98815.0,2.280000000000001,27,1144.0,,
98820.0,1.7899999999999991,27,965.0,,
98825.0,-1.0099999999999998,29,1066.0,,
98830.0,-0.8699999999999992,34,1153.0,,
98835.0,0.16000000000000014,32,1137.0,,
98840.0,1.0699999999999985,27,1030.0,,
98845.0,-0.9100000000000001,27,1121.0,,
98850.0,-0.6999999999999993,31,1191.0,,
98855.0,0.08999999999999986,28,1182.0,,
98860.0,1.4299999999999997,23,1039.0,,
98865.0,1.25,26,914.0,,
98870.0,-0.7299999999999986,28,987.0,,
98875.0,-0.07000000000000028,30,994.0,,
98880.0,0.10999999999999943,28,983.0,,
98885.0,0.8300000000000001,26,900.0,,
98890.0,-0.5099999999999998,21,951.0,,
98895.0,-0.02999999999999936,24,954.0,,
98900.0,0.129999999999999,20,941.0,,
98905.0,0.6699999999999999,17,874.0,,
98910.0,-0.08000000000000007,19,882.0,,
98915.0,0.17999999999999972,20,864.0,,
98920.0,-0.009999999999999787,24,865.0,,
98925.0,0.3600000000000012,22,829.0,,
98930.0,-0.6100000000000012,28,890.0,,
98935.0,-0.0600000000000005,26,896.0,,
98940.0,0.3200000000000003,21,864.0,,
98945.0,0.620000000000001,18,802.0,,
98950.0,0.28999999999999915,15,773.0,,
98955.0,0.46000000000000085,17,727.0,,
98960.0,-0.22000000000000064,15,749.0,,
98965.0,-0.29000000000000004,20,778.0,,
98970.0,-0.5599999999999996,21,834.0,,
98975.0,-0.35999999999999943,20,870.0,,
98980.0,0.3199999999999985,15,838.0,,
98985.0,0.7500000000000009,18,763.0,,
98990.0,-0.580000000000001,20,821.0,,
98995.0,-0.34999999999999964,25,856.0,,
99000.0,-0.5099999999999998,23,907.0,,
99005.0,-0.27999999999999936,20,935.0,,
99010.0,-0.07000000000000028,23,942.0,,
99015.0,-1.0099999999999998,27,1043.0,,
99020.0,-0.7200000000000006,22,1115.0,,
99025.0,-0.629999999999999,25,1178.0,,
99030.0,-1.0300000000000011,25,1281.0,,
99035.0,-1.1099999999999994,27,1392.0,,
99040.0,-1.25,27,1517.0,,
99045.0,0.20999999999999908,24,1496.0,,
99050.0,1.4100000000000001,22,1355.0,,
99055.0,0.11000000000000121,19,1344.0,,
99060.0,-0.7900000000000009,22,1423.0,,
99065.0,-0.1899999999999995,25,1442.0,,
99070.0,0.17999999999999972,25,1424.0,,
99075.0,-1.1999999999999993,31,1544.0,,
99080.0,-1.0299999999999994,27,1647.0,,
99085.0,3.5599999999999987,24,1291.0,,
99090.0,4.029999999999999,24,888.0,,
99095.0,-0.8199999999999985,28,970.0,,
99100.0,-0.8200000000000003,27,1052.0,,
99105.0,0.629999999999999,22,989.0,,
99110.0,1.790000000000001,20,810.0,,
99115.0,-0.6400000000000006,19,874.0,,
99120.0,-0.4299999999999997,23,917.0,,
99125.0,0.2599999999999998,21,891.0,,
99130.0,1.13,20,778.0,,
99135.0,-0.41999999999999904,23,820.0,,
99140.0,-0.5800000000000001,27,878.0,,
99145.0,0.47999999999999865,23,830.0,,
99150.0,0.910000000000001,22,739.0,,
99155.0,-0.8500000000000005,25,824.0,,
99160.0,-0.6400000000000006,26,888.0,,
99165.0,-0.6199999999999992,24,950.0,,
99170.0,-0.7400000000000002,26,1024.0,,
99175.0,-1.1600000000000001,28,1140.0,,
99180.0,0.1899999999999995,24,1121.0,,
99185.0,1.3900000000000006,22,982.0,,
99190.0,-0.20999999999999908,21,1003.0,,
99195.0,-0.8100000000000005,22,1084.0,,
99200.0,0.4399999999999995,21,1040.0,,
99205.0,0.9299999999999997,27,947.0,,
99210.0,-1.1600000000000001,29,1063.0,,
99215.0,-1.0699999999999985,31,1170.0,,
99220.0,0.09999999999999964,26,1160.0,,
99225.0,1.129999999999999,24,1047.0,,
99230.0,-0.5299999999999994,23,1100.0,,
99235.0,-0.6199999999999992,23,1162.0,,
99240.0,0.03999999999999915,21,1158.0,,
99245.0,0.7799999999999994,25,1080.0,,
99250.0,-0.8699999999999992,24,1167.0,,
99255.0,-0.5199999999999996,27,1219.0,,
99260.0,0.4399999999999995,20,1175.0,,
99265.0,0.8399999999999999,25,1091.0,,
99270.0,-0.7799999999999994,24,1169.0,,
99275.0,-0.5400000000000009,22,1223.0,,
99280.0,-0.6699999999999999,27,1290.0,,
99285.0,-1.1399999999999988,31,1404.0,,
99290.0,-1.370000000000001,30,1541.0,,
99295.0,-1.4199999999999982,30,1683.0,,
99300.0,-0.120000000000001,27,1695.0,,
99305.0,1.17,23,1578.0,,
99310.0,-1.1199999999999992,26,1690.0,,
99315.0,-1.120000000000001,34,1802.0,,
99320.0,-0.1700000000000017,28,1819.0,,
99325.0,0.7300000000000004,29,1746.0,,
99330.0,-0.5599999999999987,30,1802.0,,
99335.0,-1.1700000000000017,33,1919.0,,
99340.0,-1.1699999999999982,30,2036.0,,
99345.0,3.4499999999999993,27,1691.0,,
99350.0,4.1,33,1281.0,,
99355.0,-1.5999999999999996,38,1441.0,,
99360.0,-1.4499999999999993,36,1586.0,,
99365.0,0.29999999999999893,32,1556.0,,
99370.0,2.09,27,1347.0,,
99375.0,0.0,24,1347.0,,
99380.0,-0.6899999999999995,26,1416.0,,
99385.0,0.14000000000000057,33,1402.0,,
99390.0,0.6899999999999995,32,1333.0,,
99395.0,-1.2200000000000006,34,1455.0,,
99400.0,-0.9599999999999991,33,1551.0,,
99405.0,0.379999999999999,29,1513.0,,
99410.0,2.0900000000000016,24,1304.0,,
99415.0,-0.6300000000000008,19,1367.0,,
99420.0,-0.27999999999999936,23,1395.0,,
99425.0,0.3899999999999988,28,1356.0,,
99430.0,1.2100000000000009,28,1235.0,,
99435.0,-0.9000000000000004,28,1325.0,,
99440.0,-0.6600000000000001,29,1391.0,,
99445.0,0.2900000000000009,28,1362.0,,
99450.0,1.4699999999999989,30,1215.0,,
99455.0,-1.129999999999999,32,1328.0,,
99460.0,-0.8800000000000008,33,1416.0,,
99465.0,0.040000000000000924,31,1412.0,,
99470.0,1.08,26,1304.0,,
99475.0,0.3299999999999983,21,1271.0,,
99480.0,-0.2699999999999996,22,1298.0,,
99485.0,-0.11999999999999922,24,1310.0,,
99490.0,0.3899999999999988,22,1271.0,,
99495.0,-0.5699999999999985,28,1328.0,,
99500.0,-0.8399999999999999,29,1412.0,,
99505.0,0.28999999999999915,27,1383.0,,
99510.0,1.4900000000000002,27,1234.0,,
99515.0,-1.0700000000000003,29,1341.0,,
99520.0,-0.8599999999999994,29,1427.0,,
99525.0,-0.75,28,1502.0,,
99530.0,-1.0300000000000011,30,1605.0,,
99535.0,2.8200000000000003,26,1323.0,,
99540.0,3.3900000000000006,32,984.0,,
99545.0,-1.5,34,1134.0,,
99550.0,-1.08,32,1242.0,,
99555.0,0.009999999999999787,25,1241.0,,
99560.0,0.7900000000000009,28,1162.0,,
99565.0,-1.1400000000000006,29,1276.0,,
99570.0,-1.0999999999999996,32,1386.0,,
99575.0,0.6199999999999992,29,1324.0,,
99580.0,2.26,25,1098.0,,
99585.0,0.019999999999999574,20,1096.0,,
99590.0,-0.4499999999999993,22,1141.0,,
99595.0,0.6300000000000008,23,1078.0,,
99600.0,1.8899999999999988,25,889.0,,
99605.0,-0.11999999999999922,23,901.0,,
99610.0,-0.5400000000000009,25,955.0,,
99615.0,0.120000000000001,26,943.0,,
99620.0,0.5600000000000005,26,887.0,,
99625.0,-0.47000000000000064,29,934.0,,
99630.0,-0.7200000000000006,26,1006.0,,
99635.0,0.8300000000000001,20,923.0,,
99640.0,1.62,18,761.0,,
99645.0,-0.13999999999999968,19,775.0,,
99650.0,-0.25,21,800.0,,
99655.0,-0.08000000000000007,20,808.0,,
99660.0,0.4900000000000002,20,759.0,,
99665.0,-0.3799999999999999,22,797.0,,
99670.0,-0.11000000000000032,23,808.0,,
99675.0,0.08999999999999986,24,799.0,,
99680.0,0.6100000000000003,24,738.0,,
99685.0,-0.5300000000000002,27,791.0,,
99690.0,-0.7099999999999991,25,862.0,,
99695.0,-0.0600000000000005,19,868.0,,
99700.0,1.17,19,751.0,,
99705.0,-0.3600000000000003,20,787.0,,
99710.0,-0.46999999999999975,23,834.0,,
99715.0,-0.3100000000000005,21,865.0,,
99720.0,-0.2699999999999996,22,892.0,,
99725.0,-0.5099999999999998,22,943.0,,
99730.0,-0.45000000000000107,22,988.0,,
99735.0,2.360000000000001,18,752.0,,
99740.0,1.3399999999999999,22,618.0,,
99745.0,-1.3500000000000005,32,753.0,,
99750.0,-1.2399999999999993,35,877.0,,
99755.0,-0.7100000000000009,31,948.0,,
99760.0,0.08999999999999986,32,939.0,,
99765.0,1.6900000000000004,24,770.0,,
99770.0,-0.5499999999999998,22,825.0,,
99775.0,-0.1999999999999993,22,845.0,,
99780.0,0.4299999999999997,16,802.0,,
99785.0,0.9399999999999995,20,708.0,,
99790.0,-0.54,22,762.0,,
99795.0,-0.25,24,787.0,,
99800.0,0.25,21,762.0,,
99805.0,0.46999999999999975,24,715.0,,
99810.0,-0.6599999999999993,24,781.0,,
99815.0,-0.17000000000000082,23,798.0,,
99820.0,0.2400000000000002,23,774.0,,
99825.0,0.8700000000000001,18,687.0,,
99830.0,0.2999999999999998,19,657.0,,
99835.0,0.08999999999999986,21,648.0,,
99840.0,-0.09999999999999964,18,658.0,,
99845.0,-0.15000000000000036,20,673.0,,
99850.0,-0.3099999999999996,20,704.0,,
99855.0,-0.17999999999999972,24,722.0,,
99860.0,0.45999999999999996,21,676.0,,
99865.0,1.04,19,572.0,,
99870.0,-0.5200000000000005,21,624.0,,
99875.0,-0.25,21,649.0,,
99880.0,-0.1200000000000001,17,661.0,,
99885.0,0.15000000000000036,17,646.0,,
99890.0,-0.54,22,700.0,,
99895.0,-0.11000000000000032,23,711.0,,
99900.0,0.2400000000000002,15,687.0,,
99905.0,0.3799999999999999,18,649.0,,
99910.0,-0.3099999999999996,19,680.0,,
99915.0,-0.2400000000000002,18,704.0,,
99920.0,-0.20000000000000018,17,724.0,,
99925.0,-0.5099999999999998,18,775.0,,
99930.0,2.0599999999999996,17,569.0,,
99935.0,0.6200000000000001,21,507.0,,
99940.0,-0.9799999999999995,23,605.0,,
99945.0,-0.7599999999999998,21,681.0,,
99950.0,0.4499999999999993,16,636.0,,
99955.0,1.3100000000000005,14,505.0,,
99960.0,-0.6299999999999999,19,568.0,,
99965.0,-0.5700000000000003,24,625.0,,
99970.0,0.03000000000000025,19,622.0,,
99975.0,0.7000000000000002,21,552.0,,
99980.0,-0.7600000000000007,23,628.0,,
99985.0,-0.54,23,682.0,,
99990.0,0.3700000000000001,20,645.0,,
99995.0,1.5700000000000003,16,488.0,,
100000.0,-1.0600000000000005,25,594.0,,
100005.0,-1.75,39,769.0,"{'r': -7.69, 'l': 20001, 't': 314.487475}","[0.         1.         0.         0.         1.         0.15850651
 0.         0.8982036  0.36984855 0.26417753 0.         0.9510391
 0.21134202 0.15850651 0.         0.5811906  0.26417753 0.26417753
 0.         0.63402605 0.15850651]"
